Generacion 1
	Solucion: 33 202 112 84 164 35 32 29 147 133 216 18 46 22 249 113 180 127 30 160 101 11 248 20 117 39 2 74 94 200 93 60 244 146 77 152 185 63 206 55 105 255 215 53 17 9 238 0 68 225 119 58 153 73 8 211 224 207 38 182 1 198 52 15 163 79 212 252 192 82 103 118 137 150 122 85 176 64 106 203 230 253 142 172 81 155 205 144 251 234 246 42 220 45 80 157 188 161 132 12 223 231 136 236 166 167 181 121 59 115 187 254 56 241 107 123 87 240 228 169 243 209 184 135 174 99 70 201 145 6 235 208 183 149 65 24 177 239 226 139 98 151 131 91 90 7 27 71 250 43 199 111 76 210 41 28 102 109 158 233 197 3 204 125 92 116 186 57 124 159 189 214 173 104 130 19 95 69 89 4 219 100 48 34 148 83 156 194 193 213 114 191 170 171 110 120 97 5 218 44 221 72 140 88 227 61 26 143 247 108 37 128 175 217 40 13 25 75 21 232 23 47 168 162 138 165 14 222 86 242 96 141 67 66 62 51 36 195 245 16 178 196 10 50 179 54 31 190 49 229 154 126 78 129 134 237 
	Fitness: 51529956
	Fitness BL: 44923792

Generacion 2
	Solucion: 31 174 101 93 216 64 89 167 229 166 4 213 242 46 239 217 214 203 249 254 232 79 87 128 173 90 208 47 59 103 176 52 189 32 171 215 30 100 120 183 106 248 71 251 88 58 162 131 170 219 97 218 109 99 36 122 105 27 95 164 134 250 226 139 98 123 244 157 124 222 153 74 19 155 126 45 51 6 130 61 25 184 35 158 132 196 228 111 163 41 69 67 85 236 78 234 110 70 10 178 8 108 65 241 212 9 227 48 7 194 168 73 172 16 5 240 116 210 137 198 53 24 140 37 18 187 40 68 145 181 190 245 86 197 82 191 179 39 96 22 62 44 136 243 28 150 206 230 114 200 156 141 160 238 204 23 221 207 135 50 92 201 56 104 80 186 138 175 152 169 125 151 119 193 113 12 143 185 144 121 202 17 83 255 11 180 211 33 91 182 26 115 20 2 76 127 72 247 225 57 165 112 102 14 209 117 15 246 38 161 66 54 13 188 43 195 49 205 34 84 1 223 60 55 231 75 118 129 107 146 253 133 0 154 29 3 21 94 42 177 252 63 77 142 220 237 192 224 159 149 199 148 81 235 147 233 
	Fitness: 52858370
	Fitness BL: 44879880

Generacion 3
	Solucion: 122 140 121 4 164 53 118 216 124 14 158 27 201 115 203 200 180 182 143 160 88 221 173 120 76 152 97 198 197 239 184 162 13 110 19 254 80 96 104 119 134 230 26 194 77 145 208 218 178 172 236 168 83 248 105 190 64 108 17 207 123 65 195 147 66 212 100 71 45 92 250 235 113 70 171 36 106 32 165 214 72 155 111 240 222 58 57 237 78 233 50 245 132 154 18 30 9 63 151 246 211 223 116 98 25 107 79 130 41 90 1 51 3 159 125 68 205 225 131 23 187 46 196 174 0 199 226 85 29 133 176 149 24 169 117 213 206 37 188 209 251 179 191 31 22 55 210 73 93 243 48 99 247 185 137 43 67 127 161 224 141 181 241 86 215 229 244 189 253 177 39 101 138 28 232 150 102 35 220 38 44 146 170 252 202 60 153 94 7 20 52 167 227 69 81 59 2 87 12 11 47 49 238 61 234 129 255 228 34 109 231 128 84 74 5 175 183 157 21 10 56 136 249 82 193 112 54 6 142 242 204 75 95 144 62 135 139 166 217 16 186 91 156 15 163 148 103 89 114 219 192 126 42 33 8 40 
	Fitness: 52152592
	Fitness BL: 44877404

Generacion 4
	Solucion: 122 140 121 4 164 53 118 216 124 14 158 27 201 115 203 200 180 182 143 160 88 221 173 120 76 152 97 198 197 239 184 162 13 110 19 254 80 96 104 119 134 230 26 194 77 145 208 218 178 172 236 168 83 248 105 190 64 108 17 207 123 65 195 147 66 212 100 71 45 92 250 235 113 70 171 36 106 32 165 214 72 155 111 240 222 58 57 237 78 233 50 245 132 154 18 30 9 63 151 246 211 223 116 98 25 107 79 130 41 90 1 51 3 159 125 68 205 225 131 23 187 46 196 174 0 199 226 85 29 133 176 149 24 169 117 213 206 37 188 209 251 179 191 31 22 55 210 73 93 243 48 99 247 185 137 43 67 127 161 224 141 181 241 86 215 229 244 189 253 177 39 101 138 28 232 150 102 35 220 38 44 146 170 252 202 60 153 94 7 20 52 167 227 69 81 59 2 87 12 11 47 49 238 61 234 129 255 228 34 109 231 128 84 74 5 175 183 157 21 10 56 136 249 82 193 112 54 6 142 242 204 75 95 144 62 135 139 166 217 16 186 91 156 15 163 148 103 89 114 219 192 126 42 33 8 40 
	Fitness: 52152592
	Fitness BL: 44877404

Generacion 5
	Solucion: 209 230 167 221 243 133 70 77 21 225 54 187 202 238 46 93 91 175 17 194 242 40 129 125 135 11 64 149 13 73 231 68 126 219 52 190 172 4 65 34 118 101 3 62 198 20 158 139 228 176 156 38 160 132 244 47 186 74 31 63 218 85 89 25 108 120 163 237 56 6 161 192 245 180 29 55 119 143 15 123 217 208 53 49 203 79 19 153 12 10 229 112 37 109 28 249 80 36 236 114 107 59 226 232 128 142 144 113 69 102 50 251 233 5 205 99 148 141 220 67 117 227 145 87 100 131 162 206 146 196 183 178 1 223 7 195 222 32 84 234 98 45 184 213 14 44 94 246 250 106 155 188 88 201 200 43 182 23 154 136 103 252 204 121 157 78 92 159 42 33 130 216 127 35 18 83 138 39 253 57 116 174 48 105 124 212 177 239 193 104 248 26 170 30 199 41 97 27 210 181 90 254 140 76 150 61 191 152 165 111 66 169 241 58 72 173 81 95 224 75 255 214 96 147 215 8 86 71 16 134 179 197 115 60 24 110 22 51 2 207 137 247 151 0 211 122 168 171 189 164 240 235 82 166 9 185 
	Fitness: 53654278
	Fitness BL: 44861170

Generacion 6
	Solucion: 209 230 167 221 243 133 70 77 21 225 54 187 202 238 46 93 91 175 17 194 242 40 129 125 135 11 64 149 13 73 231 68 126 219 52 190 172 4 65 34 118 101 3 62 198 20 158 139 228 176 156 38 160 132 244 47 186 74 31 63 218 85 89 25 108 120 163 237 56 6 161 192 245 180 29 55 119 143 15 123 217 208 53 49 203 79 19 153 12 10 229 112 37 109 28 249 80 36 236 114 107 59 226 232 128 142 144 113 69 102 50 251 233 5 205 99 148 141 220 67 117 227 145 87 100 131 162 206 146 196 183 178 1 223 7 195 222 32 84 234 98 45 184 213 14 44 94 246 250 106 155 188 88 201 200 43 182 23 154 136 103 252 204 121 157 78 92 159 42 33 130 216 127 35 18 83 138 39 253 57 116 174 48 105 124 212 177 239 193 104 248 26 170 30 199 41 97 27 210 181 90 254 140 76 150 61 191 152 165 111 66 169 241 58 72 173 81 95 224 75 255 214 96 147 215 8 86 71 16 134 179 197 115 60 24 110 22 51 2 207 137 247 151 0 211 122 168 171 189 164 240 235 82 166 9 185 
	Fitness: 53654278
	Fitness BL: 44861170

Generacion 7
	Solucion: 209 230 167 221 243 133 70 77 21 225 54 187 202 238 46 93 91 175 17 194 242 40 129 125 135 11 64 149 13 73 231 68 126 219 52 190 172 4 65 34 118 101 3 62 198 20 158 139 228 176 156 38 160 132 244 47 186 74 31 63 218 85 89 25 108 120 163 237 56 6 161 192 245 180 29 55 119 143 15 123 217 208 53 49 203 79 19 153 12 10 229 112 37 109 28 249 80 36 236 114 107 59 226 232 128 142 144 113 69 102 50 251 233 5 205 99 148 141 220 67 117 227 145 87 100 131 162 206 146 196 183 178 1 223 7 195 222 32 84 234 98 45 184 213 14 44 94 246 250 106 155 188 88 201 200 43 182 23 154 136 103 252 204 121 157 78 92 159 42 33 130 216 127 35 18 83 138 39 253 57 116 174 48 105 124 212 177 239 193 104 248 26 170 30 199 41 97 27 210 181 90 254 140 76 150 61 191 152 165 111 66 169 241 58 72 173 81 95 224 75 255 214 96 147 215 8 86 71 16 134 179 197 115 60 24 110 22 51 2 207 137 247 151 0 211 122 168 171 189 164 240 235 82 166 9 185 
	Fitness: 53654278
	Fitness BL: 44861170

Generacion 8
	Solucion: 209 230 167 221 243 133 70 77 21 225 54 187 202 238 46 93 91 175 17 194 242 40 129 125 135 11 64 149 13 73 231 68 126 219 52 190 172 4 65 34 118 101 3 62 198 20 158 139 228 176 156 38 160 132 244 47 186 74 31 63 218 85 89 25 108 120 163 237 56 6 161 192 245 180 29 55 119 143 15 123 217 208 53 49 203 79 19 153 12 10 229 112 37 109 28 249 80 36 236 114 107 59 226 232 128 142 144 113 69 102 50 251 233 5 205 99 148 141 220 67 117 227 145 87 100 131 162 206 146 196 183 178 1 223 7 195 222 32 84 234 98 45 184 213 14 44 94 246 250 106 155 188 88 201 200 43 182 23 154 136 103 252 204 121 157 78 92 159 42 33 130 216 127 35 18 83 138 39 253 57 116 174 48 105 124 212 177 239 193 104 248 26 170 30 199 41 97 27 210 181 90 254 140 76 150 61 191 152 165 111 66 169 241 58 72 173 81 95 224 75 255 214 96 147 215 8 86 71 16 134 179 197 115 60 24 110 22 51 2 207 137 247 151 0 211 122 168 171 189 164 240 235 82 166 9 185 
	Fitness: 53654278
	Fitness BL: 44861170

Generacion 9
	Solucion: 209 230 167 221 243 133 70 77 21 225 54 187 202 238 46 93 91 175 17 194 242 40 129 125 135 11 64 149 13 73 231 68 126 219 52 190 172 4 65 34 118 101 3 62 198 20 158 139 228 176 156 38 160 132 244 47 186 74 31 63 218 85 89 25 108 120 163 237 56 6 161 192 245 180 29 55 119 143 15 123 217 208 53 49 203 79 19 153 12 10 229 112 37 109 28 249 80 36 236 114 107 59 226 232 128 142 144 113 69 102 50 251 233 5 205 99 148 141 220 67 117 227 145 87 100 131 162 206 146 196 183 178 1 223 7 195 222 32 84 234 98 45 184 213 14 44 94 246 250 106 155 188 88 201 200 43 182 23 154 136 103 252 204 121 157 78 92 159 42 33 130 216 127 35 18 83 138 39 253 57 116 174 48 105 124 212 177 239 193 104 248 26 170 30 199 41 97 27 210 181 90 254 140 76 150 61 191 152 165 111 66 169 241 58 72 173 81 95 224 75 255 214 96 147 215 8 86 71 16 134 179 197 115 60 24 110 22 51 2 207 137 247 151 0 211 122 168 171 189 164 240 235 82 166 9 185 
	Fitness: 53654278
	Fitness BL: 44861170

Generacion 10
	Solucion: 209 230 167 221 243 133 70 77 21 225 54 187 202 238 46 93 91 175 17 194 242 40 129 125 135 11 64 149 13 73 231 68 126 219 52 190 172 4 65 34 118 101 3 62 198 20 158 139 228 176 156 38 160 132 244 47 186 74 31 63 218 85 89 25 108 120 163 237 56 6 161 192 245 180 29 55 119 143 15 123 217 208 53 49 203 79 19 153 12 10 229 112 37 109 28 249 80 36 236 114 107 59 226 232 128 142 144 113 69 102 50 251 233 5 205 99 148 141 220 67 117 227 145 87 100 131 162 206 146 196 183 178 1 223 7 195 222 32 84 234 98 45 184 213 14 44 94 246 250 106 155 188 88 201 200 43 182 23 154 136 103 252 204 121 157 78 92 159 42 33 130 216 127 35 18 83 138 39 253 57 116 174 48 105 124 212 177 239 193 104 248 26 170 30 199 41 97 27 210 181 90 254 140 76 150 61 191 152 165 111 66 169 241 58 72 173 81 95 224 75 255 214 96 147 215 8 86 71 16 134 179 197 115 60 24 110 22 51 2 207 137 247 151 0 211 122 168 171 189 164 240 235 82 166 9 185 
	Fitness: 53654278
	Fitness BL: 44861170

Generacion 11
	Solucion: 209 230 167 221 243 133 70 77 21 225 54 187 202 238 46 93 91 175 17 194 242 40 129 125 135 11 64 149 13 73 231 68 126 219 52 190 172 4 65 34 118 101 3 62 198 20 158 139 228 176 156 38 160 132 244 47 186 74 31 63 218 85 89 25 108 120 163 237 56 6 161 192 245 180 29 55 119 143 15 123 217 208 53 49 203 79 19 153 12 10 229 112 37 109 28 249 80 36 236 114 107 59 226 232 128 142 144 113 69 102 50 251 233 5 205 99 148 141 220 67 117 227 145 87 100 131 162 206 146 196 183 178 1 223 7 195 222 32 84 234 98 45 184 213 14 44 94 246 250 106 155 188 88 201 200 43 182 23 154 136 103 252 204 121 157 78 92 159 42 33 130 216 127 35 18 83 138 39 253 57 116 174 48 105 124 212 177 239 193 104 248 26 170 30 199 41 97 27 210 181 90 254 140 76 150 61 191 152 165 111 66 169 241 58 72 173 81 95 224 75 255 214 96 147 215 8 86 71 16 134 179 197 115 60 24 110 22 51 2 207 137 247 151 0 211 122 168 171 189 164 240 235 82 166 9 185 
	Fitness: 53654278
	Fitness BL: 44861170

Generacion 12
	Solucion: 209 230 167 221 243 133 70 77 21 225 54 187 202 238 46 93 91 175 17 194 242 40 129 125 135 11 64 149 13 73 231 68 126 219 52 190 172 4 65 34 118 101 3 62 198 20 158 139 228 176 156 38 160 132 244 47 186 74 31 63 218 85 89 25 108 120 163 237 56 6 161 192 245 180 29 55 119 143 15 123 217 208 53 49 203 79 19 153 12 10 229 112 37 109 28 249 80 36 236 114 107 59 226 232 128 142 144 113 69 102 50 251 233 5 205 99 148 141 220 67 117 227 145 87 100 131 162 206 146 196 183 178 1 223 7 195 222 32 84 234 98 45 184 213 14 44 94 246 250 106 155 188 88 201 200 43 182 23 154 136 103 252 204 121 157 78 92 159 42 33 130 216 127 35 18 83 138 39 253 57 116 174 48 105 124 212 177 239 193 104 248 26 170 30 199 41 97 27 210 181 90 254 140 76 150 61 191 152 165 111 66 169 241 58 72 173 81 95 224 75 255 214 96 147 215 8 86 71 16 134 179 197 115 60 24 110 22 51 2 207 137 247 151 0 211 122 168 171 189 164 240 235 82 166 9 185 
	Fitness: 53654278
	Fitness BL: 44861170

Generacion 13
	Solucion: 209 230 167 221 243 133 70 77 21 225 54 187 202 238 46 93 91 175 17 194 242 40 129 125 135 11 64 149 13 73 231 68 126 219 52 190 172 4 65 34 118 101 3 62 198 20 158 139 228 176 156 38 160 132 244 47 186 74 31 63 218 85 89 25 108 120 163 237 56 6 161 192 245 180 29 55 119 143 15 123 217 208 53 49 203 79 19 153 12 10 229 112 37 109 28 249 80 36 236 114 107 59 226 232 128 142 144 113 69 102 50 251 233 5 205 99 148 141 220 67 117 227 145 87 100 131 162 206 146 196 183 178 1 223 7 195 222 32 84 234 98 45 184 213 14 44 94 246 250 106 155 188 88 201 200 43 182 23 154 136 103 252 204 121 157 78 92 159 42 33 130 216 127 35 18 83 138 39 253 57 116 174 48 105 124 212 177 239 193 104 248 26 170 30 199 41 97 27 210 181 90 254 140 76 150 61 191 152 165 111 66 169 241 58 72 173 81 95 224 75 255 214 96 147 215 8 86 71 16 134 179 197 115 60 24 110 22 51 2 207 137 247 151 0 211 122 168 171 189 164 240 235 82 166 9 185 
	Fitness: 53654278
	Fitness BL: 44861170

Generacion 14
	Solucion: 209 230 167 221 243 133 70 77 21 225 54 187 202 238 46 93 91 175 17 194 242 40 129 125 135 11 64 149 13 73 231 68 126 219 52 190 172 4 65 34 118 101 3 62 198 20 158 139 228 176 156 38 160 132 244 47 186 74 31 63 218 85 89 25 108 120 163 237 56 6 161 192 245 180 29 55 119 143 15 123 217 208 53 49 203 79 19 153 12 10 229 112 37 109 28 249 80 36 236 114 107 59 226 232 128 142 144 113 69 102 50 251 233 5 205 99 148 141 220 67 117 227 145 87 100 131 162 206 146 196 183 178 1 223 7 195 222 32 84 234 98 45 184 213 14 44 94 246 250 106 155 188 88 201 200 43 182 23 154 136 103 252 204 121 157 78 92 159 42 33 130 216 127 35 18 83 138 39 253 57 116 174 48 105 124 212 177 239 193 104 248 26 170 30 199 41 97 27 210 181 90 254 140 76 150 61 191 152 165 111 66 169 241 58 72 173 81 95 224 75 255 214 96 147 215 8 86 71 16 134 179 197 115 60 24 110 22 51 2 207 137 247 151 0 211 122 168 171 189 164 240 235 82 166 9 185 
	Fitness: 53654278
	Fitness BL: 44861170

Generacion 15
	Solucion: 209 230 167 221 243 133 70 77 21 225 54 187 202 238 46 93 91 175 17 194 242 40 129 125 135 11 64 149 13 73 231 68 126 219 52 190 172 4 65 34 118 101 3 62 198 20 158 139 228 176 156 38 160 132 244 47 186 74 31 63 218 85 89 25 108 120 163 237 56 6 161 192 245 180 29 55 119 143 15 123 217 208 53 49 203 79 19 153 12 10 229 112 37 109 28 249 80 36 236 114 107 59 226 232 128 142 144 113 69 102 50 251 233 5 205 99 148 141 220 67 117 227 145 87 100 131 162 206 146 196 183 178 1 223 7 195 222 32 84 234 98 45 184 213 14 44 94 246 250 106 155 188 88 201 200 43 182 23 154 136 103 252 204 121 157 78 92 159 42 33 130 216 127 35 18 83 138 39 253 57 116 174 48 105 124 212 177 239 193 104 248 26 170 30 199 41 97 27 210 181 90 254 140 76 150 61 191 152 165 111 66 169 241 58 72 173 81 95 224 75 255 214 96 147 215 8 86 71 16 134 179 197 115 60 24 110 22 51 2 207 137 247 151 0 211 122 168 171 189 164 240 235 82 166 9 185 
	Fitness: 53654278
	Fitness BL: 44861170

Generacion 16
	Solucion: 209 230 167 221 243 133 70 77 21 225 54 187 202 238 46 93 91 175 17 194 242 40 129 125 135 11 64 149 13 73 231 68 126 219 52 190 172 4 65 34 118 101 3 62 198 20 158 139 228 176 156 38 160 132 244 47 186 74 31 63 218 85 89 25 108 120 163 237 56 6 161 192 245 180 29 55 119 143 15 123 217 208 53 49 203 79 19 153 12 10 229 112 37 109 28 249 80 36 236 114 107 59 226 232 128 142 144 113 69 102 50 251 233 5 205 99 148 141 220 67 117 227 145 87 100 131 162 206 146 196 183 178 1 223 7 195 222 32 84 234 98 45 184 213 14 44 94 246 250 106 155 188 88 201 200 43 182 23 154 136 103 252 204 121 157 78 92 159 42 33 130 216 127 35 18 83 138 39 253 57 116 174 48 105 124 212 177 239 193 104 248 26 170 30 199 41 97 27 210 181 90 254 140 76 150 61 191 152 165 111 66 169 241 58 72 173 81 95 224 75 255 214 96 147 215 8 86 71 16 134 179 197 115 60 24 110 22 51 2 207 137 247 151 0 211 122 168 171 189 164 240 235 82 166 9 185 
	Fitness: 53654278
	Fitness BL: 44861170

Generacion 17
	Solucion: 209 230 167 221 243 133 70 77 21 225 54 187 202 238 46 93 91 175 17 194 242 40 129 125 135 11 64 149 13 73 231 68 126 219 52 190 172 4 65 34 118 101 3 62 198 20 158 139 228 176 156 38 160 132 244 47 186 74 31 63 218 85 89 25 108 120 163 237 56 6 161 192 245 180 29 55 119 143 15 123 217 208 53 49 203 79 19 153 12 10 229 112 37 109 28 249 80 36 236 114 107 59 226 232 128 142 144 113 69 102 50 251 233 5 205 99 148 141 220 67 117 227 145 87 100 131 162 206 146 196 183 178 1 223 7 195 222 32 84 234 98 45 184 213 14 44 94 246 250 106 155 188 88 201 200 43 182 23 154 136 103 252 204 121 157 78 92 159 42 33 130 216 127 35 18 83 138 39 253 57 116 174 48 105 124 212 177 239 193 104 248 26 170 30 199 41 97 27 210 181 90 254 140 76 150 61 191 152 165 111 66 169 241 58 72 173 81 95 224 75 255 214 96 147 215 8 86 71 16 134 179 197 115 60 24 110 22 51 2 207 137 247 151 0 211 122 168 171 189 164 240 235 82 166 9 185 
	Fitness: 53654278
	Fitness BL: 44861170

Generacion 18
	Solucion: 209 230 167 221 243 133 70 77 21 225 54 187 202 238 46 93 91 175 17 194 242 40 129 125 135 11 64 149 13 73 231 68 126 219 52 190 172 4 65 34 118 101 3 62 198 20 158 139 228 176 156 38 160 132 244 47 186 74 31 63 218 85 89 25 108 120 163 237 56 6 161 192 245 180 29 55 119 143 15 123 217 208 53 49 203 79 19 153 12 10 229 112 37 109 28 249 80 36 236 114 107 59 226 232 128 142 144 113 69 102 50 251 233 5 205 99 148 141 220 67 117 227 145 87 100 131 162 206 146 196 183 178 1 223 7 195 222 32 84 234 98 45 184 213 14 44 94 246 250 106 155 188 88 201 200 43 182 23 154 136 103 252 204 121 157 78 92 159 42 33 130 216 127 35 18 83 138 39 253 57 116 174 48 105 124 212 177 239 193 104 248 26 170 30 199 41 97 27 210 181 90 254 140 76 150 61 191 152 165 111 66 169 241 58 72 173 81 95 224 75 255 214 96 147 215 8 86 71 16 134 179 197 115 60 24 110 22 51 2 207 137 247 151 0 211 122 168 171 189 164 240 235 82 166 9 185 
	Fitness: 53654278
	Fitness BL: 44861170

Generacion 19
	Solucion: 209 230 167 221 243 133 70 77 21 225 54 187 202 238 46 93 91 175 17 194 242 40 129 125 135 11 64 149 13 73 231 68 126 219 52 190 172 4 65 34 118 101 3 62 198 20 158 139 228 176 156 38 160 132 244 47 186 74 31 63 218 85 89 25 108 120 163 237 56 6 161 192 245 180 29 55 119 143 15 123 217 208 53 49 203 79 19 153 12 10 229 112 37 109 28 249 80 36 236 114 107 59 226 232 128 142 144 113 69 102 50 251 233 5 205 99 148 141 220 67 117 227 145 87 100 131 162 206 146 196 183 178 1 223 7 195 222 32 84 234 98 45 184 213 14 44 94 246 250 106 155 188 88 201 200 43 182 23 154 136 103 252 204 121 157 78 92 159 42 33 130 216 127 35 18 83 138 39 253 57 116 174 48 105 124 212 177 239 193 104 248 26 170 30 199 41 97 27 210 181 90 254 140 76 150 61 191 152 165 111 66 169 241 58 72 173 81 95 224 75 255 214 96 147 215 8 86 71 16 134 179 197 115 60 24 110 22 51 2 207 137 247 151 0 211 122 168 171 189 164 240 235 82 166 9 185 
	Fitness: 53654278
	Fitness BL: 44861170

Generacion 20
	Solucion: 209 230 167 221 243 133 70 77 21 225 54 187 202 238 46 93 91 175 17 194 242 40 129 125 135 11 64 149 13 73 231 68 126 219 52 190 172 4 65 34 118 101 3 62 198 20 158 139 228 176 156 38 160 132 244 47 186 74 31 63 218 85 89 25 108 120 163 237 56 6 161 192 245 180 29 55 119 143 15 123 217 208 53 49 203 79 19 153 12 10 229 112 37 109 28 249 80 36 236 114 107 59 226 232 128 142 144 113 69 102 50 251 233 5 205 99 148 141 220 67 117 227 145 87 100 131 162 206 146 196 183 178 1 223 7 195 222 32 84 234 98 45 184 213 14 44 94 246 250 106 155 188 88 201 200 43 182 23 154 136 103 252 204 121 157 78 92 159 42 33 130 216 127 35 18 83 138 39 253 57 116 174 48 105 124 212 177 239 193 104 248 26 170 30 199 41 97 27 210 181 90 254 140 76 150 61 191 152 165 111 66 169 241 58 72 173 81 95 224 75 255 214 96 147 215 8 86 71 16 134 179 197 115 60 24 110 22 51 2 207 137 247 151 0 211 122 168 171 189 164 240 235 82 166 9 185 
	Fitness: 53654278
	Fitness BL: 44861170

Generacion 21
	Solucion: 209 230 167 221 243 133 70 77 21 225 54 187 202 238 46 93 91 175 17 194 242 40 129 125 135 11 64 149 13 73 231 68 126 219 52 190 172 4 65 34 118 101 3 62 198 20 158 139 228 176 156 38 160 132 244 47 186 74 31 63 218 85 89 25 108 120 163 237 56 6 161 192 245 180 29 55 119 143 15 123 217 208 53 49 203 79 19 153 12 10 229 112 37 109 28 249 80 36 236 114 107 59 226 232 128 142 144 113 69 102 50 251 233 5 205 99 148 141 220 67 117 227 145 87 100 131 162 206 146 196 183 178 1 223 7 195 222 32 84 234 98 45 184 213 14 44 94 246 250 106 155 188 88 201 200 43 182 23 154 136 103 252 204 121 157 78 92 159 42 33 130 216 127 35 18 83 138 39 253 57 116 174 48 105 124 212 177 239 193 104 248 26 170 30 199 41 97 27 210 181 90 254 140 76 150 61 191 152 165 111 66 169 241 58 72 173 81 95 224 75 255 214 96 147 215 8 86 71 16 134 179 197 115 60 24 110 22 51 2 207 137 247 151 0 211 122 168 171 189 164 240 235 82 166 9 185 
	Fitness: 53654278
	Fitness BL: 44861170

Generacion 22
	Solucion: 167 236 214 194 216 82 71 139 9 123 243 40 113 125 180 209 98 200 19 3 152 77 161 211 122 88 198 119 91 187 231 72 234 219 135 190 176 109 197 34 147 157 105 155 42 44 158 237 228 103 16 38 81 207 203 47 186 6 67 63 218 46 89 25 31 120 163 111 83 74 156 192 26 244 29 55 210 138 249 92 217 104 53 49 246 79 225 78 12 10 229 112 37 4 227 28 169 36 212 101 107 195 226 117 84 142 144 18 154 102 50 251 114 134 205 99 2 21 220 11 232 253 145 87 254 131 173 206 168 196 183 178 1 110 24 75 242 175 179 118 177 65 73 230 233 43 162 130 115 59 153 221 14 191 54 97 215 23 33 136 108 128 39 181 27 20 208 199 95 93 35 17 41 170 132 146 116 245 96 58 62 255 48 185 0 51 13 69 141 223 164 124 22 30 222 57 80 165 224 121 90 235 188 160 172 32 45 189 140 70 61 129 250 171 76 133 126 240 64 166 106 137 193 66 5 184 86 182 248 252 15 7 174 202 150 239 241 94 148 68 213 247 151 201 8 238 143 52 149 60 85 100 204 159 56 127 
	Fitness: 53416174
	Fitness BL: 44860636

Generacion 23
	Solucion: 136 64 167 221 14 186 70 77 192 11 97 38 142 84 231 127 178 74 171 129 34 52 202 121 0 173 230 68 141 168 194 193 125 219 225 190 134 110 40 73 118 101 3 155 189 239 158 117 151 176 156 4 22 46 113 169 26 21 31 63 187 85 248 25 108 120 163 152 56 253 89 111 245 195 29 55 17 143 30 123 217 208 53 49 203 79 19 153 12 10 229 112 37 109 28 249 80 36 104 114 107 137 226 232 128 15 144 246 69 102 50 251 233 5 205 99 148 172 76 67 160 227 145 220 100 131 162 206 146 196 237 132 130 135 7 180 222 1 119 234 98 244 184 213 48 44 94 139 20 106 62 188 13 201 200 43 182 23 154 209 93 252 204 27 45 78 92 51 42 33 32 216 250 35 18 83 95 174 6 57 61 223 243 105 124 212 177 126 240 218 236 91 170 39 199 41 198 47 9 181 90 254 140 228 150 116 122 242 165 210 66 88 241 58 72 65 81 138 224 75 255 214 96 147 215 8 86 71 16 87 179 197 115 60 24 235 133 159 2 207 59 247 183 157 211 191 161 238 164 103 149 166 82 54 175 185 
	Fitness: 54033010
	Fitness BL: 44850884

Generacion 24
	Solucion: 136 64 167 221 14 186 70 77 192 11 97 38 142 84 231 127 178 74 171 129 34 52 202 121 0 173 230 68 141 168 194 193 125 219 225 190 134 110 40 73 118 101 3 155 189 239 158 117 151 176 156 4 22 46 113 169 26 21 31 63 187 85 248 25 108 120 163 152 56 253 89 111 245 195 29 55 17 143 30 123 217 208 53 49 203 79 19 153 12 10 229 112 37 109 28 249 80 36 104 114 107 137 226 232 128 15 144 246 69 102 50 251 233 5 205 99 148 172 76 67 160 227 145 220 100 131 162 206 146 196 237 132 130 135 7 180 222 1 119 234 98 244 184 213 48 44 94 139 20 106 62 188 13 201 200 43 182 23 154 209 93 252 204 27 45 78 92 51 42 33 32 216 250 35 18 83 95 174 6 57 61 223 243 105 124 212 177 126 240 218 236 91 170 39 199 41 198 47 9 181 90 254 140 228 150 116 122 242 165 210 66 88 241 58 72 65 81 138 224 75 255 214 96 147 215 8 86 71 16 87 179 197 115 60 24 235 133 159 2 207 59 247 183 157 211 191 161 238 164 103 149 166 82 54 175 185 
	Fitness: 54033010
	Fitness BL: 44850884

Generacion 25
	Solucion: 136 64 167 221 14 186 70 77 192 11 97 38 142 84 231 127 178 74 171 129 34 52 202 121 0 173 230 68 141 168 194 193 125 219 225 190 134 110 40 73 118 101 3 155 189 239 158 117 151 176 156 4 22 46 113 169 26 21 31 63 187 85 248 25 108 120 163 152 56 253 89 111 245 195 29 55 17 143 30 123 217 208 53 49 203 79 19 153 12 10 229 112 37 109 28 249 80 36 104 114 107 137 226 232 128 15 144 246 69 102 50 251 233 5 205 99 148 172 76 67 160 227 145 220 100 131 162 206 146 196 237 132 130 135 7 180 222 1 119 234 98 244 184 213 48 44 94 139 20 106 62 188 13 201 200 43 182 23 154 209 93 252 204 27 45 78 92 51 42 33 32 216 250 35 18 83 95 174 6 57 61 223 243 105 124 212 177 126 240 218 236 91 170 39 199 41 198 47 9 181 90 254 140 228 150 116 122 242 165 210 66 88 241 58 72 65 81 138 224 75 255 214 96 147 215 8 86 71 16 87 179 197 115 60 24 235 133 159 2 207 59 247 183 157 211 191 161 238 164 103 149 166 82 54 175 185 
	Fitness: 54033010
	Fitness BL: 44850884

Generacion 26
	Solucion: 136 64 167 221 14 186 70 77 192 11 97 38 142 84 231 127 178 74 171 129 34 52 202 121 0 173 230 68 141 168 194 193 125 219 225 190 134 110 40 73 118 101 3 155 189 239 158 117 151 176 156 4 22 46 113 169 26 21 31 63 187 85 248 25 108 120 163 152 56 253 89 111 245 195 29 55 17 143 30 123 217 208 53 49 203 79 19 153 12 10 229 112 37 109 28 249 80 36 104 114 107 137 226 232 128 15 144 246 69 102 50 251 233 5 205 99 148 172 76 67 160 227 145 220 100 131 162 206 146 196 237 132 130 135 7 180 222 1 119 234 98 244 184 213 48 44 94 139 20 106 62 188 13 201 200 43 182 23 154 209 93 252 204 27 45 78 92 51 42 33 32 216 250 35 18 83 95 174 6 57 61 223 243 105 124 212 177 126 240 218 236 91 170 39 199 41 198 47 9 181 90 254 140 228 150 116 122 242 165 210 66 88 241 58 72 65 81 138 224 75 255 214 96 147 215 8 86 71 16 87 179 197 115 60 24 235 133 159 2 207 59 247 183 157 211 191 161 238 164 103 149 166 82 54 175 185 
	Fitness: 54033010
	Fitness BL: 44850884

Generacion 27
	Solucion: 136 64 167 221 14 186 70 77 192 11 97 38 142 84 231 127 178 74 171 129 34 52 202 121 0 173 230 68 141 168 194 193 125 219 225 190 134 110 40 73 118 101 3 155 189 239 158 117 151 176 156 4 22 46 113 169 26 21 31 63 187 85 248 25 108 120 163 152 56 253 89 111 245 195 29 55 17 143 30 123 217 208 53 49 203 79 19 153 12 10 229 112 37 109 28 249 80 36 104 114 107 137 226 232 128 15 144 246 69 102 50 251 233 5 205 99 148 172 76 67 160 227 145 220 100 131 162 206 146 196 237 132 130 135 7 180 222 1 119 234 98 244 184 213 48 44 94 139 20 106 62 188 13 201 200 43 182 23 154 209 93 252 204 27 45 78 92 51 42 33 32 216 250 35 18 83 95 174 6 57 61 223 243 105 124 212 177 126 240 218 236 91 170 39 199 41 198 47 9 181 90 254 140 228 150 116 122 242 165 210 66 88 241 58 72 65 81 138 224 75 255 214 96 147 215 8 86 71 16 87 179 197 115 60 24 235 133 159 2 207 59 247 183 157 211 191 161 238 164 103 149 166 82 54 175 185 
	Fitness: 54033010
	Fitness BL: 44850884

Generacion 28
	Solucion: 136 64 167 221 14 186 70 77 192 11 97 38 142 84 231 127 178 74 171 129 34 52 202 121 0 173 230 68 141 168 194 193 125 219 225 190 134 110 40 73 118 101 3 155 189 239 158 117 151 176 156 4 22 46 113 169 26 21 31 63 187 85 248 25 108 120 163 152 56 253 89 111 245 195 29 55 17 143 30 123 217 208 53 49 203 79 19 153 12 10 229 112 37 109 28 249 80 36 104 114 107 137 226 232 128 15 144 246 69 102 50 251 233 5 205 99 148 172 76 67 160 227 145 220 100 131 162 206 146 196 237 132 130 135 7 180 222 1 119 234 98 244 184 213 48 44 94 139 20 106 62 188 13 201 200 43 182 23 154 209 93 252 204 27 45 78 92 51 42 33 32 216 250 35 18 83 95 174 6 57 61 223 243 105 124 212 177 126 240 218 236 91 170 39 199 41 198 47 9 181 90 254 140 228 150 116 122 242 165 210 66 88 241 58 72 65 81 138 224 75 255 214 96 147 215 8 86 71 16 87 179 197 115 60 24 235 133 159 2 207 59 247 183 157 211 191 161 238 164 103 149 166 82 54 175 185 
	Fitness: 54033010
	Fitness BL: 44850884

Generacion 29
	Solucion: 136 64 167 221 14 186 70 77 192 11 97 38 142 84 231 127 178 74 171 129 34 52 202 121 0 173 230 68 141 168 194 193 125 219 225 190 134 110 40 73 118 101 3 155 189 239 158 117 151 176 156 4 22 46 113 169 26 21 31 63 187 85 248 25 108 120 163 152 56 253 89 111 245 195 29 55 17 143 30 123 217 208 53 49 203 79 19 153 12 10 229 112 37 109 28 249 80 36 104 114 107 137 226 232 128 15 144 246 69 102 50 251 233 5 205 99 148 172 76 67 160 227 145 220 100 131 162 206 146 196 237 132 130 135 7 180 222 1 119 234 98 244 184 213 48 44 94 139 20 106 62 188 13 201 200 43 182 23 154 209 93 252 204 27 45 78 92 51 42 33 32 216 250 35 18 83 95 174 6 57 61 223 243 105 124 212 177 126 240 218 236 91 170 39 199 41 198 47 9 181 90 254 140 228 150 116 122 242 165 210 66 88 241 58 72 65 81 138 224 75 255 214 96 147 215 8 86 71 16 87 179 197 115 60 24 235 133 159 2 207 59 247 183 157 211 191 161 238 164 103 149 166 82 54 175 185 
	Fitness: 54033010
	Fitness BL: 44850884

Generacion 30
	Solucion: 136 64 167 221 14 186 70 77 192 11 97 38 142 84 231 127 178 74 171 129 34 52 202 121 0 173 230 68 141 168 194 193 125 219 225 190 134 110 40 73 118 101 3 155 189 239 158 117 151 176 156 4 22 46 113 169 26 21 31 63 187 85 248 25 108 120 163 152 56 253 89 111 245 195 29 55 17 143 30 123 217 208 53 49 203 79 19 153 12 10 229 112 37 109 28 249 80 36 104 114 107 137 226 232 128 15 144 246 69 102 50 251 233 5 205 99 148 172 76 67 160 227 145 220 100 131 162 206 146 196 237 132 130 135 7 180 222 1 119 234 98 244 184 213 48 44 94 139 20 106 62 188 13 201 200 43 182 23 154 209 93 252 204 27 45 78 92 51 42 33 32 216 250 35 18 83 95 174 6 57 61 223 243 105 124 212 177 126 240 218 236 91 170 39 199 41 198 47 9 181 90 254 140 228 150 116 122 242 165 210 66 88 241 58 72 65 81 138 224 75 255 214 96 147 215 8 86 71 16 87 179 197 115 60 24 235 133 159 2 207 59 247 183 157 211 191 161 238 164 103 149 166 82 54 175 185 
	Fitness: 54033010
	Fitness BL: 44850884

Generacion 31
	Solucion: 136 64 167 221 14 186 70 77 192 11 97 38 142 84 231 127 178 74 171 129 34 52 202 121 0 173 230 68 141 168 194 193 125 219 225 190 134 110 40 73 118 101 3 155 189 239 158 117 151 176 156 4 22 46 113 169 26 21 31 63 187 85 248 25 108 120 163 152 56 253 89 111 245 195 29 55 17 143 30 123 217 208 53 49 203 79 19 153 12 10 229 112 37 109 28 249 80 36 104 114 107 137 226 232 128 15 144 246 69 102 50 251 233 5 205 99 148 172 76 67 160 227 145 220 100 131 162 206 146 196 237 132 130 135 7 180 222 1 119 234 98 244 184 213 48 44 94 139 20 106 62 188 13 201 200 43 182 23 154 209 93 252 204 27 45 78 92 51 42 33 32 216 250 35 18 83 95 174 6 57 61 223 243 105 124 212 177 126 240 218 236 91 170 39 199 41 198 47 9 181 90 254 140 228 150 116 122 242 165 210 66 88 241 58 72 65 81 138 224 75 255 214 96 147 215 8 86 71 16 87 179 197 115 60 24 235 133 159 2 207 59 247 183 157 211 191 161 238 164 103 149 166 82 54 175 185 
	Fitness: 54033010
	Fitness BL: 44850884

Generacion 32
	Solucion: 136 64 167 221 14 186 70 77 192 11 97 38 142 84 231 127 178 74 171 129 34 52 202 121 0 173 230 68 141 168 194 193 125 219 225 190 134 110 40 73 118 101 3 155 189 239 158 117 151 176 156 4 22 46 113 169 26 21 31 63 187 85 248 25 108 120 163 152 56 253 89 111 245 195 29 55 17 143 30 123 217 208 53 49 203 79 19 153 12 10 229 112 37 109 28 249 80 36 104 114 107 137 226 232 128 15 144 246 69 102 50 251 233 5 205 99 148 172 76 67 160 227 145 220 100 131 162 206 146 196 237 132 130 135 7 180 222 1 119 234 98 244 184 213 48 44 94 139 20 106 62 188 13 201 200 43 182 23 154 209 93 252 204 27 45 78 92 51 42 33 32 216 250 35 18 83 95 174 6 57 61 223 243 105 124 212 177 126 240 218 236 91 170 39 199 41 198 47 9 181 90 254 140 228 150 116 122 242 165 210 66 88 241 58 72 65 81 138 224 75 255 214 96 147 215 8 86 71 16 87 179 197 115 60 24 235 133 159 2 207 59 247 183 157 211 191 161 238 164 103 149 166 82 54 175 185 
	Fitness: 54033010
	Fitness BL: 44850884

Generacion 33
	Solucion: 136 64 167 221 14 186 70 77 192 11 97 38 142 84 231 127 178 74 171 129 34 52 202 121 0 173 230 68 141 168 194 193 125 219 225 190 134 110 40 73 118 101 3 155 189 239 158 117 151 176 156 4 22 46 113 169 26 21 31 63 187 85 248 25 108 120 163 152 56 253 89 111 245 195 29 55 17 143 30 123 217 208 53 49 203 79 19 153 12 10 229 112 37 109 28 249 80 36 104 114 107 137 226 232 128 15 144 246 69 102 50 251 233 5 205 99 148 172 76 67 160 227 145 220 100 131 162 206 146 196 237 132 130 135 7 180 222 1 119 234 98 244 184 213 48 44 94 139 20 106 62 188 13 201 200 43 182 23 154 209 93 252 204 27 45 78 92 51 42 33 32 216 250 35 18 83 95 174 6 57 61 223 243 105 124 212 177 126 240 218 236 91 170 39 199 41 198 47 9 181 90 254 140 228 150 116 122 242 165 210 66 88 241 58 72 65 81 138 224 75 255 214 96 147 215 8 86 71 16 87 179 197 115 60 24 235 133 159 2 207 59 247 183 157 211 191 161 238 164 103 149 166 82 54 175 185 
	Fitness: 54033010
	Fitness BL: 44850884

Generacion 34
	Solucion: 136 64 167 221 14 186 70 77 192 11 97 38 142 84 231 127 178 74 171 129 34 52 202 121 0 173 230 68 141 168 194 193 125 219 225 190 134 110 40 73 118 101 3 155 189 239 158 117 151 176 156 4 22 46 113 169 26 21 31 63 187 85 248 25 108 120 163 152 56 253 89 111 245 195 29 55 17 143 30 123 217 208 53 49 203 79 19 153 12 10 229 112 37 109 28 249 80 36 104 114 107 137 226 232 128 15 144 246 69 102 50 251 233 5 205 99 148 172 76 67 160 227 145 220 100 131 162 206 146 196 237 132 130 135 7 180 222 1 119 234 98 244 184 213 48 44 94 139 20 106 62 188 13 201 200 43 182 23 154 209 93 252 204 27 45 78 92 51 42 33 32 216 250 35 18 83 95 174 6 57 61 223 243 105 124 212 177 126 240 218 236 91 170 39 199 41 198 47 9 181 90 254 140 228 150 116 122 242 165 210 66 88 241 58 72 65 81 138 224 75 255 214 96 147 215 8 86 71 16 87 179 197 115 60 24 235 133 159 2 207 59 247 183 157 211 191 161 238 164 103 149 166 82 54 175 185 
	Fitness: 54033010
	Fitness BL: 44850884

Generacion 35
	Solucion: 136 64 167 221 14 186 70 77 192 11 97 38 142 84 231 127 178 74 171 129 34 52 202 121 0 173 230 68 141 168 194 193 125 219 225 190 134 110 40 73 118 101 3 155 189 239 158 117 151 176 156 4 22 46 113 169 26 21 31 63 187 85 248 25 108 120 163 152 56 253 89 111 245 195 29 55 17 143 30 123 217 208 53 49 203 79 19 153 12 10 229 112 37 109 28 249 80 36 104 114 107 137 226 232 128 15 144 246 69 102 50 251 233 5 205 99 148 172 76 67 160 227 145 220 100 131 162 206 146 196 237 132 130 135 7 180 222 1 119 234 98 244 184 213 48 44 94 139 20 106 62 188 13 201 200 43 182 23 154 209 93 252 204 27 45 78 92 51 42 33 32 216 250 35 18 83 95 174 6 57 61 223 243 105 124 212 177 126 240 218 236 91 170 39 199 41 198 47 9 181 90 254 140 228 150 116 122 242 165 210 66 88 241 58 72 65 81 138 224 75 255 214 96 147 215 8 86 71 16 87 179 197 115 60 24 235 133 159 2 207 59 247 183 157 211 191 161 238 164 103 149 166 82 54 175 185 
	Fitness: 54033010
	Fitness BL: 44850884

Generacion 36
	Solucion: 136 64 167 221 14 186 70 77 192 11 97 38 142 84 231 127 178 74 171 129 34 52 202 121 0 173 230 68 141 168 194 193 125 219 225 190 134 110 40 73 118 101 3 155 189 239 158 117 151 176 156 4 22 46 113 169 26 21 31 63 187 85 248 25 108 120 163 152 56 253 89 111 245 195 29 55 17 143 30 123 217 208 53 49 203 79 19 153 12 10 229 112 37 109 28 249 80 36 104 114 107 137 226 232 128 15 144 246 69 102 50 251 233 5 205 99 148 172 76 67 160 227 145 220 100 131 162 206 146 196 237 132 130 135 7 180 222 1 119 234 98 244 184 213 48 44 94 139 20 106 62 188 13 201 200 43 182 23 154 209 93 252 204 27 45 78 92 51 42 33 32 216 250 35 18 83 95 174 6 57 61 223 243 105 124 212 177 126 240 218 236 91 170 39 199 41 198 47 9 181 90 254 140 228 150 116 122 242 165 210 66 88 241 58 72 65 81 138 224 75 255 214 96 147 215 8 86 71 16 87 179 197 115 60 24 235 133 159 2 207 59 247 183 157 211 191 161 238 164 103 149 166 82 54 175 185 
	Fitness: 54033010
	Fitness BL: 44850884

Generacion 37
	Solucion: 136 64 167 221 14 186 70 77 192 11 97 38 142 84 231 127 178 74 171 129 34 52 202 121 0 173 230 68 141 168 194 193 125 219 225 190 134 110 40 73 118 101 3 155 189 239 158 117 151 176 156 4 22 46 113 169 26 21 31 63 187 85 248 25 108 120 163 152 56 253 89 111 245 195 29 55 17 143 30 123 217 208 53 49 203 79 19 153 12 10 229 112 37 109 28 249 80 36 104 114 107 137 226 232 128 15 144 246 69 102 50 251 233 5 205 99 148 172 76 67 160 227 145 220 100 131 162 206 146 196 237 132 130 135 7 180 222 1 119 234 98 244 184 213 48 44 94 139 20 106 62 188 13 201 200 43 182 23 154 209 93 252 204 27 45 78 92 51 42 33 32 216 250 35 18 83 95 174 6 57 61 223 243 105 124 212 177 126 240 218 236 91 170 39 199 41 198 47 9 181 90 254 140 228 150 116 122 242 165 210 66 88 241 58 72 65 81 138 224 75 255 214 96 147 215 8 86 71 16 87 179 197 115 60 24 235 133 159 2 207 59 247 183 157 211 191 161 238 164 103 149 166 82 54 175 185 
	Fitness: 54033010
	Fitness BL: 44850884

Generacion 38
	Solucion: 136 64 167 221 14 186 70 77 192 11 97 38 142 84 231 127 178 74 171 129 34 52 202 121 0 173 230 68 141 168 194 193 125 219 225 190 134 110 40 73 118 101 3 155 189 239 158 117 151 176 156 4 22 46 113 169 26 21 31 63 187 85 248 25 108 120 163 152 56 253 89 111 245 195 29 55 17 143 30 123 217 208 53 49 203 79 19 153 12 10 229 112 37 109 28 249 80 36 104 114 107 137 226 232 128 15 144 246 69 102 50 251 233 5 205 99 148 172 76 67 160 227 145 220 100 131 162 206 146 196 237 132 130 135 7 180 222 1 119 234 98 244 184 213 48 44 94 139 20 106 62 188 13 201 200 43 182 23 154 209 93 252 204 27 45 78 92 51 42 33 32 216 250 35 18 83 95 174 6 57 61 223 243 105 124 212 177 126 240 218 236 91 170 39 199 41 198 47 9 181 90 254 140 228 150 116 122 242 165 210 66 88 241 58 72 65 81 138 224 75 255 214 96 147 215 8 86 71 16 87 179 197 115 60 24 235 133 159 2 207 59 247 183 157 211 191 161 238 164 103 149 166 82 54 175 185 
	Fitness: 54033010
	Fitness BL: 44850884

Generacion 39
	Solucion: 136 64 167 221 14 186 70 77 192 11 97 38 142 84 231 127 178 74 171 129 34 52 202 121 0 173 230 68 141 168 194 193 125 219 225 190 134 110 40 73 118 101 3 155 189 239 158 117 151 176 156 4 22 46 113 169 26 21 31 63 187 85 248 25 108 120 163 152 56 253 89 111 245 195 29 55 17 143 30 123 217 208 53 49 203 79 19 153 12 10 229 112 37 109 28 249 80 36 104 114 107 137 226 232 128 15 144 246 69 102 50 251 233 5 205 99 148 172 76 67 160 227 145 220 100 131 162 206 146 196 237 132 130 135 7 180 222 1 119 234 98 244 184 213 48 44 94 139 20 106 62 188 13 201 200 43 182 23 154 209 93 252 204 27 45 78 92 51 42 33 32 216 250 35 18 83 95 174 6 57 61 223 243 105 124 212 177 126 240 218 236 91 170 39 199 41 198 47 9 181 90 254 140 228 150 116 122 242 165 210 66 88 241 58 72 65 81 138 224 75 255 214 96 147 215 8 86 71 16 87 179 197 115 60 24 235 133 159 2 207 59 247 183 157 211 191 161 238 164 103 149 166 82 54 175 185 
	Fitness: 54033010
	Fitness BL: 44850884

Generacion 40
	Solucion: 136 64 167 221 14 186 70 77 192 11 97 38 142 84 231 127 178 74 171 129 34 52 202 121 0 173 230 68 141 168 194 193 125 219 225 190 134 110 40 73 118 101 3 155 189 239 158 117 151 176 156 4 22 46 113 169 26 21 31 63 187 85 248 25 108 120 163 152 56 253 89 111 245 195 29 55 17 143 30 123 217 208 53 49 203 79 19 153 12 10 229 112 37 109 28 249 80 36 104 114 107 137 226 232 128 15 144 246 69 102 50 251 233 5 205 99 148 172 76 67 160 227 145 220 100 131 162 206 146 196 237 132 130 135 7 180 222 1 119 234 98 244 184 213 48 44 94 139 20 106 62 188 13 201 200 43 182 23 154 209 93 252 204 27 45 78 92 51 42 33 32 216 250 35 18 83 95 174 6 57 61 223 243 105 124 212 177 126 240 218 236 91 170 39 199 41 198 47 9 181 90 254 140 228 150 116 122 242 165 210 66 88 241 58 72 65 81 138 224 75 255 214 96 147 215 8 86 71 16 87 179 197 115 60 24 235 133 159 2 207 59 247 183 157 211 191 161 238 164 103 149 166 82 54 175 185 
	Fitness: 54033010
	Fitness BL: 44850884

Generacion 41
	Solucion: 136 64 167 221 14 186 70 77 192 11 97 38 142 84 231 127 178 74 171 129 34 52 202 121 0 173 230 68 141 168 194 193 125 219 225 190 134 110 40 73 118 101 3 155 189 239 158 117 151 176 156 4 22 46 113 169 26 21 31 63 187 85 248 25 108 120 163 152 56 253 89 111 245 195 29 55 17 143 30 123 217 208 53 49 203 79 19 153 12 10 229 112 37 109 28 249 80 36 104 114 107 137 226 232 128 15 144 246 69 102 50 251 233 5 205 99 148 172 76 67 160 227 145 220 100 131 162 206 146 196 237 132 130 135 7 180 222 1 119 234 98 244 184 213 48 44 94 139 20 106 62 188 13 201 200 43 182 23 154 209 93 252 204 27 45 78 92 51 42 33 32 216 250 35 18 83 95 174 6 57 61 223 243 105 124 212 177 126 240 218 236 91 170 39 199 41 198 47 9 181 90 254 140 228 150 116 122 242 165 210 66 88 241 58 72 65 81 138 224 75 255 214 96 147 215 8 86 71 16 87 179 197 115 60 24 235 133 159 2 207 59 247 183 157 211 191 161 238 164 103 149 166 82 54 175 185 
	Fitness: 54033010
	Fitness BL: 44850884

Generacion 42
	Solucion: 136 64 167 221 14 186 70 77 192 11 97 38 142 84 231 127 178 74 171 129 34 52 202 121 0 173 230 68 141 168 194 193 125 219 225 190 134 110 40 73 118 101 3 155 189 239 158 117 151 176 156 4 22 46 113 169 26 21 31 63 187 85 248 25 108 120 163 152 56 253 89 111 245 195 29 55 17 143 30 123 217 208 53 49 203 79 19 153 12 10 229 112 37 109 28 249 80 36 104 114 107 137 226 232 128 15 144 246 69 102 50 251 233 5 205 99 148 172 76 67 160 227 145 220 100 131 162 206 146 196 237 132 130 135 7 180 222 1 119 234 98 244 184 213 48 44 94 139 20 106 62 188 13 201 200 43 182 23 154 209 93 252 204 27 45 78 92 51 42 33 32 216 250 35 18 83 95 174 6 57 61 223 243 105 124 212 177 126 240 218 236 91 170 39 199 41 198 47 9 181 90 254 140 228 150 116 122 242 165 210 66 88 241 58 72 65 81 138 224 75 255 214 96 147 215 8 86 71 16 87 179 197 115 60 24 235 133 159 2 207 59 247 183 157 211 191 161 238 164 103 149 166 82 54 175 185 
	Fitness: 54033010
	Fitness BL: 44850884

Generacion 43
	Solucion: 136 64 167 221 14 186 70 77 192 11 97 38 142 84 231 127 178 74 171 129 34 52 202 121 0 173 230 68 141 168 194 193 125 219 225 190 134 110 40 73 118 101 3 155 189 239 158 117 151 176 156 4 22 46 113 169 26 21 31 63 187 85 248 25 108 120 163 152 56 253 89 111 245 195 29 55 17 143 30 123 217 208 53 49 203 79 19 153 12 10 229 112 37 109 28 249 80 36 104 114 107 137 226 232 128 15 144 246 69 102 50 251 233 5 205 99 148 172 76 67 160 227 145 220 100 131 162 206 146 196 237 132 130 135 7 180 222 1 119 234 98 244 184 213 48 44 94 139 20 106 62 188 13 201 200 43 182 23 154 209 93 252 204 27 45 78 92 51 42 33 32 216 250 35 18 83 95 174 6 57 61 223 243 105 124 212 177 126 240 218 236 91 170 39 199 41 198 47 9 181 90 254 140 228 150 116 122 242 165 210 66 88 241 58 72 65 81 138 224 75 255 214 96 147 215 8 86 71 16 87 179 197 115 60 24 235 133 159 2 207 59 247 183 157 211 191 161 238 164 103 149 166 82 54 175 185 
	Fitness: 54033010
	Fitness BL: 44850884

Generacion 44
	Solucion: 136 64 167 221 14 186 70 77 192 11 97 38 142 84 231 127 178 74 171 129 34 52 202 121 0 173 230 68 141 168 194 193 125 219 225 190 134 110 40 73 118 101 3 155 189 239 158 117 151 176 156 4 22 46 113 169 26 21 31 63 187 85 248 25 108 120 163 152 56 253 89 111 245 195 29 55 17 143 30 123 217 208 53 49 203 79 19 153 12 10 229 112 37 109 28 249 80 36 104 114 107 137 226 232 128 15 144 246 69 102 50 251 233 5 205 99 148 172 76 67 160 227 145 220 100 131 162 206 146 196 237 132 130 135 7 180 222 1 119 234 98 244 184 213 48 44 94 139 20 106 62 188 13 201 200 43 182 23 154 209 93 252 204 27 45 78 92 51 42 33 32 216 250 35 18 83 95 174 6 57 61 223 243 105 124 212 177 126 240 218 236 91 170 39 199 41 198 47 9 181 90 254 140 228 150 116 122 242 165 210 66 88 241 58 72 65 81 138 224 75 255 214 96 147 215 8 86 71 16 87 179 197 115 60 24 235 133 159 2 207 59 247 183 157 211 191 161 238 164 103 149 166 82 54 175 185 
	Fitness: 54033010
	Fitness BL: 44850884

Generacion 45
	Solucion: 136 64 167 221 14 186 70 77 192 11 97 38 142 84 231 127 178 74 171 129 34 236 202 121 0 173 230 68 141 168 194 193 125 133 225 190 134 110 40 73 118 101 3 155 189 239 158 117 151 176 156 4 22 164 113 169 26 21 31 63 187 85 248 140 108 120 25 152 56 253 208 111 245 78 29 55 17 143 30 123 217 145 106 49 203 79 19 153 216 10 229 112 37 109 28 249 204 147 104 114 107 9 232 207 128 15 144 246 69 102 50 251 233 5 205 99 148 172 183 67 160 227 89 220 100 131 162 206 146 196 179 132 130 135 7 54 222 1 119 51 98 159 184 213 81 201 65 139 20 53 62 188 13 76 93 43 71 23 154 209 200 165 80 27 45 195 32 16 226 33 75 12 250 35 18 52 95 174 137 57 61 223 243 224 124 181 177 96 240 218 83 91 170 39 199 41 198 47 6 219 90 254 163 228 150 116 122 242 252 238 66 88 241 58 72 94 48 138 105 92 255 214 126 36 215 8 86 182 234 87 237 197 115 60 24 235 212 244 2 42 59 247 44 157 211 191 161 210 46 103 149 166 82 180 175 185 
	Fitness: 54180394
	Fitness BL: 44847378

Generacion 46
	Solucion: 136 64 167 221 14 186 70 77 192 11 97 38 142 84 231 127 178 74 171 129 34 236 202 121 0 173 230 68 141 168 194 193 125 133 225 190 134 110 40 73 118 101 3 155 189 239 158 117 151 176 156 4 22 164 113 169 26 21 31 63 187 85 248 140 108 120 25 152 56 253 208 111 245 78 29 55 17 143 30 123 217 145 106 49 203 79 19 153 216 10 229 112 37 109 28 249 204 147 104 114 107 9 232 207 128 15 144 246 69 102 50 251 233 5 205 99 148 172 183 67 160 227 89 220 100 131 162 206 146 196 179 132 130 135 7 54 222 1 119 51 98 159 184 213 81 201 65 139 20 53 62 188 13 76 93 43 71 23 154 209 200 165 80 27 45 195 32 16 226 33 75 12 250 35 18 52 95 174 137 57 61 223 243 224 124 181 177 96 240 218 83 91 170 39 199 41 198 47 6 219 90 254 163 228 150 116 122 242 252 238 66 88 241 58 72 94 48 138 105 92 255 214 126 36 215 8 86 182 234 87 237 197 115 60 24 235 212 244 2 42 59 247 44 157 211 191 161 210 46 103 149 166 82 180 175 185 
	Fitness: 54180394
	Fitness BL: 44847378

Generacion 47
	Solucion: 136 64 167 221 14 186 70 77 192 11 97 38 142 84 231 127 178 74 171 129 34 236 202 121 0 173 230 68 141 168 194 193 125 133 225 190 134 110 40 73 118 101 3 155 189 239 158 117 151 176 156 4 22 164 113 169 26 21 31 63 187 85 248 140 108 120 25 152 56 253 208 111 245 78 29 55 17 143 30 123 217 145 106 49 203 79 19 153 216 10 229 112 37 109 28 249 204 147 104 114 107 9 232 207 128 15 144 246 69 102 50 251 233 5 205 99 148 172 183 67 160 227 89 220 100 131 162 206 146 196 179 132 130 135 7 54 222 1 119 51 98 159 184 213 81 201 65 139 20 53 62 188 13 76 93 43 71 23 154 209 200 165 80 27 45 195 32 16 226 33 75 12 250 35 18 52 95 174 137 57 61 223 243 224 124 181 177 96 240 218 83 91 170 39 199 41 198 47 6 219 90 254 163 228 150 116 122 242 252 238 66 88 241 58 72 94 48 138 105 92 255 214 126 36 215 8 86 182 234 87 237 197 115 60 24 235 212 244 2 42 59 247 44 157 211 191 161 210 46 103 149 166 82 180 175 185 
	Fitness: 54180394
	Fitness BL: 44847378

Generacion 48
	Solucion: 136 64 167 221 14 186 70 77 192 11 97 38 142 84 231 127 178 74 171 129 34 236 202 121 0 173 230 68 141 168 194 193 125 133 225 190 134 110 40 73 118 101 3 155 189 239 158 117 151 176 156 4 22 164 113 169 26 21 31 63 187 85 248 140 108 120 25 152 56 253 208 111 245 78 29 55 17 143 30 123 217 145 106 49 203 79 19 153 216 10 229 112 37 109 28 249 204 147 104 114 107 9 232 207 128 15 144 246 69 102 50 251 233 5 205 99 148 172 183 67 160 227 89 220 100 131 162 206 146 196 179 132 130 135 7 54 222 1 119 51 98 159 184 213 81 201 65 139 20 53 62 188 13 76 93 43 71 23 154 209 200 165 80 27 45 195 32 16 226 33 75 12 250 35 18 52 95 174 137 57 61 223 243 224 124 181 177 96 240 218 83 91 170 39 199 41 198 47 6 219 90 254 163 228 150 116 122 242 252 238 66 88 241 58 72 94 48 138 105 92 255 214 126 36 215 8 86 182 234 87 237 197 115 60 24 235 212 244 2 42 59 247 44 157 211 191 161 210 46 103 149 166 82 180 175 185 
	Fitness: 54180394
	Fitness BL: 44847378

Generacion 49
	Solucion: 136 64 167 221 14 186 70 77 192 11 97 38 142 84 231 127 178 74 171 129 34 236 202 121 0 173 230 68 141 168 194 193 125 133 225 190 134 110 40 73 118 101 3 155 189 239 158 117 151 176 156 4 22 164 113 169 26 21 31 63 187 85 248 140 108 120 25 152 56 253 208 111 245 78 29 55 17 143 30 123 217 145 106 49 203 79 19 153 216 10 229 112 37 109 28 249 204 147 104 114 107 9 232 207 128 15 144 246 69 102 50 251 233 5 205 99 148 172 183 67 160 227 89 220 100 131 162 206 146 196 179 132 130 135 7 54 222 1 119 51 98 159 184 213 81 201 65 139 20 53 62 188 13 76 93 43 71 23 154 209 200 165 80 27 45 195 32 16 226 33 75 12 250 35 18 52 95 174 137 57 61 223 243 224 124 181 177 96 240 218 83 91 170 39 199 41 198 47 6 219 90 254 163 228 150 116 122 242 252 238 66 88 241 58 72 94 48 138 105 92 255 214 126 36 215 8 86 182 234 87 237 197 115 60 24 235 212 244 2 42 59 247 44 157 211 191 161 210 46 103 149 166 82 180 175 185 
	Fitness: 54180394
	Fitness BL: 44847378

Generacion 50
	Solucion: 136 64 167 221 14 186 70 77 192 11 97 38 142 84 231 127 178 74 171 129 34 236 202 121 0 173 230 68 141 168 194 193 125 133 225 190 134 110 40 73 118 101 3 155 189 239 158 117 151 176 156 4 22 164 113 169 26 21 31 63 187 85 248 140 108 120 25 152 56 253 208 111 245 78 29 55 17 143 30 123 217 145 106 49 203 79 19 153 216 10 229 112 37 109 28 249 204 147 104 114 107 9 232 207 128 15 144 246 69 102 50 251 233 5 205 99 148 172 183 67 160 227 89 220 100 131 162 206 146 196 179 132 130 135 7 54 222 1 119 51 98 159 184 213 81 201 65 139 20 53 62 188 13 76 93 43 71 23 154 209 200 165 80 27 45 195 32 16 226 33 75 12 250 35 18 52 95 174 137 57 61 223 243 224 124 181 177 96 240 218 83 91 170 39 199 41 198 47 6 219 90 254 163 228 150 116 122 242 252 238 66 88 241 58 72 94 48 138 105 92 255 214 126 36 215 8 86 182 234 87 237 197 115 60 24 235 212 244 2 42 59 247 44 157 211 191 161 210 46 103 149 166 82 180 175 185 
	Fitness: 54180394
	Fitness BL: 44847378

Generacion 51
	Solucion: 136 64 167 221 14 186 70 77 192 11 97 38 142 84 231 127 178 74 171 129 34 236 202 121 0 173 230 68 141 168 194 193 125 133 225 190 134 110 40 73 118 101 3 155 189 239 158 117 151 176 156 4 22 164 113 169 26 21 31 63 187 85 248 140 108 120 25 152 56 253 208 111 245 78 29 55 17 143 30 123 217 145 106 49 203 79 19 153 216 10 229 112 37 109 28 249 204 147 104 114 107 9 232 207 128 15 144 246 69 102 50 251 233 5 205 99 148 172 183 67 160 227 89 220 100 131 162 206 146 196 179 132 130 135 7 54 222 1 119 51 98 159 184 213 81 201 65 139 20 53 62 188 13 76 93 43 71 23 154 209 200 165 80 27 45 195 32 16 226 33 75 12 250 35 18 52 95 174 137 57 61 223 243 224 124 181 177 96 240 218 83 91 170 39 199 41 198 47 6 219 90 254 163 228 150 116 122 242 252 238 66 88 241 58 72 94 48 138 105 92 255 214 126 36 215 8 86 182 234 87 237 197 115 60 24 235 212 244 2 42 59 247 44 157 211 191 161 210 46 103 149 166 82 180 175 185 
	Fitness: 54180394
	Fitness BL: 44847378

Generacion 52
	Solucion: 136 64 167 221 14 186 70 77 192 11 97 38 142 84 231 127 178 74 171 129 34 236 202 121 0 173 230 68 141 168 194 193 125 133 225 190 134 110 40 73 118 101 3 155 189 239 158 117 151 176 156 4 22 164 113 169 26 21 31 63 187 85 248 140 108 120 25 152 56 253 208 111 245 78 29 55 17 143 30 123 217 145 106 49 203 79 19 153 216 10 229 112 37 109 28 249 204 147 104 114 107 9 232 207 128 15 144 246 69 102 50 251 233 5 205 99 148 172 183 67 160 227 89 220 100 131 162 206 146 196 179 132 130 135 7 54 222 1 119 51 98 159 184 213 81 201 65 139 20 53 62 188 13 76 93 43 71 23 154 209 200 165 80 27 45 195 32 16 226 33 75 12 250 35 18 52 95 174 137 57 61 223 243 224 124 181 177 96 240 218 83 91 170 39 199 41 198 47 6 219 90 254 163 228 150 116 122 242 252 238 66 88 241 58 72 94 48 138 105 92 255 214 126 36 215 8 86 182 234 87 237 197 115 60 24 235 212 244 2 42 59 247 44 157 211 191 161 210 46 103 149 166 82 180 175 185 
	Fitness: 54180394
	Fitness BL: 44847378

Generacion 53
	Solucion: 136 64 167 221 14 186 70 77 192 11 97 38 142 84 231 127 178 74 171 129 34 236 202 121 0 173 230 68 141 168 194 193 125 133 225 190 134 110 40 73 118 101 3 155 189 239 158 117 151 176 156 4 22 164 113 169 26 21 31 63 187 85 248 140 108 120 25 152 56 253 208 111 245 78 29 55 17 143 30 123 217 145 106 49 203 79 19 153 216 10 229 112 37 109 28 249 204 147 104 114 107 9 232 207 128 15 144 246 69 102 50 251 233 5 205 99 148 172 183 67 160 227 89 220 100 131 162 206 146 196 179 132 130 135 7 54 222 1 119 51 98 159 184 213 81 201 65 139 20 53 62 188 13 76 93 43 71 23 154 209 200 165 80 27 45 195 32 16 226 33 75 12 250 35 18 52 95 174 137 57 61 223 243 224 124 181 177 96 240 218 83 91 170 39 199 41 198 47 6 219 90 254 163 228 150 116 122 242 252 238 66 88 241 58 72 94 48 138 105 92 255 214 126 36 215 8 86 182 234 87 237 197 115 60 24 235 212 244 2 42 59 247 44 157 211 191 161 210 46 103 149 166 82 180 175 185 
	Fitness: 54180394
	Fitness BL: 44847378

Generacion 54
	Solucion: 136 64 167 221 14 186 70 77 192 11 97 38 142 84 231 127 178 74 171 129 34 236 202 121 0 173 230 68 141 168 194 193 125 133 225 190 134 110 40 73 118 101 3 155 189 239 158 117 151 176 156 4 22 164 113 169 26 21 31 63 187 85 248 140 108 120 25 152 56 253 208 111 245 78 29 55 17 143 30 123 217 145 106 49 203 79 19 153 216 10 229 112 37 109 28 249 204 147 104 114 107 9 232 207 128 15 144 246 69 102 50 251 233 5 205 99 148 172 183 67 160 227 89 220 100 131 162 206 146 196 179 132 130 135 7 54 222 1 119 51 98 159 184 213 81 201 65 139 20 53 62 188 13 76 93 43 71 23 154 209 200 165 80 27 45 195 32 16 226 33 75 12 250 35 18 52 95 174 137 57 61 223 243 224 124 181 177 96 240 218 83 91 170 39 199 41 198 47 6 219 90 254 163 228 150 116 122 242 252 238 66 88 241 58 72 94 48 138 105 92 255 214 126 36 215 8 86 182 234 87 237 197 115 60 24 235 212 244 2 42 59 247 44 157 211 191 161 210 46 103 149 166 82 180 175 185 
	Fitness: 54180394
	Fitness BL: 44847378

Generacion 55
	Solucion: 136 64 167 221 14 186 70 77 192 11 97 38 142 84 231 127 178 74 171 129 34 236 202 121 0 173 230 68 141 168 194 193 125 133 225 190 134 110 40 73 118 101 3 155 189 239 158 117 151 176 156 4 22 164 113 169 26 21 31 63 187 85 248 140 108 120 25 152 56 253 208 111 245 78 29 55 17 143 30 123 217 145 106 49 203 79 19 153 216 10 229 112 37 109 28 249 204 147 104 114 107 9 232 207 128 15 144 246 69 102 50 251 233 5 205 99 148 172 183 67 160 227 89 220 100 131 162 206 146 196 179 132 130 135 7 54 222 1 119 51 98 159 184 213 81 201 65 139 20 53 62 188 13 76 93 43 71 23 154 209 200 165 80 27 45 195 32 16 226 33 75 12 250 35 18 52 95 174 137 57 61 223 243 224 124 181 177 96 240 218 83 91 170 39 199 41 198 47 6 219 90 254 163 228 150 116 122 242 252 238 66 88 241 58 72 94 48 138 105 92 255 214 126 36 215 8 86 182 234 87 237 197 115 60 24 235 212 244 2 42 59 247 44 157 211 191 161 210 46 103 149 166 82 180 175 185 
	Fitness: 54180394
	Fitness BL: 44847378

Generacion 56
	Solucion: 136 64 167 221 14 186 70 77 192 11 97 38 142 84 231 127 178 74 171 129 34 236 202 121 0 173 230 68 141 168 194 193 125 133 225 190 134 110 40 73 118 101 3 155 189 239 158 117 151 176 156 4 22 164 113 169 26 21 31 63 187 85 248 140 108 120 25 152 56 253 208 111 245 78 29 55 17 143 30 123 217 145 106 49 203 79 19 153 216 10 229 112 37 109 28 249 204 147 104 114 107 9 232 207 128 15 144 246 69 102 50 251 233 5 205 99 148 172 183 67 160 227 89 220 100 131 162 206 146 196 179 132 130 135 7 54 222 1 119 51 98 159 184 213 81 201 65 139 20 53 62 188 13 76 93 43 71 23 154 209 200 165 80 27 45 195 32 16 226 33 75 12 250 35 18 52 95 174 137 57 61 223 243 224 124 181 177 96 240 218 83 91 170 39 199 41 198 47 6 219 90 254 163 228 150 116 122 242 252 238 66 88 241 58 72 94 48 138 105 92 255 214 126 36 215 8 86 182 234 87 237 197 115 60 24 235 212 244 2 42 59 247 44 157 211 191 161 210 46 103 149 166 82 180 175 185 
	Fitness: 54180394
	Fitness BL: 44847378

Generacion 57
	Solucion: 136 64 167 221 14 186 70 77 192 11 97 38 142 84 231 127 178 74 171 129 34 236 202 121 0 173 230 68 141 168 194 193 125 133 225 190 134 110 40 73 118 101 3 155 189 239 158 117 151 176 156 4 22 164 113 169 26 21 31 63 187 85 248 140 108 120 25 152 56 253 208 111 245 78 29 55 17 143 30 123 217 145 106 49 203 79 19 153 216 10 229 112 37 109 28 249 204 147 104 114 107 9 232 207 128 15 144 246 69 102 50 251 233 5 205 99 148 172 183 67 160 227 89 220 100 131 162 206 146 196 179 132 130 135 7 54 222 1 119 51 98 159 184 213 81 201 65 139 20 53 62 188 13 76 93 43 71 23 154 209 200 165 80 27 45 195 32 16 226 33 75 12 250 35 18 52 95 174 137 57 61 223 243 224 124 181 177 96 240 218 83 91 170 39 199 41 198 47 6 219 90 254 163 228 150 116 122 242 252 238 66 88 241 58 72 94 48 138 105 92 255 214 126 36 215 8 86 182 234 87 237 197 115 60 24 235 212 244 2 42 59 247 44 157 211 191 161 210 46 103 149 166 82 180 175 185 
	Fitness: 54180394
	Fitness BL: 44847378

Generacion 58
	Solucion: 136 64 167 221 14 186 70 77 192 11 97 38 142 84 231 127 178 74 171 129 34 236 202 121 0 173 230 68 141 168 194 193 125 133 225 190 134 110 40 73 118 101 3 155 189 239 158 117 151 176 156 4 22 164 113 169 26 21 31 63 187 85 248 140 108 120 25 152 56 253 208 111 245 78 29 55 17 143 30 123 217 145 106 49 203 79 19 153 216 10 229 112 37 109 28 249 204 147 104 114 107 9 232 207 128 15 144 246 69 102 50 251 233 5 205 99 148 172 183 67 160 227 89 220 100 131 162 206 146 196 179 132 130 135 7 54 222 1 119 51 98 159 184 213 81 201 65 139 20 53 62 188 13 76 93 43 71 23 154 209 200 165 80 27 45 195 32 16 226 33 75 12 250 35 18 52 95 174 137 57 61 223 243 224 124 181 177 96 240 218 83 91 170 39 199 41 198 47 6 219 90 254 163 228 150 116 122 242 252 238 66 88 241 58 72 94 48 138 105 92 255 214 126 36 215 8 86 182 234 87 237 197 115 60 24 235 212 244 2 42 59 247 44 157 211 191 161 210 46 103 149 166 82 180 175 185 
	Fitness: 54180394
	Fitness BL: 44847378

Generacion 59
	Solucion: 136 64 167 221 14 186 70 77 192 11 97 38 142 84 231 127 178 74 171 129 34 236 202 121 0 173 230 68 141 168 194 193 125 133 225 190 134 110 40 73 118 101 3 155 189 239 158 117 151 176 156 4 22 164 113 169 26 21 31 63 187 85 248 140 108 120 25 152 56 253 208 111 245 78 29 55 17 143 30 123 217 145 106 49 203 79 19 153 216 10 229 112 37 109 28 249 204 147 104 114 107 9 232 207 128 15 144 246 69 102 50 251 233 5 205 99 148 172 183 67 160 227 89 220 100 131 162 206 146 196 179 132 130 135 7 54 222 1 119 51 98 159 184 213 81 201 65 139 20 53 62 188 13 76 93 43 71 23 154 209 200 165 80 27 45 195 32 16 226 33 75 12 250 35 18 52 95 174 137 57 61 223 243 224 124 181 177 96 240 218 83 91 170 39 199 41 198 47 6 219 90 254 163 228 150 116 122 242 252 238 66 88 241 58 72 94 48 138 105 92 255 214 126 36 215 8 86 182 234 87 237 197 115 60 24 235 212 244 2 42 59 247 44 157 211 191 161 210 46 103 149 166 82 180 175 185 
	Fitness: 54180394
	Fitness BL: 44847378

Generacion 60
	Solucion: 136 64 167 221 14 186 70 77 192 11 97 38 142 84 231 127 178 74 171 129 34 236 202 121 0 173 230 68 141 168 194 193 125 133 225 190 134 110 40 73 118 101 3 155 189 239 158 117 151 176 156 4 22 164 113 169 26 21 31 63 187 85 248 140 108 120 25 152 56 253 208 111 245 78 29 55 17 143 30 123 217 145 106 49 203 79 19 153 216 10 229 112 37 109 28 249 204 147 104 114 107 9 232 207 128 15 144 246 69 102 50 251 233 5 205 99 148 172 183 67 160 227 89 220 100 131 162 206 146 196 179 132 130 135 7 54 222 1 119 51 98 159 184 213 81 201 65 139 20 53 62 188 13 76 93 43 71 23 154 209 200 165 80 27 45 195 32 16 226 33 75 12 250 35 18 52 95 174 137 57 61 223 243 224 124 181 177 96 240 218 83 91 170 39 199 41 198 47 6 219 90 254 163 228 150 116 122 242 252 238 66 88 241 58 72 94 48 138 105 92 255 214 126 36 215 8 86 182 234 87 237 197 115 60 24 235 212 244 2 42 59 247 44 157 211 191 161 210 46 103 149 166 82 180 175 185 
	Fitness: 54180394
	Fitness BL: 44847378

Generacion 61
	Solucion: 136 64 167 221 14 186 70 77 192 11 97 38 142 84 231 127 178 74 171 129 34 236 202 121 0 173 230 68 141 168 194 193 125 133 225 190 134 110 40 73 118 101 3 155 189 239 158 117 151 176 156 4 22 164 113 169 26 21 31 63 187 85 248 140 108 120 25 152 56 253 208 111 245 78 29 55 17 143 30 123 217 145 106 49 203 79 19 153 216 10 229 112 37 109 28 249 204 147 104 114 107 9 232 207 128 15 144 246 69 102 50 251 233 5 205 99 148 172 183 67 160 227 89 220 100 131 162 206 146 196 179 132 130 135 7 54 222 1 119 51 98 159 184 213 81 201 65 139 20 53 62 188 13 76 93 43 71 23 154 209 200 165 80 27 45 195 32 16 226 33 75 12 250 35 18 52 95 174 137 57 61 223 243 224 124 181 177 96 240 218 83 91 170 39 199 41 198 47 6 219 90 254 163 228 150 116 122 242 252 238 66 88 241 58 72 94 48 138 105 92 255 214 126 36 215 8 86 182 234 87 237 197 115 60 24 235 212 244 2 42 59 247 44 157 211 191 161 210 46 103 149 166 82 180 175 185 
	Fitness: 54180394
	Fitness BL: 44847378

Generacion 62
	Solucion: 136 64 167 221 14 186 70 77 192 11 97 38 142 84 231 127 178 74 171 129 34 236 202 121 0 173 230 68 141 168 194 193 125 133 225 190 134 110 40 73 118 101 3 155 189 239 158 117 151 176 156 4 22 164 113 169 26 21 31 63 187 85 248 140 108 120 25 152 56 253 208 111 245 78 29 55 17 143 30 123 217 145 106 49 203 79 19 153 216 10 229 112 37 109 28 249 204 147 104 114 107 9 232 207 128 15 144 246 69 102 50 251 233 5 205 99 148 172 183 67 160 227 89 220 100 131 162 206 146 196 179 132 130 135 7 54 222 1 119 51 98 159 184 213 81 201 65 139 20 53 62 188 13 76 93 43 71 23 154 209 200 165 80 27 45 195 32 16 226 33 75 12 250 35 18 52 95 174 137 57 61 223 243 224 124 181 177 96 240 218 83 91 170 39 199 41 198 47 6 219 90 254 163 228 150 116 122 242 252 238 66 88 241 58 72 94 48 138 105 92 255 214 126 36 215 8 86 182 234 87 237 197 115 60 24 235 212 244 2 42 59 247 44 157 211 191 161 210 46 103 149 166 82 180 175 185 
	Fitness: 54180394
	Fitness BL: 44847378

Generacion 63
	Solucion: 136 64 167 221 14 186 70 77 192 11 97 38 142 84 231 127 178 74 171 129 34 236 202 121 0 173 230 68 141 168 194 193 125 133 225 190 134 110 40 73 118 101 3 155 189 239 158 117 151 176 156 4 22 164 113 169 26 21 31 63 187 85 248 140 108 120 25 152 56 253 208 111 245 78 29 55 17 143 30 123 217 145 106 49 203 79 19 153 216 10 229 112 37 109 28 249 204 147 104 114 107 9 232 207 128 15 144 246 69 102 50 251 233 5 205 99 148 172 183 67 160 227 89 220 100 131 162 206 146 196 179 132 130 135 7 54 222 1 119 51 98 159 184 213 81 201 65 139 20 53 62 188 13 76 93 43 71 23 154 209 200 165 80 27 45 195 32 16 226 33 75 12 250 35 18 52 95 174 137 57 61 223 243 224 124 181 177 96 240 218 83 91 170 39 199 41 198 47 6 219 90 254 163 228 150 116 122 242 252 238 66 88 241 58 72 94 48 138 105 92 255 214 126 36 215 8 86 182 234 87 237 197 115 60 24 235 212 244 2 42 59 247 44 157 211 191 161 210 46 103 149 166 82 180 175 185 
	Fitness: 54180394
	Fitness BL: 44847378

Generacion 64
	Solucion: 136 64 167 221 14 186 70 77 192 11 97 38 142 84 231 127 178 74 171 129 34 236 202 121 0 173 230 68 141 168 194 193 125 133 225 190 134 110 40 73 118 101 3 155 189 239 158 117 151 176 156 4 22 164 113 169 26 21 31 63 187 85 248 140 108 120 25 152 56 253 208 111 245 78 29 55 17 143 30 123 217 145 106 49 203 79 19 153 216 10 229 112 37 109 28 249 204 147 104 114 107 9 232 207 128 15 144 246 69 102 50 251 233 5 205 99 148 172 183 67 160 227 89 220 100 131 162 206 146 196 179 132 130 135 7 54 222 1 119 51 98 159 184 213 81 201 65 139 20 53 62 188 13 76 93 43 71 23 154 209 200 165 80 27 45 195 32 16 226 33 75 12 250 35 18 52 95 174 137 57 61 223 243 224 124 181 177 96 240 218 83 91 170 39 199 41 198 47 6 219 90 254 163 228 150 116 122 242 252 238 66 88 241 58 72 94 48 138 105 92 255 214 126 36 215 8 86 182 234 87 237 197 115 60 24 235 212 244 2 42 59 247 44 157 211 191 161 210 46 103 149 166 82 180 175 185 
	Fitness: 54180394
	Fitness BL: 44847378

Generacion 65
	Solucion: 136 64 167 221 14 186 70 77 192 11 97 38 142 84 231 127 178 74 171 129 34 236 202 121 0 173 230 68 141 168 194 193 125 133 225 190 134 110 40 73 118 101 3 155 189 239 158 117 151 176 156 4 22 164 113 169 26 21 31 63 187 85 248 140 108 120 25 152 56 253 208 111 245 78 29 55 17 143 30 123 217 145 106 49 203 79 19 153 216 10 229 112 37 109 28 249 204 147 104 114 107 9 232 207 128 15 144 246 69 102 50 251 233 5 205 99 148 172 183 67 160 227 89 220 100 131 162 206 146 196 179 132 130 135 7 54 222 1 119 51 98 159 184 213 81 201 65 139 20 53 62 188 13 76 93 43 71 23 154 209 200 165 80 27 45 195 32 16 226 33 75 12 250 35 18 52 95 174 137 57 61 223 243 224 124 181 177 96 240 218 83 91 170 39 199 41 198 47 6 219 90 254 163 228 150 116 122 242 252 238 66 88 241 58 72 94 48 138 105 92 255 214 126 36 215 8 86 182 234 87 237 197 115 60 24 235 212 244 2 42 59 247 44 157 211 191 161 210 46 103 149 166 82 180 175 185 
	Fitness: 54180394
	Fitness BL: 44847378

Generacion 66
	Solucion: 136 64 167 221 14 186 70 77 192 11 97 38 142 84 231 127 178 74 171 129 34 236 202 121 0 173 230 68 141 168 194 193 125 133 225 190 134 110 40 73 118 101 3 155 189 239 158 117 151 176 156 4 22 164 113 169 26 21 31 63 187 85 248 140 108 120 25 152 56 253 208 111 245 78 29 55 17 143 30 123 217 145 106 49 203 79 19 153 216 10 229 112 37 109 28 249 204 147 104 114 107 9 232 207 128 15 144 246 69 102 50 251 233 5 205 99 148 172 183 67 160 227 89 220 100 131 162 206 146 196 179 132 130 135 7 54 222 1 119 51 98 159 184 213 81 201 65 139 20 53 62 188 13 76 93 43 71 23 154 209 200 165 80 27 45 195 32 16 226 33 75 12 250 35 18 52 95 174 137 57 61 223 243 224 124 181 177 96 240 218 83 91 170 39 199 41 198 47 6 219 90 254 163 228 150 116 122 242 252 238 66 88 241 58 72 94 48 138 105 92 255 214 126 36 215 8 86 182 234 87 237 197 115 60 24 235 212 244 2 42 59 247 44 157 211 191 161 210 46 103 149 166 82 180 175 185 
	Fitness: 54180394
	Fitness BL: 44847378

Generacion 67
	Solucion: 136 64 167 221 14 186 70 77 192 11 97 38 142 84 231 127 178 74 171 129 34 236 202 121 0 173 230 68 141 168 194 193 125 133 225 190 134 110 40 73 118 101 3 155 189 239 158 117 151 176 156 4 22 164 113 169 26 21 31 63 187 85 248 140 108 120 25 152 56 253 208 111 245 78 29 55 17 143 30 123 217 145 106 49 203 79 19 153 216 10 229 112 37 109 28 249 204 147 104 114 107 9 232 207 128 15 144 246 69 102 50 251 233 5 205 99 148 172 183 67 160 227 89 220 100 131 162 206 146 196 179 132 130 135 7 54 222 1 119 51 98 159 184 213 81 201 65 139 20 53 62 188 13 76 93 43 71 23 154 209 200 165 80 27 45 195 32 16 226 33 75 12 250 35 18 52 95 174 137 57 61 223 243 224 124 181 177 96 240 218 83 91 170 39 199 41 198 47 6 219 90 254 163 228 150 116 122 242 252 238 66 88 241 58 72 94 48 138 105 92 255 214 126 36 215 8 86 182 234 87 237 197 115 60 24 235 212 244 2 42 59 247 44 157 211 191 161 210 46 103 149 166 82 180 175 185 
	Fitness: 54180394
	Fitness BL: 44847378

Generacion 68
	Solucion: 136 64 167 221 14 186 70 77 192 11 97 38 142 84 231 127 178 74 171 129 34 236 202 121 0 173 230 68 141 168 194 193 125 133 225 190 134 110 40 73 118 101 3 155 189 239 158 117 151 176 156 4 22 164 113 169 26 21 31 63 187 85 248 140 108 120 25 152 56 253 208 111 245 78 29 55 17 143 30 123 217 145 106 49 203 79 19 153 216 10 229 112 37 109 28 249 204 147 104 114 107 9 232 207 128 15 144 246 69 102 50 251 233 5 205 99 148 172 183 67 160 227 89 220 100 131 162 206 146 196 179 132 130 135 7 54 222 1 119 51 98 159 184 213 81 201 65 139 20 53 62 188 13 76 93 43 71 23 154 209 200 165 80 27 45 195 32 16 226 33 75 12 250 35 18 52 95 174 137 57 61 223 243 224 124 181 177 96 240 218 83 91 170 39 199 41 198 47 6 219 90 254 163 228 150 116 122 242 252 238 66 88 241 58 72 94 48 138 105 92 255 214 126 36 215 8 86 182 234 87 237 197 115 60 24 235 212 244 2 42 59 247 44 157 211 191 161 210 46 103 149 166 82 180 175 185 
	Fitness: 54180394
	Fitness BL: 44847378

Generacion 69
	Solucion: 136 64 167 221 14 186 70 77 192 11 97 38 142 84 231 127 178 74 171 129 34 236 202 121 0 173 230 68 141 168 194 193 125 133 225 190 134 110 40 73 118 101 3 155 189 239 158 117 151 176 156 4 22 164 113 169 26 21 31 63 187 85 248 140 108 120 25 152 56 253 208 111 245 78 29 55 17 143 30 123 217 145 106 49 203 79 19 153 216 10 229 112 37 109 28 249 204 147 104 114 107 9 232 207 128 15 144 246 69 102 50 251 233 5 205 99 148 172 183 67 160 227 89 220 100 131 162 206 146 196 179 132 130 135 7 54 222 1 119 51 98 159 184 213 81 201 65 139 20 53 62 188 13 76 93 43 71 23 154 209 200 165 80 27 45 195 32 16 226 33 75 12 250 35 18 52 95 174 137 57 61 223 243 224 124 181 177 96 240 218 83 91 170 39 199 41 198 47 6 219 90 254 163 228 150 116 122 242 252 238 66 88 241 58 72 94 48 138 105 92 255 214 126 36 215 8 86 182 234 87 237 197 115 60 24 235 212 244 2 42 59 247 44 157 211 191 161 210 46 103 149 166 82 180 175 185 
	Fitness: 54180394
	Fitness BL: 44847378

Generacion 70
	Solucion: 136 64 167 221 14 186 70 77 192 11 97 38 142 84 231 127 178 74 171 129 34 236 202 121 0 173 230 68 141 168 194 193 125 133 225 190 134 110 40 73 118 101 3 155 189 239 158 117 151 176 156 4 22 164 113 169 26 21 31 63 187 85 248 140 108 120 25 152 56 253 208 111 245 78 29 55 17 143 30 123 217 145 106 49 203 79 19 153 216 10 229 112 37 109 28 249 204 147 104 114 107 9 232 207 128 15 144 246 69 102 50 251 233 5 205 99 148 172 183 67 160 227 89 220 100 131 162 206 146 196 179 132 130 135 7 54 222 1 119 51 98 159 184 213 81 201 65 139 20 53 62 188 13 76 93 43 71 23 154 209 200 165 80 27 45 195 32 16 226 33 75 12 250 35 18 52 95 174 137 57 61 223 243 224 124 181 177 96 240 218 83 91 170 39 199 41 198 47 6 219 90 254 163 228 150 116 122 242 252 238 66 88 241 58 72 94 48 138 105 92 255 214 126 36 215 8 86 182 234 87 237 197 115 60 24 235 212 244 2 42 59 247 44 157 211 191 161 210 46 103 149 166 82 180 175 185 
	Fitness: 54180394
	Fitness BL: 44847378

Generacion 71
	Solucion: 136 64 167 221 14 186 70 77 192 11 97 38 142 84 231 127 178 74 171 129 34 236 202 121 0 173 230 68 141 168 194 193 125 133 225 190 134 110 40 73 118 101 3 155 189 239 158 117 151 176 156 4 22 164 113 169 26 21 31 63 187 85 248 140 108 120 25 152 56 253 208 111 245 78 29 55 17 143 30 123 217 145 106 49 203 79 19 153 216 10 229 112 37 109 28 249 204 147 104 114 107 9 232 207 128 15 144 246 69 102 50 251 233 5 205 99 148 172 183 67 160 227 89 220 100 131 162 206 146 196 179 132 130 135 7 54 222 1 119 51 98 159 184 213 81 201 65 139 20 53 62 188 13 76 93 43 71 23 154 209 200 165 80 27 45 195 32 16 226 33 75 12 250 35 18 52 95 174 137 57 61 223 243 224 124 181 177 96 240 218 83 91 170 39 199 41 198 47 6 219 90 254 163 228 150 116 122 242 252 238 66 88 241 58 72 94 48 138 105 92 255 214 126 36 215 8 86 182 234 87 237 197 115 60 24 235 212 244 2 42 59 247 44 157 211 191 161 210 46 103 149 166 82 180 175 185 
	Fitness: 54180394
	Fitness BL: 44847378

Generacion 72
	Solucion: 136 64 167 221 14 186 70 77 192 11 97 38 142 84 231 127 178 74 171 129 34 236 202 121 0 173 230 68 141 168 194 193 125 133 225 190 134 110 40 73 118 101 3 155 189 239 158 117 151 176 156 4 22 164 113 169 26 21 31 63 187 85 248 140 108 120 25 152 56 253 208 111 245 78 29 55 17 143 30 123 217 145 106 49 203 79 19 153 216 10 229 112 37 109 28 249 204 147 104 114 107 9 232 207 128 15 144 246 69 102 50 251 233 5 205 99 148 172 183 67 160 227 89 220 100 131 162 206 146 196 179 132 130 135 7 54 222 1 119 51 98 159 184 213 81 201 65 139 20 53 62 188 13 76 93 43 71 23 154 209 200 165 80 27 45 195 32 16 226 33 75 12 250 35 18 52 95 174 137 57 61 223 243 224 124 181 177 96 240 218 83 91 170 39 199 41 198 47 6 219 90 254 163 228 150 116 122 242 252 238 66 88 241 58 72 94 48 138 105 92 255 214 126 36 215 8 86 182 234 87 237 197 115 60 24 235 212 244 2 42 59 247 44 157 211 191 161 210 46 103 149 166 82 180 175 185 
	Fitness: 54180394
	Fitness BL: 44847378

Generacion 73
	Solucion: 136 64 167 221 14 186 70 77 192 11 97 38 142 84 231 127 178 74 171 129 34 236 202 121 0 173 230 68 141 168 194 193 125 133 225 190 134 110 40 73 118 101 3 155 189 239 158 117 151 176 156 4 22 164 113 169 26 21 31 63 187 85 248 140 108 120 25 152 56 253 208 111 245 78 29 55 17 143 30 123 217 145 106 49 203 79 19 153 216 10 229 112 37 109 28 249 204 147 104 114 107 9 232 207 128 15 144 246 69 102 50 251 233 5 205 99 148 172 183 67 160 227 89 220 100 131 162 206 146 196 179 132 130 135 7 54 222 1 119 51 98 159 184 213 81 201 65 139 20 53 62 188 13 76 93 43 71 23 154 209 200 165 80 27 45 195 32 16 226 33 75 12 250 35 18 52 95 174 137 57 61 223 243 224 124 181 177 96 240 218 83 91 170 39 199 41 198 47 6 219 90 254 163 228 150 116 122 242 252 238 66 88 241 58 72 94 48 138 105 92 255 214 126 36 215 8 86 182 234 87 237 197 115 60 24 235 212 244 2 42 59 247 44 157 211 191 161 210 46 103 149 166 82 180 175 185 
	Fitness: 54180394
	Fitness BL: 44847378

Generacion 74
	Solucion: 136 64 167 221 14 186 70 77 192 11 97 38 142 84 231 127 178 74 171 129 34 236 202 121 0 173 230 68 141 168 194 193 125 133 225 190 134 110 40 73 118 101 3 155 189 239 158 117 151 176 156 4 22 164 113 169 26 21 31 63 187 85 248 140 108 120 25 152 56 253 208 111 245 78 29 55 17 143 30 123 217 145 106 49 203 79 19 153 216 10 229 112 37 109 28 249 204 147 104 114 107 9 232 207 128 15 144 246 69 102 50 251 233 5 205 99 148 172 183 67 160 227 89 220 100 131 162 206 146 196 179 132 130 135 7 54 222 1 119 51 98 159 184 213 81 201 65 139 20 53 62 188 13 76 93 43 71 23 154 209 200 165 80 27 45 195 32 16 226 33 75 12 250 35 18 52 95 174 137 57 61 223 243 224 124 181 177 96 240 218 83 91 170 39 199 41 198 47 6 219 90 254 163 228 150 116 122 242 252 238 66 88 241 58 72 94 48 138 105 92 255 214 126 36 215 8 86 182 234 87 237 197 115 60 24 235 212 244 2 42 59 247 44 157 211 191 161 210 46 103 149 166 82 180 175 185 
	Fitness: 54180394
	Fitness BL: 44847378

Generacion 75
	Solucion: 136 64 167 221 14 186 70 77 192 11 97 38 142 84 231 127 178 74 171 129 34 236 202 121 0 173 230 68 141 168 194 193 125 133 225 190 134 110 40 73 118 101 3 155 189 239 158 117 151 176 156 4 22 164 113 169 26 21 31 63 187 85 248 140 108 120 25 152 56 253 208 111 245 78 29 55 17 143 30 123 217 145 106 49 203 79 19 153 216 10 229 112 37 109 28 249 204 147 104 114 107 9 232 207 128 15 144 246 69 102 50 251 233 5 205 99 148 172 183 67 160 227 89 220 100 131 162 206 146 196 179 132 130 135 7 54 222 1 119 51 98 159 184 213 81 201 65 139 20 53 62 188 13 76 93 43 71 23 154 209 200 165 80 27 45 195 32 16 226 33 75 12 250 35 18 52 95 174 137 57 61 223 243 224 124 181 177 96 240 218 83 91 170 39 199 41 198 47 6 219 90 254 163 228 150 116 122 242 252 238 66 88 241 58 72 94 48 138 105 92 255 214 126 36 215 8 86 182 234 87 237 197 115 60 24 235 212 244 2 42 59 247 44 157 211 191 161 210 46 103 149 166 82 180 175 185 
	Fitness: 54180394
	Fitness BL: 44847378

Generacion 76
	Solucion: 136 64 167 221 14 186 70 77 192 11 97 38 142 84 231 127 178 74 171 129 34 236 202 121 0 173 230 68 141 168 194 193 125 133 225 190 134 110 40 73 118 101 3 155 189 239 158 117 151 176 156 4 22 164 113 169 26 21 31 63 187 85 248 140 108 120 25 152 56 253 208 111 245 78 29 55 17 143 30 123 217 145 106 49 203 79 19 153 216 10 229 112 37 109 28 249 204 147 104 114 107 9 232 207 128 15 144 246 69 102 50 251 233 5 205 99 148 172 183 67 160 227 89 220 100 131 162 206 146 196 179 132 130 135 7 54 222 1 119 51 98 159 184 213 81 201 65 139 20 53 62 188 13 76 93 43 71 23 154 209 200 165 80 27 45 195 32 16 226 33 75 12 250 35 18 52 95 174 137 57 61 223 243 224 124 181 177 96 240 218 83 91 170 39 199 41 198 47 6 219 90 254 163 228 150 116 122 242 252 238 66 88 241 58 72 94 48 138 105 92 255 214 126 36 215 8 86 182 234 87 237 197 115 60 24 235 212 244 2 42 59 247 44 157 211 191 161 210 46 103 149 166 82 180 175 185 
	Fitness: 54180394
	Fitness BL: 44847378

Generacion 77
	Solucion: 136 64 167 221 14 186 70 77 192 11 97 38 142 84 231 127 178 74 171 129 34 236 202 121 0 173 230 68 141 168 194 193 125 133 225 190 134 110 40 73 118 101 3 155 189 239 158 117 151 176 156 4 22 164 113 169 26 21 31 63 187 85 248 140 108 120 25 152 56 253 208 111 245 78 29 55 17 143 30 123 217 145 106 49 203 79 19 153 216 10 229 112 37 109 28 249 204 147 104 114 107 9 232 207 128 15 144 246 69 102 50 251 233 5 205 99 148 172 183 67 160 227 89 220 100 131 162 206 146 196 179 132 130 135 7 54 222 1 119 51 98 159 184 213 81 201 65 139 20 53 62 188 13 76 93 43 71 23 154 209 200 165 80 27 45 195 32 16 226 33 75 12 250 35 18 52 95 174 137 57 61 223 243 224 124 181 177 96 240 218 83 91 170 39 199 41 198 47 6 219 90 254 163 228 150 116 122 242 252 238 66 88 241 58 72 94 48 138 105 92 255 214 126 36 215 8 86 182 234 87 237 197 115 60 24 235 212 244 2 42 59 247 44 157 211 191 161 210 46 103 149 166 82 180 175 185 
	Fitness: 54180394
	Fitness BL: 44847378

Generacion 78
	Solucion: 136 64 167 221 14 186 70 77 192 11 97 38 142 84 231 127 178 74 171 129 34 236 202 121 0 173 230 68 141 168 194 193 125 133 225 190 134 110 40 73 118 101 3 155 189 239 158 117 151 176 156 4 22 164 113 169 26 21 31 63 187 85 248 140 108 120 25 152 56 253 208 111 245 78 29 55 17 143 30 123 217 145 106 49 203 79 19 153 216 10 229 112 37 109 28 249 204 147 104 114 107 9 232 207 128 15 144 246 69 102 50 251 233 5 205 99 148 172 183 67 160 227 89 220 100 131 162 206 146 196 179 132 130 135 7 54 222 1 119 51 98 159 184 213 81 201 65 139 20 53 62 188 13 76 93 43 71 23 154 209 200 165 80 27 45 195 32 16 226 33 75 12 250 35 18 52 95 174 137 57 61 223 243 224 124 181 177 96 240 218 83 91 170 39 199 41 198 47 6 219 90 254 163 228 150 116 122 242 252 238 66 88 241 58 72 94 48 138 105 92 255 214 126 36 215 8 86 182 234 87 237 197 115 60 24 235 212 244 2 42 59 247 44 157 211 191 161 210 46 103 149 166 82 180 175 185 
	Fitness: 54180394
	Fitness BL: 44847378

Generacion 79
	Solucion: 136 64 167 221 14 186 70 77 192 11 97 38 142 84 231 127 178 74 171 129 34 236 202 121 0 173 230 68 141 168 194 193 125 133 225 190 134 110 40 73 118 101 3 155 189 239 158 117 151 176 156 4 22 164 113 169 26 21 31 63 187 85 248 140 108 120 25 152 56 253 208 111 245 78 29 55 17 143 30 123 217 145 106 49 203 79 19 153 216 10 229 112 37 109 28 249 204 147 104 114 107 9 232 207 128 15 144 246 69 102 50 251 233 5 205 99 148 172 183 67 160 227 89 220 100 131 162 206 146 196 179 132 130 135 7 54 222 1 119 51 98 159 184 213 81 201 65 139 20 53 62 188 13 76 93 43 71 23 154 209 200 165 80 27 45 195 32 16 226 33 75 12 250 35 18 52 95 174 137 57 61 223 243 224 124 181 177 96 240 218 83 91 170 39 199 41 198 47 6 219 90 254 163 228 150 116 122 242 252 238 66 88 241 58 72 94 48 138 105 92 255 214 126 36 215 8 86 182 234 87 237 197 115 60 24 235 212 244 2 42 59 247 44 157 211 191 161 210 46 103 149 166 82 180 175 185 
	Fitness: 54180394
	Fitness BL: 44847378

Generacion 80
	Solucion: 136 64 167 221 14 186 70 77 192 11 97 38 142 84 231 127 178 74 171 129 34 236 202 121 0 173 230 68 141 168 194 193 125 133 225 190 134 110 40 73 118 101 3 155 189 239 158 117 151 176 156 4 22 164 113 169 26 21 31 63 187 85 248 140 108 120 25 152 56 253 208 111 245 78 29 55 17 143 30 123 217 145 106 49 203 79 19 153 216 10 229 112 37 109 28 249 204 147 104 114 107 9 232 207 128 15 144 246 69 102 50 251 233 5 205 99 148 172 183 67 160 227 89 220 100 131 162 206 146 196 179 132 130 135 7 54 222 1 119 51 98 159 184 213 81 201 65 139 20 53 62 188 13 76 93 43 71 23 154 209 200 165 80 27 45 195 32 16 226 33 75 12 250 35 18 52 95 174 137 57 61 223 243 224 124 181 177 96 240 218 83 91 170 39 199 41 198 47 6 219 90 254 163 228 150 116 122 242 252 238 66 88 241 58 72 94 48 138 105 92 255 214 126 36 215 8 86 182 234 87 237 197 115 60 24 235 212 244 2 42 59 247 44 157 211 191 161 210 46 103 149 166 82 180 175 185 
	Fitness: 54180394
	Fitness BL: 44847378

Generacion 81
	Solucion: 136 64 167 221 14 186 70 77 192 11 97 38 142 84 231 127 178 74 171 129 34 236 202 121 0 173 230 68 141 168 194 193 125 133 225 190 134 110 40 73 118 101 3 155 189 239 158 117 151 176 156 4 22 164 113 169 26 21 31 63 187 85 248 140 108 120 25 152 56 253 208 111 245 78 29 55 17 143 30 123 217 145 106 49 203 79 19 153 216 10 229 112 37 109 28 249 204 147 104 114 107 9 232 207 128 15 144 246 69 102 50 251 233 5 205 99 148 172 183 67 160 227 89 220 100 131 162 206 146 196 179 132 130 135 7 54 222 1 119 51 98 159 184 213 81 201 65 139 20 53 62 188 13 76 93 43 71 23 154 209 200 165 80 27 45 195 32 16 226 33 75 12 250 35 18 52 95 174 137 57 61 223 243 224 124 181 177 96 240 218 83 91 170 39 199 41 198 47 6 219 90 254 163 228 150 116 122 242 252 238 66 88 241 58 72 94 48 138 105 92 255 214 126 36 215 8 86 182 234 87 237 197 115 60 24 235 212 244 2 42 59 247 44 157 211 191 161 210 46 103 149 166 82 180 175 185 
	Fitness: 54180394
	Fitness BL: 44847378

Generacion 82
	Solucion: 136 64 167 221 14 186 70 77 192 11 97 38 142 84 231 127 178 74 171 129 34 236 202 121 0 173 230 68 141 168 194 193 125 133 225 190 134 110 40 73 118 101 3 155 189 239 158 117 151 176 156 4 22 164 113 169 26 21 31 63 187 85 248 140 108 120 25 152 56 253 208 111 245 78 29 55 17 143 30 123 217 145 106 49 203 79 19 153 216 10 229 112 37 109 28 249 204 147 104 114 107 9 232 207 128 15 144 246 69 102 50 251 233 5 205 99 148 172 183 67 160 227 89 220 100 131 162 206 146 196 179 132 130 135 7 54 222 1 119 51 98 159 184 213 81 201 65 139 20 53 62 188 13 76 93 43 71 23 154 209 200 165 80 27 45 195 32 16 226 33 75 12 250 35 18 52 95 174 137 57 61 223 243 224 124 181 177 96 240 218 83 91 170 39 199 41 198 47 6 219 90 254 163 228 150 116 122 242 252 238 66 88 241 58 72 94 48 138 105 92 255 214 126 36 215 8 86 182 234 87 237 197 115 60 24 235 212 244 2 42 59 247 44 157 211 191 161 210 46 103 149 166 82 180 175 185 
	Fitness: 54180394
	Fitness BL: 44847378

Generacion 83
	Solucion: 136 64 167 221 14 186 70 77 192 11 97 38 142 84 231 127 178 74 171 129 34 236 202 121 0 173 230 68 141 168 194 193 125 133 225 190 134 110 40 73 118 101 3 155 189 239 158 117 151 176 156 4 22 164 113 169 26 21 31 63 187 85 248 140 108 120 25 152 56 253 208 111 245 78 29 55 17 143 30 123 217 145 106 49 203 79 19 153 216 10 229 112 37 109 28 249 204 147 104 114 107 9 232 207 128 15 144 246 69 102 50 251 233 5 205 99 148 172 183 67 160 227 89 220 100 131 162 206 146 196 179 132 130 135 7 54 222 1 119 51 98 159 184 213 81 201 65 139 20 53 62 188 13 76 93 43 71 23 154 209 200 165 80 27 45 195 32 16 226 33 75 12 250 35 18 52 95 174 137 57 61 223 243 224 124 181 177 96 240 218 83 91 170 39 199 41 198 47 6 219 90 254 163 228 150 116 122 242 252 238 66 88 241 58 72 94 48 138 105 92 255 214 126 36 215 8 86 182 234 87 237 197 115 60 24 235 212 244 2 42 59 247 44 157 211 191 161 210 46 103 149 166 82 180 175 185 
	Fitness: 54180394
	Fitness BL: 44847378

Generacion 84
	Solucion: 136 64 167 221 14 186 70 77 192 11 97 38 142 84 231 127 178 74 171 129 34 236 202 121 0 173 230 68 141 168 194 193 125 133 225 190 134 110 40 73 118 101 3 155 189 239 158 117 151 176 156 4 22 164 113 169 26 21 31 63 187 85 248 140 108 120 25 152 56 253 208 111 245 78 29 55 17 143 30 123 217 145 106 49 203 79 19 153 216 10 229 112 37 109 28 249 204 147 104 114 107 9 232 207 128 15 144 246 69 102 50 251 233 5 205 99 148 172 183 67 160 227 89 220 100 131 162 206 146 196 179 132 130 135 7 54 222 1 119 51 98 159 184 213 81 201 65 139 20 53 62 188 13 76 93 43 71 23 154 209 200 165 80 27 45 195 32 16 226 33 75 12 250 35 18 52 95 174 137 57 61 223 243 224 124 181 177 96 240 218 83 91 170 39 199 41 198 47 6 219 90 254 163 228 150 116 122 242 252 238 66 88 241 58 72 94 48 138 105 92 255 214 126 36 215 8 86 182 234 87 237 197 115 60 24 235 212 244 2 42 59 247 44 157 211 191 161 210 46 103 149 166 82 180 175 185 
	Fitness: 54180394
	Fitness BL: 44847378

Generacion 85
	Solucion: 136 64 167 221 14 186 70 77 192 11 97 38 142 84 231 127 178 74 171 129 34 236 202 121 0 173 230 68 141 168 194 193 125 133 225 190 134 110 40 73 118 101 3 155 189 239 158 117 151 176 156 4 22 164 113 169 26 21 31 63 187 85 248 140 108 120 25 152 56 253 208 111 245 78 29 55 17 143 30 123 217 145 106 49 203 79 19 153 216 10 229 112 37 109 28 249 204 147 104 114 107 9 232 207 128 15 144 246 69 102 50 251 233 5 205 99 148 172 183 67 160 227 89 220 100 131 162 206 146 196 179 132 130 135 7 54 222 1 119 51 98 159 184 213 81 201 65 139 20 53 62 188 13 76 93 43 71 23 154 209 200 165 80 27 45 195 32 16 226 33 75 12 250 35 18 52 95 174 137 57 61 223 243 224 124 181 177 96 240 218 83 91 170 39 199 41 198 47 6 219 90 254 163 228 150 116 122 242 252 238 66 88 241 58 72 94 48 138 105 92 255 214 126 36 215 8 86 182 234 87 237 197 115 60 24 235 212 244 2 42 59 247 44 157 211 191 161 210 46 103 149 166 82 180 175 185 
	Fitness: 54180394
	Fitness BL: 44847378

Generacion 86
	Solucion: 136 64 167 221 14 186 70 77 192 11 97 38 142 84 231 127 178 74 171 129 34 236 202 121 0 173 230 68 141 168 194 193 125 133 225 190 134 110 40 73 118 101 3 155 189 239 158 117 151 176 156 4 22 164 113 169 26 21 31 63 187 85 248 140 108 120 25 152 56 253 208 111 245 78 29 55 17 143 30 123 217 145 106 49 203 79 19 153 216 10 229 112 37 109 28 249 204 147 104 114 107 9 232 207 128 15 144 246 69 102 50 251 233 5 205 99 148 172 183 67 160 227 89 220 100 131 162 206 146 196 179 132 130 135 7 54 222 1 119 51 98 159 184 213 81 201 65 139 20 53 62 188 13 76 93 43 71 23 154 209 200 165 80 27 45 195 32 16 226 33 75 12 250 35 18 52 95 174 137 57 61 223 243 224 124 181 177 96 240 218 83 91 170 39 199 41 198 47 6 219 90 254 163 228 150 116 122 242 252 238 66 88 241 58 72 94 48 138 105 92 255 214 126 36 215 8 86 182 234 87 237 197 115 60 24 235 212 244 2 42 59 247 44 157 211 191 161 210 46 103 149 166 82 180 175 185 
	Fitness: 54180394
	Fitness BL: 44847378

Generacion 87
	Solucion: 136 64 167 221 14 186 70 77 192 11 97 38 142 84 231 127 178 74 171 129 34 236 202 121 0 173 230 68 141 168 194 193 125 133 225 190 134 110 40 73 118 101 3 155 189 239 158 117 151 176 156 4 22 164 113 169 26 21 31 63 187 85 248 140 108 120 25 152 56 253 208 111 245 78 29 55 17 143 30 123 217 145 106 49 203 79 19 153 216 10 229 112 37 109 28 249 204 147 104 114 107 9 232 207 128 15 144 246 69 102 50 251 233 5 205 99 148 172 183 67 160 227 89 220 100 131 162 206 146 196 179 132 130 135 7 54 222 1 119 51 98 159 184 213 81 201 65 139 20 53 62 188 13 76 93 43 71 23 154 209 200 165 80 27 45 195 32 16 226 33 75 12 250 35 18 52 95 174 137 57 61 223 243 224 124 181 177 96 240 218 83 91 170 39 199 41 198 47 6 219 90 254 163 228 150 116 122 242 252 238 66 88 241 58 72 94 48 138 105 92 255 214 126 36 215 8 86 182 234 87 237 197 115 60 24 235 212 244 2 42 59 247 44 157 211 191 161 210 46 103 149 166 82 180 175 185 
	Fitness: 54180394
	Fitness BL: 44847378

Generacion 88
	Solucion: 136 64 167 221 14 186 70 77 192 11 97 38 142 84 231 127 178 74 171 129 34 236 202 121 0 173 230 68 141 168 194 193 125 133 225 190 134 110 40 73 118 101 3 155 189 239 158 117 151 176 156 4 22 164 113 169 26 21 31 63 187 85 248 140 108 120 25 152 56 253 208 111 245 78 29 55 17 143 30 123 217 145 106 49 203 79 19 153 216 10 229 112 37 109 28 249 204 147 104 114 107 9 232 207 128 15 144 246 69 102 50 251 233 5 205 99 148 172 183 67 160 227 89 220 100 131 162 206 146 196 179 132 130 135 7 54 222 1 119 51 98 159 184 213 81 201 65 139 20 53 62 188 13 76 93 43 71 23 154 209 200 165 80 27 45 195 32 16 226 33 75 12 250 35 18 52 95 174 137 57 61 223 243 224 124 181 177 96 240 218 83 91 170 39 199 41 198 47 6 219 90 254 163 228 150 116 122 242 252 238 66 88 241 58 72 94 48 138 105 92 255 214 126 36 215 8 86 182 234 87 237 197 115 60 24 235 212 244 2 42 59 247 44 157 211 191 161 210 46 103 149 166 82 180 175 185 
	Fitness: 54180394
	Fitness BL: 44847378

Generacion 89
	Solucion: 136 64 167 221 14 186 70 77 192 11 97 38 142 84 231 127 178 74 171 129 34 236 202 121 0 173 230 68 141 168 194 193 125 133 225 190 134 110 40 73 118 101 3 155 189 239 158 117 151 176 156 4 22 164 113 169 26 21 31 63 187 85 248 140 108 120 25 152 56 253 208 111 245 78 29 55 17 143 30 123 217 145 106 49 203 79 19 153 216 10 229 112 37 109 28 249 204 147 104 114 107 9 232 207 128 15 144 246 69 102 50 251 233 5 205 99 148 172 183 67 160 227 89 220 100 131 162 206 146 196 179 132 130 135 7 54 222 1 119 51 98 159 184 213 81 201 65 139 20 53 62 188 13 76 93 43 71 23 154 209 200 165 80 27 45 195 32 16 226 33 75 12 250 35 18 52 95 174 137 57 61 223 243 224 124 181 177 96 240 218 83 91 170 39 199 41 198 47 6 219 90 254 163 228 150 116 122 242 252 238 66 88 241 58 72 94 48 138 105 92 255 214 126 36 215 8 86 182 234 87 237 197 115 60 24 235 212 244 2 42 59 247 44 157 211 191 161 210 46 103 149 166 82 180 175 185 
	Fitness: 54180394
	Fitness BL: 44847378

Generacion 90
	Solucion: 136 64 167 221 14 186 70 77 192 11 97 38 142 84 231 127 178 74 171 129 34 236 202 121 0 173 230 68 141 168 194 193 125 133 225 190 134 110 40 73 118 101 3 155 189 239 158 117 151 176 156 4 22 164 113 169 26 21 31 63 187 85 248 140 108 120 25 152 56 253 208 111 245 78 29 55 17 143 30 123 217 145 106 49 203 79 19 153 216 10 229 112 37 109 28 249 204 147 104 114 107 9 232 207 128 15 144 246 69 102 50 251 233 5 205 99 148 172 183 67 160 227 89 220 100 131 162 206 146 196 179 132 130 135 7 54 222 1 119 51 98 159 184 213 81 201 65 139 20 53 62 188 13 76 93 43 71 23 154 209 200 165 80 27 45 195 32 16 226 33 75 12 250 35 18 52 95 174 137 57 61 223 243 224 124 181 177 96 240 218 83 91 170 39 199 41 198 47 6 219 90 254 163 228 150 116 122 242 252 238 66 88 241 58 72 94 48 138 105 92 255 214 126 36 215 8 86 182 234 87 237 197 115 60 24 235 212 244 2 42 59 247 44 157 211 191 161 210 46 103 149 166 82 180 175 185 
	Fitness: 54180394
	Fitness BL: 44847378

Generacion 91
	Solucion: 136 64 167 221 14 186 70 77 192 11 97 38 142 84 231 127 178 74 171 129 34 236 202 121 0 173 230 68 141 168 194 193 125 133 225 190 134 110 40 73 118 101 3 155 189 239 158 117 151 176 156 4 22 164 113 169 26 21 31 63 187 85 248 140 108 120 25 152 56 253 208 111 245 78 29 55 17 143 30 123 217 145 106 49 203 79 19 153 216 10 229 112 37 109 28 249 204 147 104 114 107 9 232 207 128 15 144 246 69 102 50 251 233 5 205 99 148 172 183 67 160 227 89 220 100 131 162 206 146 196 179 132 130 135 7 54 222 1 119 51 98 159 184 213 81 201 65 139 20 53 62 188 13 76 93 43 71 23 154 209 200 165 80 27 45 195 32 16 226 33 75 12 250 35 18 52 95 174 137 57 61 223 243 224 124 181 177 96 240 218 83 91 170 39 199 41 198 47 6 219 90 254 163 228 150 116 122 242 252 238 66 88 241 58 72 94 48 138 105 92 255 214 126 36 215 8 86 182 234 87 237 197 115 60 24 235 212 244 2 42 59 247 44 157 211 191 161 210 46 103 149 166 82 180 175 185 
	Fitness: 54180394
	Fitness BL: 44847378

Generacion 92
	Solucion: 136 64 167 221 14 186 70 77 192 11 97 38 142 84 231 127 178 74 171 129 34 236 202 121 0 173 230 68 141 168 194 193 125 133 225 190 134 110 40 73 118 101 3 155 189 239 158 117 151 176 156 4 22 164 113 169 26 21 31 63 187 85 248 140 108 120 25 152 56 253 208 111 245 78 29 55 17 143 30 123 217 145 106 49 203 79 19 153 216 10 229 112 37 109 28 249 204 147 104 114 107 9 232 207 128 15 144 246 69 102 50 251 233 5 205 99 148 172 183 67 160 227 89 220 100 131 162 206 146 196 179 132 130 135 7 54 222 1 119 51 98 159 184 213 81 201 65 139 20 53 62 188 13 76 93 43 71 23 154 209 200 165 80 27 45 195 32 16 226 33 75 12 250 35 18 52 95 174 137 57 61 223 243 224 124 181 177 96 240 218 83 91 170 39 199 41 198 47 6 219 90 254 163 228 150 116 122 242 252 238 66 88 241 58 72 94 48 138 105 92 255 214 126 36 215 8 86 182 234 87 237 197 115 60 24 235 212 244 2 42 59 247 44 157 211 191 161 210 46 103 149 166 82 180 175 185 
	Fitness: 54180394
	Fitness BL: 44847378

Generacion 93
	Solucion: 136 64 167 221 14 186 70 77 192 11 97 38 142 84 231 127 178 74 171 129 34 236 202 121 0 173 230 68 141 168 194 193 125 133 225 190 134 110 40 73 118 101 3 155 189 239 158 117 151 176 156 4 22 164 113 169 26 21 31 63 187 85 248 140 108 120 25 152 56 253 208 111 245 78 29 55 17 143 30 123 217 145 106 49 203 79 19 153 216 10 229 112 37 109 28 249 204 147 104 114 107 9 232 207 128 15 144 246 69 102 50 251 233 5 205 99 148 172 183 67 160 227 89 220 100 131 162 206 146 196 179 132 130 135 7 54 222 1 119 51 98 159 184 213 81 201 65 139 20 53 62 188 13 76 93 43 71 23 154 209 200 165 80 27 45 195 32 16 226 33 75 12 250 35 18 52 95 174 137 57 61 223 243 224 124 181 177 96 240 218 83 91 170 39 199 41 198 47 6 219 90 254 163 228 150 116 122 242 252 238 66 88 241 58 72 94 48 138 105 92 255 214 126 36 215 8 86 182 234 87 237 197 115 60 24 235 212 244 2 42 59 247 44 157 211 191 161 210 46 103 149 166 82 180 175 185 
	Fitness: 54180394
	Fitness BL: 44847378

Generacion 94
	Solucion: 136 64 167 221 14 186 70 77 192 11 97 38 142 84 231 127 178 74 171 129 34 236 202 121 0 173 230 68 141 168 194 193 125 133 225 190 134 110 40 73 118 101 3 155 189 239 158 117 151 176 156 4 22 164 113 169 26 21 31 63 187 85 248 140 108 120 25 152 56 253 208 111 245 78 29 55 17 143 30 123 217 145 106 49 203 79 19 153 216 10 229 112 37 109 28 249 204 147 104 114 107 9 232 207 128 15 144 246 69 102 50 251 233 5 205 99 148 172 183 67 160 227 89 220 100 131 162 206 146 196 179 132 130 135 7 54 222 1 119 51 98 159 184 213 81 201 65 139 20 53 62 188 13 76 93 43 71 23 154 209 200 165 80 27 45 195 32 16 226 33 75 12 250 35 18 52 95 174 137 57 61 223 243 224 124 181 177 96 240 218 83 91 170 39 199 41 198 47 6 219 90 254 163 228 150 116 122 242 252 238 66 88 241 58 72 94 48 138 105 92 255 214 126 36 215 8 86 182 234 87 237 197 115 60 24 235 212 244 2 42 59 247 44 157 211 191 161 210 46 103 149 166 82 180 175 185 
	Fitness: 54180394
	Fitness BL: 44847378

Generacion 95
	Solucion: 136 64 167 221 14 186 70 77 192 11 97 38 142 84 231 127 178 74 171 129 34 236 202 121 0 173 230 68 141 168 194 193 125 133 225 190 134 110 40 73 118 101 3 155 189 239 158 117 151 176 156 4 22 164 113 169 26 21 31 63 187 85 248 140 108 120 25 152 56 253 208 111 245 78 29 55 17 143 30 123 217 145 106 49 203 79 19 153 216 10 229 112 37 109 28 249 204 147 104 114 107 9 232 207 128 15 144 246 69 102 50 251 233 5 205 99 148 172 183 67 160 227 89 220 100 131 162 206 146 196 179 132 130 135 7 54 222 1 119 51 98 159 184 213 81 201 65 139 20 53 62 188 13 76 93 43 71 23 154 209 200 165 80 27 45 195 32 16 226 33 75 12 250 35 18 52 95 174 137 57 61 223 243 224 124 181 177 96 240 218 83 91 170 39 199 41 198 47 6 219 90 254 163 228 150 116 122 242 252 238 66 88 241 58 72 94 48 138 105 92 255 214 126 36 215 8 86 182 234 87 237 197 115 60 24 235 212 244 2 42 59 247 44 157 211 191 161 210 46 103 149 166 82 180 175 185 
	Fitness: 54180394
	Fitness BL: 44847378

Generacion 96
	Solucion: 136 64 167 221 14 186 70 77 192 11 97 38 142 84 231 127 178 74 171 129 34 236 202 121 0 173 230 68 141 168 194 193 125 133 225 190 134 110 40 73 118 101 3 155 189 239 158 117 151 176 156 4 22 164 113 169 26 21 31 63 187 85 248 140 108 120 25 152 56 253 208 111 245 78 29 55 17 143 30 123 217 145 106 49 203 79 19 153 216 10 229 112 37 109 28 249 204 147 104 114 107 9 232 207 128 15 144 246 69 102 50 251 233 5 205 99 148 172 183 67 160 227 89 220 100 131 162 206 146 196 179 132 130 135 7 54 222 1 119 51 98 159 184 213 81 201 65 139 20 53 62 188 13 76 93 43 71 23 154 209 200 165 80 27 45 195 32 16 226 33 75 12 250 35 18 52 95 174 137 57 61 223 243 224 124 181 177 96 240 218 83 91 170 39 199 41 198 47 6 219 90 254 163 228 150 116 122 242 252 238 66 88 241 58 72 94 48 138 105 92 255 214 126 36 215 8 86 182 234 87 237 197 115 60 24 235 212 244 2 42 59 247 44 157 211 191 161 210 46 103 149 166 82 180 175 185 
	Fitness: 54180394
	Fitness BL: 44847378

Generacion 97
	Solucion: 136 64 167 221 14 186 70 77 192 11 97 38 142 84 231 127 178 74 171 129 34 236 202 121 0 173 230 68 141 168 194 193 125 133 225 190 134 110 40 73 118 101 3 155 189 239 158 117 151 176 156 4 22 164 113 169 26 21 31 63 187 85 248 140 108 120 25 152 56 253 208 111 245 78 29 55 17 143 30 123 217 145 106 49 203 79 19 153 216 10 229 112 37 109 28 249 204 147 104 114 107 9 232 207 128 15 144 246 69 102 50 251 233 5 205 99 148 172 183 67 160 227 89 220 100 131 162 206 146 196 179 132 130 135 7 54 222 1 119 51 98 159 184 213 81 201 65 139 20 53 62 188 13 76 93 43 71 23 154 209 200 165 80 27 45 195 32 16 226 33 75 12 250 35 18 52 95 174 137 57 61 223 243 224 124 181 177 96 240 218 83 91 170 39 199 41 198 47 6 219 90 254 163 228 150 116 122 242 252 238 66 88 241 58 72 94 48 138 105 92 255 214 126 36 215 8 86 182 234 87 237 197 115 60 24 235 212 244 2 42 59 247 44 157 211 191 161 210 46 103 149 166 82 180 175 185 
	Fitness: 54180394
	Fitness BL: 44847378

Generacion 98
	Solucion: 136 64 167 221 14 186 70 77 192 11 97 38 142 84 231 127 178 74 171 129 34 236 202 121 0 173 230 68 141 168 194 193 125 133 225 190 134 110 40 73 118 101 3 155 189 239 158 117 151 176 156 4 22 164 113 169 26 21 31 63 187 85 248 140 108 120 25 152 56 253 208 111 245 78 29 55 17 143 30 123 217 145 106 49 203 79 19 153 216 10 229 112 37 109 28 249 204 147 104 114 107 9 232 207 128 15 144 246 69 102 50 251 233 5 205 99 148 172 183 67 160 227 89 220 100 131 162 206 146 196 179 132 130 135 7 54 222 1 119 51 98 159 184 213 81 201 65 139 20 53 62 188 13 76 93 43 71 23 154 209 200 165 80 27 45 195 32 16 226 33 75 12 250 35 18 52 95 174 137 57 61 223 243 224 124 181 177 96 240 218 83 91 170 39 199 41 198 47 6 219 90 254 163 228 150 116 122 242 252 238 66 88 241 58 72 94 48 138 105 92 255 214 126 36 215 8 86 182 234 87 237 197 115 60 24 235 212 244 2 42 59 247 44 157 211 191 161 210 46 103 149 166 82 180 175 185 
	Fitness: 54180394
	Fitness BL: 44847378

Generacion 99
	Solucion: 136 64 167 221 14 186 70 77 192 11 97 38 142 84 231 127 178 74 171 129 34 236 202 121 0 173 230 68 141 168 194 193 125 133 225 190 134 110 40 73 118 101 3 155 189 239 158 117 151 176 156 4 22 164 113 169 26 21 31 63 187 85 248 140 108 120 25 152 56 253 208 111 245 78 29 55 17 143 30 123 217 145 106 49 203 79 19 153 216 10 229 112 37 109 28 249 204 147 104 114 107 9 232 207 128 15 144 246 69 102 50 251 233 5 205 99 148 172 183 67 160 227 89 220 100 131 162 206 146 196 179 132 130 135 7 54 222 1 119 51 98 159 184 213 81 201 65 139 20 53 62 188 13 76 93 43 71 23 154 209 200 165 80 27 45 195 32 16 226 33 75 12 250 35 18 52 95 174 137 57 61 223 243 224 124 181 177 96 240 218 83 91 170 39 199 41 198 47 6 219 90 254 163 228 150 116 122 242 252 238 66 88 241 58 72 94 48 138 105 92 255 214 126 36 215 8 86 182 234 87 237 197 115 60 24 235 212 244 2 42 59 247 44 157 211 191 161 210 46 103 149 166 82 180 175 185 
	Fitness: 54180394
	Fitness BL: 44847378

Generacion 100
	Solucion: 197 227 147 182 60 68 88 221 43 251 98 36 212 81 7 199 162 75 179 234 51 219 242 12 0 175 231 83 105 184 207 194 93 150 225 126 70 58 115 73 132 102 34 138 190 238 157 117 167 177 172 4 38 164 187 170 129 21 63 255 46 85 248 140 108 120 25 201 40 253 208 111 246 78 135 55 17 143 29 31 123 144 90 49 204 64 19 153 216 10 229 112 133 127 30 142 109 168 156 192 107 169 26 3 9 118 232 245 69 101 114 50 84 5 22 66 79 128 97 110 230 11 152 220 56 67 217 141 146 233 205 32 203 151 178 37 145 1 119 173 54 159 136 213 160 202 65 139 20 249 14 188 13 130 28 183 71 23 154 209 200 165 80 27 45 195 77 16 226 33 74 131 250 35 18 52 95 174 137 57 61 223 243 224 124 181 176 96 155 218 240 121 113 39 91 41 198 47 6 236 106 134 163 228 149 116 122 104 252 189 239 87 241 193 72 94 48 206 171 92 254 214 125 186 215 8 86 100 99 222 237 76 53 89 24 235 196 244 2 42 59 247 44 158 211 191 161 15 62 103 148 166 82 180 210 185 
	Fitness: 44847378
	Fitness BL: 44847378

  --> Tiempo: 4919.92
