  -> Resultados AGEBL-BALDWIDIANA-ALEATORIO: 
Generacion 1
	Solucion: 104 206 95 208 54 214 154 147 164 133 57 103 4 106 251 219 187 160 15 135 166 209 33 10 216 172 74 215 125 146 201 89 149 121 204 197 207 34 78 27 191 29 175 75 179 12 36 107 82 51 81 101 86 21 24 52 151 170 178 88 222 62 171 63 56 92 167 137 44 31 186 150 243 194 53 153 168 83 128 20 117 61 156 91 148 195 47 225 144 231 202 0 255 217 23 87 105 43 32 200 55 124 8 48 38 180 2 64 77 183 98 248 241 157 6 58 46 1 9 7 249 162 97 203 99 213 169 142 110 72 247 220 71 242 192 129 221 79 120 96 134 100 173 94 161 254 165 132 199 118 60 141 239 190 152 184 80 73 115 126 210 226 196 246 14 68 112 158 218 143 119 22 236 155 193 42 40 123 122 130 205 182 227 50 66 181 18 59 252 37 11 174 127 131 235 177 237 93 240 198 224 26 228 35 223 229 65 113 109 245 238 139 84 70 85 28 234 41 25 30 250 39 16 19 111 69 159 49 76 17 116 13 138 212 136 230 211 5 244 90 253 102 232 3 67 145 45 188 233 176 189 140 114 163 108 185 
	Fitness: 54065202
	Fitness BL: 44934652

Generacion 2
	Solucion: 129 217 78 205 163 92 134 150 193 48 70 251 242 108 247 149 209 21 166 11 151 253 153 16 59 60 91 192 237 46 53 228 52 36 0 54 7 156 40 210 171 179 34 17 19 58 202 249 246 122 219 240 119 227 44 2 31 176 123 160 90 159 5 3 141 168 139 225 147 83 173 233 170 65 66 236 102 6 28 158 208 255 161 218 184 245 207 162 200 211 35 97 254 226 145 186 72 198 89 99 146 223 1 100 229 116 117 82 148 76 114 57 140 220 204 128 26 152 45 178 85 194 13 169 213 43 142 136 95 98 127 32 81 232 130 199 106 38 50 61 77 68 42 41 30 197 216 190 22 86 15 115 221 4 18 206 103 174 222 49 164 181 133 239 138 243 165 248 203 10 51 88 235 111 64 105 224 69 175 80 107 135 8 215 191 25 155 196 55 62 113 20 238 154 47 27 56 182 33 12 157 87 230 96 137 185 84 183 63 120 14 195 180 124 177 23 73 132 244 9 214 24 234 37 125 29 131 167 188 109 93 252 250 172 74 39 121 67 144 231 126 118 94 189 71 101 143 112 104 241 201 187 79 212 110 75 
	Fitness: 54308680
	Fitness BL: 44888854

Generacion 3
	Solucion: 103 108 152 84 5 119 19 218 31 57 217 195 189 117 35 94 51 138 122 144 212 125 123 83 130 92 193 49 173 254 208 160 17 54 190 231 222 95 98 167 73 34 230 149 38 74 93 192 128 219 255 101 224 213 86 80 136 37 24 223 72 251 82 97 9 140 20 156 40 207 91 186 42 106 81 90 79 157 142 66 159 252 151 181 13 53 241 0 164 104 150 154 182 124 206 21 109 23 36 71 102 43 216 134 56 237 170 4 30 16 88 253 146 111 69 126 22 137 41 161 100 70 201 248 242 141 115 121 204 78 1 179 163 65 112 110 172 205 245 87 175 155 244 246 220 210 26 132 235 114 127 107 197 229 202 185 2 11 203 143 27 8 131 243 47 75 194 239 133 129 191 25 58 211 187 236 89 238 227 153 77 188 166 96 46 52 249 76 29 199 177 165 250 183 113 39 221 7 55 148 3 180 68 61 169 6 120 228 50 225 178 15 105 196 234 45 171 233 32 10 198 168 184 176 209 240 48 44 118 139 174 162 33 28 99 145 63 215 147 14 247 232 200 158 214 62 59 67 85 60 64 12 18 135 226 116 
	Fitness: 53781868
	Fitness BL: 44881956

Generacion 4
	Solucion: 215 159 116 158 27 102 182 195 114 99 112 143 223 148 24 231 46 188 228 163 189 115 35 239 40 140 55 131 67 48 213 172 200 141 113 21 9 139 160 167 202 204 252 47 226 170 118 212 74 142 51 214 98 73 62 26 197 222 12 17 3 134 157 238 63 71 219 234 75 1 87 225 232 251 76 34 122 191 121 52 18 72 207 216 69 208 150 44 119 192 90 123 246 133 130 25 92 61 138 38 152 2 241 178 4 10 171 101 203 110 176 180 66 22 5 235 31 221 42 127 30 107 81 108 16 20 168 162 146 89 23 174 43 237 60 193 179 15 151 166 39 57 240 82 128 206 136 229 105 49 205 95 28 153 106 125 7 79 11 78 85 33 145 54 211 19 83 41 37 14 126 29 186 185 250 36 8 253 196 144 64 154 50 236 187 220 177 199 147 109 124 137 190 65 97 56 70 84 247 6 224 80 218 175 248 135 129 68 94 169 227 181 198 58 245 132 155 45 164 77 249 93 111 96 13 173 156 230 184 103 0 104 53 32 91 161 88 165 120 255 210 244 59 86 183 100 217 209 243 201 233 242 254 117 149 194 
	Fitness: 53841062
	Fitness BL: 44871298

Generacion 5
	Solucion: 215 159 116 158 27 102 182 195 114 99 112 143 223 148 24 231 46 188 228 163 189 115 35 239 40 140 55 131 67 48 213 172 200 141 113 21 9 139 160 167 202 204 252 47 226 170 118 212 74 142 51 214 98 73 62 26 197 222 12 17 3 134 157 238 63 71 219 234 75 1 87 225 232 251 76 34 122 191 121 52 18 72 207 216 69 208 150 44 119 192 90 123 246 133 130 25 92 61 138 38 152 2 241 178 4 10 171 101 203 110 176 180 66 22 5 235 31 221 42 127 30 107 81 108 16 20 168 162 146 89 23 174 43 237 60 193 179 15 151 166 39 57 240 82 128 206 136 229 105 49 205 95 28 153 106 125 7 79 11 78 85 33 145 54 211 19 83 41 37 14 126 29 186 185 250 36 8 253 196 144 64 154 50 236 187 220 177 199 147 109 124 137 190 65 97 56 70 84 247 6 224 80 218 175 248 135 129 68 94 169 227 181 198 58 245 132 155 45 164 77 249 93 111 96 13 173 156 230 184 103 0 104 53 32 91 161 88 165 120 255 210 244 59 86 183 100 217 209 243 201 233 242 254 117 149 194 
	Fitness: 53841062
	Fitness BL: 44871298

Generacion 6
	Solucion: 215 159 116 158 27 102 182 195 114 99 112 143 223 148 24 231 46 188 228 163 189 115 35 239 40 140 55 131 67 48 213 172 200 141 113 21 9 139 160 167 202 204 252 47 226 170 118 212 74 142 51 214 98 73 62 26 197 222 12 17 3 134 157 238 63 71 219 234 75 1 87 225 232 251 76 34 122 191 121 52 18 72 207 216 69 208 150 44 119 192 90 123 246 133 130 25 92 61 138 38 152 2 241 178 4 10 171 101 203 110 176 180 66 22 5 235 31 221 42 127 30 107 81 108 16 20 168 162 146 89 23 174 43 237 60 193 179 15 151 166 39 57 240 82 128 206 136 229 105 49 205 95 28 153 106 125 7 79 11 78 85 33 145 54 211 19 83 41 37 14 126 29 186 185 250 36 8 253 196 144 64 154 50 236 187 220 177 199 147 109 124 137 190 65 97 56 70 84 247 6 224 80 218 175 248 135 129 68 94 169 227 181 198 58 245 132 155 45 164 77 249 93 111 96 13 173 156 230 184 103 0 104 53 32 91 161 88 165 120 255 210 244 59 86 183 100 217 209 243 201 233 242 254 117 149 194 
	Fitness: 53841062
	Fitness BL: 44871298

Generacion 7
	Solucion: 215 159 116 158 27 102 182 195 114 99 112 143 223 148 24 231 46 188 228 163 189 115 35 239 40 140 55 131 67 48 213 172 200 141 113 21 9 139 160 167 202 204 252 47 226 170 118 212 74 142 51 214 98 73 62 26 197 222 12 17 3 134 157 238 63 71 219 234 75 1 87 225 232 251 76 34 122 191 121 52 18 72 207 216 69 208 150 44 119 192 90 123 246 133 130 25 92 61 138 38 152 2 241 178 4 10 171 101 203 110 176 180 66 22 5 235 31 221 42 127 30 107 81 108 16 20 168 162 146 89 23 174 43 237 60 193 179 15 151 166 39 57 240 82 128 206 136 229 105 49 205 95 28 153 106 125 7 79 11 78 85 33 145 54 211 19 83 41 37 14 126 29 186 185 250 36 8 253 196 144 64 154 50 236 187 220 177 199 147 109 124 137 190 65 97 56 70 84 247 6 224 80 218 175 248 135 129 68 94 169 227 181 198 58 245 132 155 45 164 77 249 93 111 96 13 173 156 230 184 103 0 104 53 32 91 161 88 165 120 255 210 244 59 86 183 100 217 209 243 201 233 242 254 117 149 194 
	Fitness: 53841062
	Fitness BL: 44871298

Generacion 8
	Solucion: 215 159 116 158 27 102 182 195 114 99 112 143 223 148 24 231 46 188 228 163 189 115 35 239 40 140 55 131 67 48 213 172 200 141 113 21 9 139 160 167 202 204 252 47 226 170 118 212 74 142 51 214 98 73 62 26 197 222 12 17 3 134 157 238 63 71 219 234 75 1 87 225 232 251 76 34 122 191 121 52 18 72 207 216 69 208 150 44 119 192 90 123 246 133 130 25 92 61 138 38 152 2 241 178 4 10 171 101 203 110 176 180 66 22 5 235 31 221 42 127 30 107 81 108 16 20 168 162 146 89 23 174 43 237 60 193 179 15 151 166 39 57 240 82 128 206 136 229 105 49 205 95 28 153 106 125 7 79 11 78 85 33 145 54 211 19 83 41 37 14 126 29 186 185 250 36 8 253 196 144 64 154 50 236 187 220 177 199 147 109 124 137 190 65 97 56 70 84 247 6 224 80 218 175 248 135 129 68 94 169 227 181 198 58 245 132 155 45 164 77 249 93 111 96 13 173 156 230 184 103 0 104 53 32 91 161 88 165 120 255 210 244 59 86 183 100 217 209 243 201 233 242 254 117 149 194 
	Fitness: 53841062
	Fitness BL: 44871298

Generacion 9
	Solucion: 215 159 116 158 27 102 182 195 114 99 112 143 223 148 24 231 46 188 228 163 189 115 35 239 40 140 55 131 67 48 213 172 200 141 113 21 9 139 160 167 202 204 252 47 226 170 118 212 74 142 51 214 98 73 62 26 197 222 12 17 3 134 157 238 63 71 219 234 75 1 87 225 232 251 76 34 122 191 121 52 18 72 207 216 69 208 150 44 119 192 90 123 246 133 130 25 92 61 138 38 152 2 241 178 4 10 171 101 203 110 176 180 66 22 5 235 31 221 42 127 30 107 81 108 16 20 168 162 146 89 23 174 43 237 60 193 179 15 151 166 39 57 240 82 128 206 136 229 105 49 205 95 28 153 106 125 7 79 11 78 85 33 145 54 211 19 83 41 37 14 126 29 186 185 250 36 8 253 196 144 64 154 50 236 187 220 177 199 147 109 124 137 190 65 97 56 70 84 247 6 224 80 218 175 248 135 129 68 94 169 227 181 198 58 245 132 155 45 164 77 249 93 111 96 13 173 156 230 184 103 0 104 53 32 91 161 88 165 120 255 210 244 59 86 183 100 217 209 243 201 233 242 254 117 149 194 
	Fitness: 53841062
	Fitness BL: 44871298

Generacion 10
	Solucion: 215 159 116 158 27 102 182 195 114 99 112 143 223 148 24 231 46 188 228 163 189 115 35 239 40 140 55 131 67 48 213 172 200 141 113 21 9 139 160 167 202 204 252 47 226 170 118 212 74 142 51 214 98 73 62 26 197 222 12 17 3 134 157 238 63 71 219 234 75 1 87 225 232 251 76 34 122 191 121 52 18 72 207 216 69 208 150 44 119 192 90 123 246 133 130 25 92 61 138 38 152 2 241 178 4 10 171 101 203 110 176 180 66 22 5 235 31 221 42 127 30 107 81 108 16 20 168 162 146 89 23 174 43 237 60 193 179 15 151 166 39 57 240 82 128 206 136 229 105 49 205 95 28 153 106 125 7 79 11 78 85 33 145 54 211 19 83 41 37 14 126 29 186 185 250 36 8 253 196 144 64 154 50 236 187 220 177 199 147 109 124 137 190 65 97 56 70 84 247 6 224 80 218 175 248 135 129 68 94 169 227 181 198 58 245 132 155 45 164 77 249 93 111 96 13 173 156 230 184 103 0 104 53 32 91 161 88 165 120 255 210 244 59 86 183 100 217 209 243 201 233 242 254 117 149 194 
	Fitness: 53841062
	Fitness BL: 44871298

Generacion 11
	Solucion: 215 159 116 158 27 102 182 195 114 99 112 143 223 148 24 231 46 188 228 163 189 115 35 239 40 140 55 131 67 48 213 172 200 141 113 21 9 139 160 167 202 204 252 47 226 170 118 212 74 142 51 214 98 73 62 26 197 222 12 17 3 134 157 238 63 71 219 234 75 1 87 225 232 251 76 34 122 191 121 52 18 72 207 216 69 208 150 44 119 192 90 123 246 133 130 25 92 61 138 38 152 2 241 178 4 10 171 101 203 110 176 180 66 22 5 235 31 221 42 127 30 107 81 108 16 20 168 162 146 89 23 174 43 237 60 193 179 15 151 166 39 57 240 82 128 206 136 229 105 49 205 95 28 153 106 125 7 79 11 78 85 33 145 54 211 19 83 41 37 14 126 29 186 185 250 36 8 253 196 144 64 154 50 236 187 220 177 199 147 109 124 137 190 65 97 56 70 84 247 6 224 80 218 175 248 135 129 68 94 169 227 181 198 58 245 132 155 45 164 77 249 93 111 96 13 173 156 230 184 103 0 104 53 32 91 161 88 165 120 255 210 244 59 86 183 100 217 209 243 201 233 242 254 117 149 194 
	Fitness: 53841062
	Fitness BL: 44871298

Generacion 12
	Solucion: 215 159 116 158 27 102 182 195 114 99 112 143 223 148 24 231 46 188 228 163 189 115 35 239 40 140 55 131 67 48 213 172 200 141 113 21 9 139 160 167 202 204 252 47 226 170 118 212 74 142 51 214 98 73 62 26 197 222 12 17 3 134 157 238 63 71 219 234 75 1 87 225 232 251 76 34 122 191 121 52 18 72 207 216 69 208 150 44 119 192 90 123 246 133 130 25 92 61 138 38 152 2 241 178 4 10 171 101 203 110 176 180 66 22 5 235 31 221 42 127 30 107 81 108 16 20 168 162 146 89 23 174 43 237 60 193 179 15 151 166 39 57 240 82 128 206 136 229 105 49 205 95 28 153 106 125 7 79 11 78 85 33 145 54 211 19 83 41 37 14 126 29 186 185 250 36 8 253 196 144 64 154 50 236 187 220 177 199 147 109 124 137 190 65 97 56 70 84 247 6 224 80 218 175 248 135 129 68 94 169 227 181 198 58 245 132 155 45 164 77 249 93 111 96 13 173 156 230 184 103 0 104 53 32 91 161 88 165 120 255 210 244 59 86 183 100 217 209 243 201 233 242 254 117 149 194 
	Fitness: 53841062
	Fitness BL: 44871298

Generacion 13
	Solucion: 215 159 116 158 27 102 182 195 114 99 112 143 223 148 24 231 46 188 228 163 189 115 35 239 40 140 55 131 67 48 213 172 200 141 113 21 9 139 160 167 202 204 252 47 226 170 118 212 74 142 51 214 98 73 62 26 197 222 12 17 3 134 157 238 63 71 219 234 75 1 87 225 232 251 76 34 122 191 121 52 18 72 207 216 69 208 150 44 119 192 90 123 246 133 130 25 92 61 138 38 152 2 241 178 4 10 171 101 203 110 176 180 66 22 5 235 31 221 42 127 30 107 81 108 16 20 168 162 146 89 23 174 43 237 60 193 179 15 151 166 39 57 240 82 128 206 136 229 105 49 205 95 28 153 106 125 7 79 11 78 85 33 145 54 211 19 83 41 37 14 126 29 186 185 250 36 8 253 196 144 64 154 50 236 187 220 177 199 147 109 124 137 190 65 97 56 70 84 247 6 224 80 218 175 248 135 129 68 94 169 227 181 198 58 245 132 155 45 164 77 249 93 111 96 13 173 156 230 184 103 0 104 53 32 91 161 88 165 120 255 210 244 59 86 183 100 217 209 243 201 233 242 254 117 149 194 
	Fitness: 53841062
	Fitness BL: 44871298

Generacion 14
	Solucion: 215 159 116 158 27 102 182 195 114 99 112 143 223 148 24 231 46 188 228 163 189 115 35 239 40 140 55 131 67 48 213 172 200 141 113 21 9 139 160 167 202 204 252 47 226 170 118 212 74 142 51 214 98 73 62 26 197 222 12 17 3 134 157 238 63 71 219 234 75 1 87 225 232 251 76 34 122 191 121 52 18 72 207 216 69 208 150 44 119 192 90 123 246 133 130 25 92 61 138 38 152 2 241 178 4 10 171 101 203 110 176 180 66 22 5 235 31 221 42 127 30 107 81 108 16 20 168 162 146 89 23 174 43 237 60 193 179 15 151 166 39 57 240 82 128 206 136 229 105 49 205 95 28 153 106 125 7 79 11 78 85 33 145 54 211 19 83 41 37 14 126 29 186 185 250 36 8 253 196 144 64 154 50 236 187 220 177 199 147 109 124 137 190 65 97 56 70 84 247 6 224 80 218 175 248 135 129 68 94 169 227 181 198 58 245 132 155 45 164 77 249 93 111 96 13 173 156 230 184 103 0 104 53 32 91 161 88 165 120 255 210 244 59 86 183 100 217 209 243 201 233 242 254 117 149 194 
	Fitness: 53841062
	Fitness BL: 44871298

Generacion 15
	Solucion: 226 186 199 58 63 17 90 158 30 170 233 45 139 47 234 228 89 203 61 164 74 188 92 111 127 107 217 177 193 29 13 18 36 135 21 84 35 78 123 176 98 20 247 102 181 115 101 48 27 2 155 202 142 160 16 192 49 198 51 6 62 162 255 143 250 207 8 104 174 88 19 163 208 93 156 201 52 66 71 22 204 133 236 137 130 183 189 68 212 211 159 240 43 117 56 7 73 65 33 113 249 244 214 253 194 99 243 252 138 229 238 206 95 205 171 81 147 242 57 112 129 114 5 167 53 140 150 83 39 28 200 82 31 96 231 241 213 209 239 14 134 122 80 94 24 254 190 132 121 179 60 87 124 165 40 184 173 54 175 161 75 77 215 69 154 131 157 224 197 191 105 222 220 146 85 196 152 44 12 86 118 110 120 42 106 180 38 103 100 195 246 251 166 59 235 178 119 109 245 237 216 172 34 128 37 218 67 79 169 151 136 108 168 232 76 125 185 70 0 72 41 25 141 116 46 11 153 219 4 144 26 225 50 9 32 126 223 248 145 227 148 230 182 10 23 187 1 97 55 91 221 64 149 3 15 210 
	Fitness: 53461634
	Fitness BL: 44871188

Generacion 16
	Solucion: 66 119 81 69 43 113 96 255 12 122 60 49 56 0 153 57 46 238 68 154 190 129 135 186 144 4 116 134 182 75 173 252 247 47 214 232 207 193 117 145 198 136 189 5 167 14 52 218 180 32 85 34 128 55 229 114 45 53 188 62 71 21 36 89 181 166 58 97 200 41 210 8 150 158 162 239 120 147 23 240 149 65 118 177 237 103 17 83 137 30 163 7 94 175 165 230 212 224 108 209 98 197 143 91 31 73 217 245 51 35 174 127 248 133 109 64 20 221 125 27 92 244 88 79 201 99 142 9 93 159 196 225 90 169 203 155 11 168 72 1 140 146 13 16 76 254 235 222 2 104 194 249 164 195 139 6 25 50 59 226 29 78 179 231 44 123 112 228 208 141 227 205 102 211 233 48 42 106 191 86 220 105 126 234 251 246 241 87 15 82 161 3 138 253 131 74 67 121 115 157 236 33 28 80 132 101 10 19 185 148 250 130 170 111 202 187 151 192 156 171 84 176 40 37 63 183 54 22 172 215 204 243 216 61 199 110 219 184 77 107 38 26 152 223 213 178 100 242 160 70 206 39 18 24 124 95 
	Fitness: 54964460
	Fitness BL: 44870288

Generacion 17
	Solucion: 66 119 81 69 43 113 96 255 12 122 60 49 56 0 153 57 46 238 68 154 190 129 135 186 144 4 116 134 182 75 173 252 247 47 214 232 207 193 117 145 198 136 189 5 167 14 52 218 180 32 85 34 128 55 229 114 45 53 188 62 71 21 36 89 181 166 58 97 200 41 210 8 150 158 162 239 120 147 23 240 149 65 118 177 237 103 17 83 137 30 163 7 94 175 165 230 212 224 108 209 98 197 143 91 31 73 217 245 51 35 174 127 248 133 109 64 20 221 125 27 92 244 88 79 201 99 142 9 93 159 196 225 90 169 203 155 11 168 72 1 140 146 13 16 76 254 235 222 2 104 194 249 164 195 139 6 25 50 59 226 29 78 179 231 44 123 112 228 208 141 227 205 102 211 233 48 42 106 191 86 220 105 126 234 251 246 241 87 15 82 161 3 138 253 131 74 67 121 115 157 236 33 28 80 132 101 10 19 185 148 250 130 170 111 202 187 151 192 156 171 84 176 40 37 63 183 54 22 172 215 204 243 216 61 199 110 219 184 77 107 38 26 152 223 213 178 100 242 160 70 206 39 18 24 124 95 
	Fitness: 54964460
	Fitness BL: 44870288

Generacion 18
	Solucion: 231 30 120 18 157 85 98 93 23 236 254 65 14 33 155 186 34 235 179 223 158 61 136 78 10 167 160 45 240 132 199 108 214 153 28 130 80 77 26 74 4 131 195 255 50 3 178 206 204 81 84 21 113 100 129 159 63 252 57 9 22 90 143 27 190 82 141 17 187 216 107 146 170 183 134 169 207 196 182 59 193 181 37 99 38 139 112 200 164 29 88 2 16 117 239 203 233 13 94 52 62 163 166 111 123 249 142 51 104 114 110 12 238 188 149 138 66 172 6 68 220 58 89 162 115 215 151 128 140 40 154 41 147 1 226 221 173 73 35 44 228 43 8 248 0 250 224 7 191 101 19 36 24 232 192 76 15 54 135 210 122 243 56 118 202 212 25 145 218 67 64 71 126 133 217 125 251 48 31 185 72 225 168 227 177 213 121 176 119 91 198 165 161 150 105 60 253 237 247 96 124 201 211 152 79 137 197 95 148 106 5 127 229 189 47 20 144 234 209 55 184 70 174 32 242 246 69 230 49 180 103 208 53 156 175 46 244 39 92 102 194 42 75 86 245 87 97 205 109 83 241 116 219 171 222 11 
	Fitness: 53121362
	Fitness BL: 44868280

Generacion 19
	Solucion: 143 161 38 124 45 63 241 199 231 117 62 154 145 140 245 128 235 14 215 126 79 119 178 196 8 74 64 209 49 250 21 197 0 69 1 225 198 27 156 200 85 5 195 191 100 204 201 230 94 35 247 18 113 88 251 115 168 33 222 9 112 167 239 2 109 82 246 17 187 151 216 146 44 207 134 98 155 166 25 183 160 65 224 99 58 57 22 233 32 223 75 46 43 190 67 173 56 118 36 102 159 137 242 249 55 208 203 152 116 53 202 37 176 139 91 148 174 42 50 163 170 205 179 19 131 90 80 234 212 123 28 125 144 51 147 93 149 133 142 89 253 214 106 108 193 24 237 10 60 76 171 217 157 219 153 104 164 169 194 162 150 221 52 243 47 158 73 136 87 127 95 101 26 188 210 206 41 229 175 71 84 220 248 177 103 34 135 129 11 172 254 226 138 20 192 40 54 29 189 213 4 81 70 72 61 16 13 180 240 6 232 7 66 181 227 78 107 184 165 185 228 211 31 130 244 68 3 182 114 15 141 77 23 96 132 12 186 105 238 59 30 86 120 122 83 92 255 121 39 252 48 218 110 236 97 111 
	Fitness: 54832082
	Fitness BL: 44864002

Generacion 20
	Solucion: 143 161 38 124 45 63 241 199 231 117 62 154 145 140 245 128 235 14 215 126 79 119 178 196 8 74 64 209 49 250 21 197 0 69 1 225 198 27 156 200 85 5 195 191 100 204 201 230 94 35 247 18 113 88 251 115 168 33 222 9 112 167 239 2 109 82 246 17 187 151 216 146 44 207 134 98 155 166 25 183 160 65 224 99 58 57 22 233 32 223 75 46 43 190 67 173 56 118 36 102 159 137 242 249 55 208 203 152 116 53 202 37 176 139 91 148 174 42 50 163 170 205 179 19 131 90 80 234 212 123 28 125 144 51 147 93 149 133 142 89 253 214 106 108 193 24 237 10 60 76 171 217 157 219 153 104 164 169 194 162 150 221 52 243 47 158 73 136 87 127 95 101 26 188 210 206 41 229 175 71 84 220 248 177 103 34 135 129 11 172 254 226 138 20 192 40 54 29 189 213 4 81 70 72 61 16 13 180 240 6 232 7 66 181 227 78 107 184 165 185 228 211 31 130 244 68 3 182 114 15 141 77 23 96 132 12 186 105 238 59 30 86 120 122 83 92 255 121 39 252 48 218 110 236 97 111 
	Fitness: 54832082
	Fitness BL: 44864002

Generacion 21
	Solucion: 143 161 38 124 45 63 241 199 231 117 62 154 145 140 245 128 235 14 215 126 79 119 178 196 8 74 64 209 49 250 21 197 0 69 1 225 198 27 156 200 85 5 195 191 100 204 201 230 94 35 247 18 113 88 251 115 168 33 222 9 112 167 239 2 109 82 246 17 187 151 216 146 44 207 134 98 155 166 25 183 160 65 224 99 58 57 22 233 32 223 75 46 43 190 67 173 56 118 36 102 159 137 242 249 55 208 203 152 116 53 202 37 176 139 91 148 174 42 50 163 170 205 179 19 131 90 80 234 212 123 28 125 144 51 147 93 149 133 142 89 253 214 106 108 193 24 237 10 60 76 171 217 157 219 153 104 164 169 194 162 150 221 52 243 47 158 73 136 87 127 95 101 26 188 210 206 41 229 175 71 84 220 248 177 103 34 135 129 11 172 254 226 138 20 192 40 54 29 189 213 4 81 70 72 61 16 13 180 240 6 232 7 66 181 227 78 107 184 165 185 228 211 31 130 244 68 3 182 114 15 141 77 23 96 132 12 186 105 238 59 30 86 120 122 83 92 255 121 39 252 48 218 110 236 97 111 
	Fitness: 54832082
	Fitness BL: 44864002

Generacion 22
	Solucion: 143 161 38 124 45 63 241 199 231 117 62 154 145 140 245 128 235 14 215 126 79 119 178 196 8 74 64 209 49 250 21 197 0 69 1 225 198 27 156 200 85 5 195 191 100 204 201 230 94 35 247 18 113 88 251 115 168 33 222 9 112 167 239 2 109 82 246 17 187 151 216 146 44 207 134 98 155 166 25 183 160 65 224 99 58 57 22 233 32 223 75 46 43 190 67 173 56 118 36 102 159 137 242 249 55 208 203 152 116 53 202 37 176 139 91 148 174 42 50 163 170 205 179 19 131 90 80 234 212 123 28 125 144 51 147 93 149 133 142 89 253 214 106 108 193 24 237 10 60 76 171 217 157 219 153 104 164 169 194 162 150 221 52 243 47 158 73 136 87 127 95 101 26 188 210 206 41 229 175 71 84 220 248 177 103 34 135 129 11 172 254 226 138 20 192 40 54 29 189 213 4 81 70 72 61 16 13 180 240 6 232 7 66 181 227 78 107 184 165 185 228 211 31 130 244 68 3 182 114 15 141 77 23 96 132 12 186 105 238 59 30 86 120 122 83 92 255 121 39 252 48 218 110 236 97 111 
	Fitness: 54832082
	Fitness BL: 44864002

Generacion 23
	Solucion: 143 161 38 124 45 63 241 199 231 117 62 154 145 140 245 128 235 14 215 126 79 119 178 196 8 74 64 209 49 250 21 197 0 69 1 225 198 27 156 200 85 5 195 191 100 204 201 230 94 35 247 18 113 88 251 115 168 33 222 9 112 167 239 2 109 82 246 17 187 151 216 146 44 207 134 98 155 166 25 183 160 65 224 99 58 57 22 233 32 223 75 46 43 190 67 173 56 118 36 102 159 137 242 249 55 208 203 152 116 53 202 37 176 139 91 148 174 42 50 163 170 205 179 19 131 90 80 234 212 123 28 125 144 51 147 93 149 133 142 89 253 214 106 108 193 24 237 10 60 76 171 217 157 219 153 104 164 169 194 162 150 221 52 243 47 158 73 136 87 127 95 101 26 188 210 206 41 229 175 71 84 220 248 177 103 34 135 129 11 172 254 226 138 20 192 40 54 29 189 213 4 81 70 72 61 16 13 180 240 6 232 7 66 181 227 78 107 184 165 185 228 211 31 130 244 68 3 182 114 15 141 77 23 96 132 12 186 105 238 59 30 86 120 122 83 92 255 121 39 252 48 218 110 236 97 111 
	Fitness: 54832082
	Fitness BL: 44864002

Generacion 24
	Solucion: 143 161 38 124 45 63 241 199 231 117 62 154 145 140 245 128 235 14 215 126 79 119 178 196 8 74 64 209 49 250 21 197 0 69 1 225 198 27 156 200 85 5 195 191 100 204 201 230 94 35 247 18 113 88 251 115 168 33 222 9 112 167 239 2 109 82 246 17 187 151 216 146 44 207 134 98 155 166 25 183 160 65 224 99 58 57 22 233 32 223 75 46 43 190 67 173 56 118 36 102 159 137 242 249 55 208 203 152 116 53 202 37 176 139 91 148 174 42 50 163 170 205 179 19 131 90 80 234 212 123 28 125 144 51 147 93 149 133 142 89 253 214 106 108 193 24 237 10 60 76 171 217 157 219 153 104 164 169 194 162 150 221 52 243 47 158 73 136 87 127 95 101 26 188 210 206 41 229 175 71 84 220 248 177 103 34 135 129 11 172 254 226 138 20 192 40 54 29 189 213 4 81 70 72 61 16 13 180 240 6 232 7 66 181 227 78 107 184 165 185 228 211 31 130 244 68 3 182 114 15 141 77 23 96 132 12 186 105 238 59 30 86 120 122 83 92 255 121 39 252 48 218 110 236 97 111 
	Fitness: 54832082
	Fitness BL: 44864002

Generacion 25
	Solucion: 151 25 90 109 98 182 108 86 54 134 224 133 50 65 75 29 21 254 246 250 232 227 176 38 247 26 77 206 197 19 222 150 217 207 186 198 199 234 169 93 140 76 62 239 171 117 180 209 226 18 225 0 32 55 204 233 221 91 223 141 68 49 102 106 28 214 58 201 84 23 6 187 72 14 17 96 30 59 210 237 40 178 153 16 212 112 136 161 244 179 183 138 174 113 228 142 56 64 125 48 67 253 31 175 92 120 126 41 110 73 146 241 53 238 130 4 128 162 216 181 139 52 137 99 11 119 192 200 44 107 83 95 163 35 13 66 144 172 158 132 147 245 1 39 164 194 71 208 88 85 203 127 5 230 243 111 231 124 205 184 74 170 94 69 2 196 51 177 168 154 79 235 82 105 47 97 46 143 27 188 173 185 129 123 37 12 101 190 131 89 145 24 152 33 166 236 104 191 249 165 242 213 218 22 34 8 57 252 248 20 80 9 211 121 193 159 103 220 189 43 60 42 122 255 202 118 36 148 7 114 45 100 63 240 195 229 160 116 156 10 251 219 215 157 3 87 78 81 70 61 115 15 167 149 135 155 
	Fitness: 53287412
	Fitness BL: 44862434

Generacion 26
	Solucion: 169 172 123 185 224 67 27 87 96 154 109 201 155 243 209 25 116 232 90 203 170 156 228 55 193 19 189 118 230 130 113 225 91 150 141 244 216 131 147 196 86 108 97 66 89 2 76 93 94 70 132 3 39 179 9 49 213 104 168 229 249 241 78 75 247 121 182 198 61 119 137 204 124 6 81 8 47 82 77 53 28 208 41 59 117 43 146 107 127 231 40 63 50 98 30 239 161 197 1 192 37 251 105 190 33 92 17 114 184 5 45 46 236 79 174 238 233 139 173 68 15 143 245 145 115 166 186 32 140 237 102 101 223 195 85 212 111 191 129 183 158 11 240 194 250 162 99 126 176 10 122 23 72 136 207 164 138 252 144 217 255 153 165 74 71 21 22 36 157 181 214 218 26 219 210 134 100 211 95 133 103 180 248 0 187 16 178 44 254 65 175 226 151 20 148 234 58 112 84 220 142 73 125 152 54 34 13 163 80 64 246 31 52 4 206 199 88 215 106 35 188 62 120 160 202 83 69 167 42 200 51 29 149 227 253 38 177 135 235 48 14 205 18 12 57 7 242 24 56 222 128 110 60 171 159 221 
	Fitness: 56392044
	Fitness BL: 44845470

Generacion 27
	Solucion: 169 172 123 185 224 67 27 87 96 154 109 201 155 243 209 25 116 232 90 203 170 156 228 55 193 19 189 118 230 130 113 225 91 150 141 244 216 131 147 196 86 108 97 66 89 2 76 93 94 70 132 3 39 179 9 49 213 104 168 229 249 241 78 75 247 121 182 198 61 119 137 204 124 6 81 8 47 82 77 53 28 208 41 59 117 43 146 107 127 231 40 63 50 98 30 239 161 197 1 192 37 251 105 190 33 92 17 114 184 5 45 46 236 79 174 238 233 139 173 68 15 143 245 145 115 166 186 32 140 237 102 101 223 195 85 212 111 191 129 183 158 11 240 194 250 162 99 126 176 10 122 23 72 136 207 164 138 252 144 217 255 153 165 74 71 21 22 36 157 181 214 218 26 219 210 134 100 211 95 133 103 180 248 0 187 16 178 44 254 65 175 226 151 20 148 234 58 112 84 220 142 73 125 152 54 34 13 163 80 64 246 31 52 4 206 199 88 215 106 35 188 62 120 160 202 83 69 167 42 200 51 29 149 227 253 38 177 135 235 48 14 205 18 12 57 7 242 24 56 222 128 110 60 171 159 221 
	Fitness: 56392044
	Fitness BL: 44845470

Generacion 28
	Solucion: 169 172 123 185 224 67 27 87 96 154 109 201 155 243 209 25 116 232 90 203 170 156 228 55 193 19 189 118 230 130 113 225 91 150 141 244 216 131 147 196 86 108 97 66 89 2 76 93 94 70 132 3 39 179 9 49 213 104 168 229 249 241 78 75 247 121 182 198 61 119 137 204 124 6 81 8 47 82 77 53 28 208 41 59 117 43 146 107 127 231 40 63 50 98 30 239 161 197 1 192 37 251 105 190 33 92 17 114 184 5 45 46 236 79 174 238 233 139 173 68 15 143 245 145 115 166 186 32 140 237 102 101 223 195 85 212 111 191 129 183 158 11 240 194 250 162 99 126 176 10 122 23 72 136 207 164 138 252 144 217 255 153 165 74 71 21 22 36 157 181 214 218 26 219 210 134 100 211 95 133 103 180 248 0 187 16 178 44 254 65 175 226 151 20 148 234 58 112 84 220 142 73 125 152 54 34 13 163 80 64 246 31 52 4 206 199 88 215 106 35 188 62 120 160 202 83 69 167 42 200 51 29 149 227 253 38 177 135 235 48 14 205 18 12 57 7 242 24 56 222 128 110 60 171 159 221 
	Fitness: 56392044
	Fitness BL: 44845470

Generacion 29
	Solucion: 169 172 123 185 224 67 27 87 96 154 109 201 155 243 209 25 116 232 90 203 170 156 228 55 193 19 189 118 230 130 113 225 91 150 141 244 216 131 147 196 86 108 97 66 89 2 76 93 94 70 132 3 39 179 9 49 213 104 168 229 249 241 78 75 247 121 182 198 61 119 137 204 124 6 81 8 47 82 77 53 28 208 41 59 117 43 146 107 127 231 40 63 50 98 30 239 161 197 1 192 37 251 105 190 33 92 17 114 184 5 45 46 236 79 174 238 233 139 173 68 15 143 245 145 115 166 186 32 140 237 102 101 223 195 85 212 111 191 129 183 158 11 240 194 250 162 99 126 176 10 122 23 72 136 207 164 138 252 144 217 255 153 165 74 71 21 22 36 157 181 214 218 26 219 210 134 100 211 95 133 103 180 248 0 187 16 178 44 254 65 175 226 151 20 148 234 58 112 84 220 142 73 125 152 54 34 13 163 80 64 246 31 52 4 206 199 88 215 106 35 188 62 120 160 202 83 69 167 42 200 51 29 149 227 253 38 177 135 235 48 14 205 18 12 57 7 242 24 56 222 128 110 60 171 159 221 
	Fitness: 56392044
	Fitness BL: 44845470

Generacion 30
	Solucion: 169 172 123 185 224 67 27 87 96 154 109 201 155 243 209 25 116 232 90 203 170 156 228 55 193 19 189 118 230 130 113 225 91 150 141 244 216 131 147 196 86 108 97 66 89 2 76 93 94 70 132 3 39 179 9 49 213 104 168 229 249 241 78 75 247 121 182 198 61 119 137 204 124 6 81 8 47 82 77 53 28 208 41 59 117 43 146 107 127 231 40 63 50 98 30 239 161 197 1 192 37 251 105 190 33 92 17 114 184 5 45 46 236 79 174 238 233 139 173 68 15 143 245 145 115 166 186 32 140 237 102 101 223 195 85 212 111 191 129 183 158 11 240 194 250 162 99 126 176 10 122 23 72 136 207 164 138 252 144 217 255 153 165 74 71 21 22 36 157 181 214 218 26 219 210 134 100 211 95 133 103 180 248 0 187 16 178 44 254 65 175 226 151 20 148 234 58 112 84 220 142 73 125 152 54 34 13 163 80 64 246 31 52 4 206 199 88 215 106 35 188 62 120 160 202 83 69 167 42 200 51 29 149 227 253 38 177 135 235 48 14 205 18 12 57 7 242 24 56 222 128 110 60 171 159 221 
	Fitness: 56392044
	Fitness BL: 44845470

Generacion 31
	Solucion: 169 172 123 185 224 67 27 87 96 154 109 201 155 243 209 25 116 232 90 203 170 156 228 55 193 19 189 118 230 130 113 225 91 150 141 244 216 131 147 196 86 108 97 66 89 2 76 93 94 70 132 3 39 179 9 49 213 104 168 229 249 241 78 75 247 121 182 198 61 119 137 204 124 6 81 8 47 82 77 53 28 208 41 59 117 43 146 107 127 231 40 63 50 98 30 239 161 197 1 192 37 251 105 190 33 92 17 114 184 5 45 46 236 79 174 238 233 139 173 68 15 143 245 145 115 166 186 32 140 237 102 101 223 195 85 212 111 191 129 183 158 11 240 194 250 162 99 126 176 10 122 23 72 136 207 164 138 252 144 217 255 153 165 74 71 21 22 36 157 181 214 218 26 219 210 134 100 211 95 133 103 180 248 0 187 16 178 44 254 65 175 226 151 20 148 234 58 112 84 220 142 73 125 152 54 34 13 163 80 64 246 31 52 4 206 199 88 215 106 35 188 62 120 160 202 83 69 167 42 200 51 29 149 227 253 38 177 135 235 48 14 205 18 12 57 7 242 24 56 222 128 110 60 171 159 221 
	Fitness: 56392044
	Fitness BL: 44845470

Generacion 32
	Solucion: 169 172 123 185 224 67 27 87 96 154 109 201 155 243 209 25 116 232 90 203 170 156 228 55 193 19 189 118 230 130 113 225 91 150 141 244 216 131 147 196 86 108 97 66 89 2 76 93 94 70 132 3 39 179 9 49 213 104 168 229 249 241 78 75 247 121 182 198 61 119 137 204 124 6 81 8 47 82 77 53 28 208 41 59 117 43 146 107 127 231 40 63 50 98 30 239 161 197 1 192 37 251 105 190 33 92 17 114 184 5 45 46 236 79 174 238 233 139 173 68 15 143 245 145 115 166 186 32 140 237 102 101 223 195 85 212 111 191 129 183 158 11 240 194 250 162 99 126 176 10 122 23 72 136 207 164 138 252 144 217 255 153 165 74 71 21 22 36 157 181 214 218 26 219 210 134 100 211 95 133 103 180 248 0 187 16 178 44 254 65 175 226 151 20 148 234 58 112 84 220 142 73 125 152 54 34 13 163 80 64 246 31 52 4 206 199 88 215 106 35 188 62 120 160 202 83 69 167 42 200 51 29 149 227 253 38 177 135 235 48 14 205 18 12 57 7 242 24 56 222 128 110 60 171 159 221 
	Fitness: 56392044
	Fitness BL: 44845470

Generacion 33
	Solucion: 169 172 123 185 224 67 27 87 96 154 109 201 155 243 209 25 116 232 90 203 170 156 228 55 193 19 189 118 230 130 113 225 91 150 141 244 216 131 147 196 86 108 97 66 89 2 76 93 94 70 132 3 39 179 9 49 213 104 168 229 249 241 78 75 247 121 182 198 61 119 137 204 124 6 81 8 47 82 77 53 28 208 41 59 117 43 146 107 127 231 40 63 50 98 30 239 161 197 1 192 37 251 105 190 33 92 17 114 184 5 45 46 236 79 174 238 233 139 173 68 15 143 245 145 115 166 186 32 140 237 102 101 223 195 85 212 111 191 129 183 158 11 240 194 250 162 99 126 176 10 122 23 72 136 207 164 138 252 144 217 255 153 165 74 71 21 22 36 157 181 214 218 26 219 210 134 100 211 95 133 103 180 248 0 187 16 178 44 254 65 175 226 151 20 148 234 58 112 84 220 142 73 125 152 54 34 13 163 80 64 246 31 52 4 206 199 88 215 106 35 188 62 120 160 202 83 69 167 42 200 51 29 149 227 253 38 177 135 235 48 14 205 18 12 57 7 242 24 56 222 128 110 60 171 159 221 
	Fitness: 56392044
	Fitness BL: 44845470

Generacion 34
	Solucion: 169 172 123 185 224 67 27 87 96 154 109 201 155 243 209 25 116 232 90 203 170 156 228 55 193 19 189 118 230 130 113 225 91 150 141 244 216 131 147 196 86 108 97 66 89 2 76 93 94 70 132 3 39 179 9 49 213 104 168 229 249 241 78 75 247 121 182 198 61 119 137 204 124 6 81 8 47 82 77 53 28 208 41 59 117 43 146 107 127 231 40 63 50 98 30 239 161 197 1 192 37 251 105 190 33 92 17 114 184 5 45 46 236 79 174 238 233 139 173 68 15 143 245 145 115 166 186 32 140 237 102 101 223 195 85 212 111 191 129 183 158 11 240 194 250 162 99 126 176 10 122 23 72 136 207 164 138 252 144 217 255 153 165 74 71 21 22 36 157 181 214 218 26 219 210 134 100 211 95 133 103 180 248 0 187 16 178 44 254 65 175 226 151 20 148 234 58 112 84 220 142 73 125 152 54 34 13 163 80 64 246 31 52 4 206 199 88 215 106 35 188 62 120 160 202 83 69 167 42 200 51 29 149 227 253 38 177 135 235 48 14 205 18 12 57 7 242 24 56 222 128 110 60 171 159 221 
	Fitness: 56392044
	Fitness BL: 44845470

Generacion 35
	Solucion: 169 172 123 185 224 67 27 87 96 154 109 201 155 243 209 25 116 232 90 203 170 156 228 55 193 19 189 118 230 130 113 225 91 150 141 244 216 131 147 196 86 108 97 66 89 2 76 93 94 70 132 3 39 179 9 49 213 104 168 229 249 241 78 75 247 121 182 198 61 119 137 204 124 6 81 8 47 82 77 53 28 208 41 59 117 43 146 107 127 231 40 63 50 98 30 239 161 197 1 192 37 251 105 190 33 92 17 114 184 5 45 46 236 79 174 238 233 139 173 68 15 143 245 145 115 166 186 32 140 237 102 101 223 195 85 212 111 191 129 183 158 11 240 194 250 162 99 126 176 10 122 23 72 136 207 164 138 252 144 217 255 153 165 74 71 21 22 36 157 181 214 218 26 219 210 134 100 211 95 133 103 180 248 0 187 16 178 44 254 65 175 226 151 20 148 234 58 112 84 220 142 73 125 152 54 34 13 163 80 64 246 31 52 4 206 199 88 215 106 35 188 62 120 160 202 83 69 167 42 200 51 29 149 227 253 38 177 135 235 48 14 205 18 12 57 7 242 24 56 222 128 110 60 171 159 221 
	Fitness: 56392044
	Fitness BL: 44845470

Generacion 36
	Solucion: 169 172 123 185 224 67 27 87 96 154 109 201 155 243 209 25 116 232 90 203 170 156 228 55 193 19 189 118 230 130 113 225 91 150 141 244 216 131 147 196 86 108 97 66 89 2 76 93 94 70 132 3 39 179 9 49 213 104 168 229 249 241 78 75 247 121 182 198 61 119 137 204 124 6 81 8 47 82 77 53 28 208 41 59 117 43 146 107 127 231 40 63 50 98 30 239 161 197 1 192 37 251 105 190 33 92 17 114 184 5 45 46 236 79 174 238 233 139 173 68 15 143 245 145 115 166 186 32 140 237 102 101 223 195 85 212 111 191 129 183 158 11 240 194 250 162 99 126 176 10 122 23 72 136 207 164 138 252 144 217 255 153 165 74 71 21 22 36 157 181 214 218 26 219 210 134 100 211 95 133 103 180 248 0 187 16 178 44 254 65 175 226 151 20 148 234 58 112 84 220 142 73 125 152 54 34 13 163 80 64 246 31 52 4 206 199 88 215 106 35 188 62 120 160 202 83 69 167 42 200 51 29 149 227 253 38 177 135 235 48 14 205 18 12 57 7 242 24 56 222 128 110 60 171 159 221 
	Fitness: 56392044
	Fitness BL: 44845470

Generacion 37
	Solucion: 169 172 123 185 224 67 27 87 96 154 109 201 155 243 209 25 116 232 90 203 170 156 228 55 193 19 189 118 230 130 113 225 91 150 141 244 216 131 147 196 86 108 97 66 89 2 76 93 94 70 132 3 39 179 9 49 213 104 168 229 249 241 78 75 247 121 182 198 61 119 137 204 124 6 81 8 47 82 77 53 28 208 41 59 117 43 146 107 127 231 40 63 50 98 30 239 161 197 1 192 37 251 105 190 33 92 17 114 184 5 45 46 236 79 174 238 233 139 173 68 15 143 245 145 115 166 186 32 140 237 102 101 223 195 85 212 111 191 129 183 158 11 240 194 250 162 99 126 176 10 122 23 72 136 207 164 138 252 144 217 255 153 165 74 71 21 22 36 157 181 214 218 26 219 210 134 100 211 95 133 103 180 248 0 187 16 178 44 254 65 175 226 151 20 148 234 58 112 84 220 142 73 125 152 54 34 13 163 80 64 246 31 52 4 206 199 88 215 106 35 188 62 120 160 202 83 69 167 42 200 51 29 149 227 253 38 177 135 235 48 14 205 18 12 57 7 242 24 56 222 128 110 60 171 159 221 
	Fitness: 56392044
	Fitness BL: 44845470

Generacion 38
	Solucion: 169 172 123 185 224 67 27 87 96 154 109 201 155 243 209 25 116 232 90 203 170 156 228 55 193 19 189 118 230 130 113 225 91 150 141 244 216 131 147 196 86 108 97 66 89 2 76 93 94 70 132 3 39 179 9 49 213 104 168 229 249 241 78 75 247 121 182 198 61 119 137 204 124 6 81 8 47 82 77 53 28 208 41 59 117 43 146 107 127 231 40 63 50 98 30 239 161 197 1 192 37 251 105 190 33 92 17 114 184 5 45 46 236 79 174 238 233 139 173 68 15 143 245 145 115 166 186 32 140 237 102 101 223 195 85 212 111 191 129 183 158 11 240 194 250 162 99 126 176 10 122 23 72 136 207 164 138 252 144 217 255 153 165 74 71 21 22 36 157 181 214 218 26 219 210 134 100 211 95 133 103 180 248 0 187 16 178 44 254 65 175 226 151 20 148 234 58 112 84 220 142 73 125 152 54 34 13 163 80 64 246 31 52 4 206 199 88 215 106 35 188 62 120 160 202 83 69 167 42 200 51 29 149 227 253 38 177 135 235 48 14 205 18 12 57 7 242 24 56 222 128 110 60 171 159 221 
	Fitness: 56392044
	Fitness BL: 44845470

Generacion 39
	Solucion: 169 172 123 185 224 67 27 87 96 154 109 201 155 243 209 25 116 232 90 203 170 156 228 55 193 19 189 118 230 130 113 225 91 150 141 244 216 131 147 196 86 108 97 66 89 2 76 93 94 70 132 3 39 179 9 49 213 104 168 229 249 241 78 75 247 121 182 198 61 119 137 204 124 6 81 8 47 82 77 53 28 208 41 59 117 43 146 107 127 231 40 63 50 98 30 239 161 197 1 192 37 251 105 190 33 92 17 114 184 5 45 46 236 79 174 238 233 139 173 68 15 143 245 145 115 166 186 32 140 237 102 101 223 195 85 212 111 191 129 183 158 11 240 194 250 162 99 126 176 10 122 23 72 136 207 164 138 252 144 217 255 153 165 74 71 21 22 36 157 181 214 218 26 219 210 134 100 211 95 133 103 180 248 0 187 16 178 44 254 65 175 226 151 20 148 234 58 112 84 220 142 73 125 152 54 34 13 163 80 64 246 31 52 4 206 199 88 215 106 35 188 62 120 160 202 83 69 167 42 200 51 29 149 227 253 38 177 135 235 48 14 205 18 12 57 7 242 24 56 222 128 110 60 171 159 221 
	Fitness: 56392044
	Fitness BL: 44845470

Generacion 40
	Solucion: 169 172 123 185 224 67 27 87 96 154 109 201 155 243 209 25 116 232 90 203 170 156 228 55 193 19 189 118 230 130 113 225 91 150 141 244 216 131 147 196 86 108 97 66 89 2 76 93 94 70 132 3 39 179 9 49 213 104 168 229 249 241 78 75 247 121 182 198 61 119 137 204 124 6 81 8 47 82 77 53 28 208 41 59 117 43 146 107 127 231 40 63 50 98 30 239 161 197 1 192 37 251 105 190 33 92 17 114 184 5 45 46 236 79 174 238 233 139 173 68 15 143 245 145 115 166 186 32 140 237 102 101 223 195 85 212 111 191 129 183 158 11 240 194 250 162 99 126 176 10 122 23 72 136 207 164 138 252 144 217 255 153 165 74 71 21 22 36 157 181 214 218 26 219 210 134 100 211 95 133 103 180 248 0 187 16 178 44 254 65 175 226 151 20 148 234 58 112 84 220 142 73 125 152 54 34 13 163 80 64 246 31 52 4 206 199 88 215 106 35 188 62 120 160 202 83 69 167 42 200 51 29 149 227 253 38 177 135 235 48 14 205 18 12 57 7 242 24 56 222 128 110 60 171 159 221 
	Fitness: 56392044
	Fitness BL: 44845470

Generacion 41
	Solucion: 169 172 123 185 224 67 27 87 96 154 109 201 155 243 209 25 116 232 90 203 170 156 228 55 193 19 189 118 230 130 113 225 91 150 141 244 216 131 147 196 86 108 97 66 89 2 76 93 94 70 132 3 39 179 9 49 213 104 168 229 249 241 78 75 247 121 182 198 61 119 137 204 124 6 81 8 47 82 77 53 28 208 41 59 117 43 146 107 127 231 40 63 50 98 30 239 161 197 1 192 37 251 105 190 33 92 17 114 184 5 45 46 236 79 174 238 233 139 173 68 15 143 245 145 115 166 186 32 140 237 102 101 223 195 85 212 111 191 129 183 158 11 240 194 250 162 99 126 176 10 122 23 72 136 207 164 138 252 144 217 255 153 165 74 71 21 22 36 157 181 214 218 26 219 210 134 100 211 95 133 103 180 248 0 187 16 178 44 254 65 175 226 151 20 148 234 58 112 84 220 142 73 125 152 54 34 13 163 80 64 246 31 52 4 206 199 88 215 106 35 188 62 120 160 202 83 69 167 42 200 51 29 149 227 253 38 177 135 235 48 14 205 18 12 57 7 242 24 56 222 128 110 60 171 159 221 
	Fitness: 56392044
	Fitness BL: 44845470

Generacion 42
	Solucion: 169 172 123 185 224 67 27 87 96 154 109 201 155 243 209 25 116 232 90 203 170 156 228 55 193 19 189 118 230 130 113 225 91 150 141 244 216 131 147 196 86 108 97 66 89 2 76 93 94 70 132 3 39 179 9 49 213 104 168 229 249 241 78 75 247 121 182 198 61 119 137 204 124 6 81 8 47 82 77 53 28 208 41 59 117 43 146 107 127 231 40 63 50 98 30 239 161 197 1 192 37 251 105 190 33 92 17 114 184 5 45 46 236 79 174 238 233 139 173 68 15 143 245 145 115 166 186 32 140 237 102 101 223 195 85 212 111 191 129 183 158 11 240 194 250 162 99 126 176 10 122 23 72 136 207 164 138 252 144 217 255 153 165 74 71 21 22 36 157 181 214 218 26 219 210 134 100 211 95 133 103 180 248 0 187 16 178 44 254 65 175 226 151 20 148 234 58 112 84 220 142 73 125 152 54 34 13 163 80 64 246 31 52 4 206 199 88 215 106 35 188 62 120 160 202 83 69 167 42 200 51 29 149 227 253 38 177 135 235 48 14 205 18 12 57 7 242 24 56 222 128 110 60 171 159 221 
	Fitness: 56392044
	Fitness BL: 44845470

Generacion 43
	Solucion: 169 172 123 185 224 67 27 87 96 154 109 201 155 243 209 25 116 232 90 203 170 156 228 55 193 19 189 118 230 130 113 225 91 150 141 244 216 131 147 196 86 108 97 66 89 2 76 93 94 70 132 3 39 179 9 49 213 104 168 229 249 241 78 75 247 121 182 198 61 119 137 204 124 6 81 8 47 82 77 53 28 208 41 59 117 43 146 107 127 231 40 63 50 98 30 239 161 197 1 192 37 251 105 190 33 92 17 114 184 5 45 46 236 79 174 238 233 139 173 68 15 143 245 145 115 166 186 32 140 237 102 101 223 195 85 212 111 191 129 183 158 11 240 194 250 162 99 126 176 10 122 23 72 136 207 164 138 252 144 217 255 153 165 74 71 21 22 36 157 181 214 218 26 219 210 134 100 211 95 133 103 180 248 0 187 16 178 44 254 65 175 226 151 20 148 234 58 112 84 220 142 73 125 152 54 34 13 163 80 64 246 31 52 4 206 199 88 215 106 35 188 62 120 160 202 83 69 167 42 200 51 29 149 227 253 38 177 135 235 48 14 205 18 12 57 7 242 24 56 222 128 110 60 171 159 221 
	Fitness: 56392044
	Fitness BL: 44845470

Generacion 44
	Solucion: 169 172 123 185 224 67 27 87 96 154 109 201 155 243 209 25 116 232 90 203 170 156 228 55 193 19 189 118 230 130 113 225 91 150 141 244 216 131 147 196 86 108 97 66 89 2 76 93 94 70 132 3 39 179 9 49 213 104 168 229 249 241 78 75 247 121 182 198 61 119 137 204 124 6 81 8 47 82 77 53 28 208 41 59 117 43 146 107 127 231 40 63 50 98 30 239 161 197 1 192 37 251 105 190 33 92 17 114 184 5 45 46 236 79 174 238 233 139 173 68 15 143 245 145 115 166 186 32 140 237 102 101 223 195 85 212 111 191 129 183 158 11 240 194 250 162 99 126 176 10 122 23 72 136 207 164 138 252 144 217 255 153 165 74 71 21 22 36 157 181 214 218 26 219 210 134 100 211 95 133 103 180 248 0 187 16 178 44 254 65 175 226 151 20 148 234 58 112 84 220 142 73 125 152 54 34 13 163 80 64 246 31 52 4 206 199 88 215 106 35 188 62 120 160 202 83 69 167 42 200 51 29 149 227 253 38 177 135 235 48 14 205 18 12 57 7 242 24 56 222 128 110 60 171 159 221 
	Fitness: 56392044
	Fitness BL: 44845470

Generacion 45
	Solucion: 169 172 123 185 224 67 27 87 96 154 109 201 155 243 209 25 116 232 90 203 170 156 228 55 193 19 189 118 230 130 113 225 91 150 141 244 216 131 147 196 86 108 97 66 89 2 76 93 94 70 132 3 39 179 9 49 213 104 168 229 249 241 78 75 247 121 182 198 61 119 137 204 124 6 81 8 47 82 77 53 28 208 41 59 117 43 146 107 127 231 40 63 50 98 30 239 161 197 1 192 37 251 105 190 33 92 17 114 184 5 45 46 236 79 174 238 233 139 173 68 15 143 245 145 115 166 186 32 140 237 102 101 223 195 85 212 111 191 129 183 158 11 240 194 250 162 99 126 176 10 122 23 72 136 207 164 138 252 144 217 255 153 165 74 71 21 22 36 157 181 214 218 26 219 210 134 100 211 95 133 103 180 248 0 187 16 178 44 254 65 175 226 151 20 148 234 58 112 84 220 142 73 125 152 54 34 13 163 80 64 246 31 52 4 206 199 88 215 106 35 188 62 120 160 202 83 69 167 42 200 51 29 149 227 253 38 177 135 235 48 14 205 18 12 57 7 242 24 56 222 128 110 60 171 159 221 
	Fitness: 56392044
	Fitness BL: 44845470

Generacion 46
	Solucion: 169 172 123 185 224 67 27 87 96 154 109 201 155 243 209 25 116 232 90 203 170 156 228 55 193 19 189 118 230 130 113 225 91 150 141 244 216 131 147 196 86 108 97 66 89 2 76 93 94 70 132 3 39 179 9 49 213 104 168 229 249 241 78 75 247 121 182 198 61 119 137 204 124 6 81 8 47 82 77 53 28 208 41 59 117 43 146 107 127 231 40 63 50 98 30 239 161 197 1 192 37 251 105 190 33 92 17 114 184 5 45 46 236 79 174 238 233 139 173 68 15 143 245 145 115 166 186 32 140 237 102 101 223 195 85 212 111 191 129 183 158 11 240 194 250 162 99 126 176 10 122 23 72 136 207 164 138 252 144 217 255 153 165 74 71 21 22 36 157 181 214 218 26 219 210 134 100 211 95 133 103 180 248 0 187 16 178 44 254 65 175 226 151 20 148 234 58 112 84 220 142 73 125 152 54 34 13 163 80 64 246 31 52 4 206 199 88 215 106 35 188 62 120 160 202 83 69 167 42 200 51 29 149 227 253 38 177 135 235 48 14 205 18 12 57 7 242 24 56 222 128 110 60 171 159 221 
	Fitness: 56392044
	Fitness BL: 44845470

Generacion 47
	Solucion: 169 172 123 185 224 67 27 87 96 154 109 201 155 243 209 25 116 232 90 203 170 156 228 55 193 19 189 118 230 130 113 225 91 150 141 244 216 131 147 196 86 108 97 66 89 2 76 93 94 70 132 3 39 179 9 49 213 104 168 229 249 241 78 75 247 121 182 198 61 119 137 204 124 6 81 8 47 82 77 53 28 208 41 59 117 43 146 107 127 231 40 63 50 98 30 239 161 197 1 192 37 251 105 190 33 92 17 114 184 5 45 46 236 79 174 238 233 139 173 68 15 143 245 145 115 166 186 32 140 237 102 101 223 195 85 212 111 191 129 183 158 11 240 194 250 162 99 126 176 10 122 23 72 136 207 164 138 252 144 217 255 153 165 74 71 21 22 36 157 181 214 218 26 219 210 134 100 211 95 133 103 180 248 0 187 16 178 44 254 65 175 226 151 20 148 234 58 112 84 220 142 73 125 152 54 34 13 163 80 64 246 31 52 4 206 199 88 215 106 35 188 62 120 160 202 83 69 167 42 200 51 29 149 227 253 38 177 135 235 48 14 205 18 12 57 7 242 24 56 222 128 110 60 171 159 221 
	Fitness: 56392044
	Fitness BL: 44845470

Generacion 48
	Solucion: 169 172 123 185 224 67 27 87 96 154 109 201 155 243 209 25 116 232 90 203 170 156 228 55 193 19 189 118 230 130 113 225 91 150 141 244 216 131 147 196 86 108 97 66 89 2 76 93 94 70 132 3 39 179 9 49 213 104 168 229 249 241 78 75 247 121 182 198 61 119 137 204 124 6 81 8 47 82 77 53 28 208 41 59 117 43 146 107 127 231 40 63 50 98 30 239 161 197 1 192 37 251 105 190 33 92 17 114 184 5 45 46 236 79 174 238 233 139 173 68 15 143 245 145 115 166 186 32 140 237 102 101 223 195 85 212 111 191 129 183 158 11 240 194 250 162 99 126 176 10 122 23 72 136 207 164 138 252 144 217 255 153 165 74 71 21 22 36 157 181 214 218 26 219 210 134 100 211 95 133 103 180 248 0 187 16 178 44 254 65 175 226 151 20 148 234 58 112 84 220 142 73 125 152 54 34 13 163 80 64 246 31 52 4 206 199 88 215 106 35 188 62 120 160 202 83 69 167 42 200 51 29 149 227 253 38 177 135 235 48 14 205 18 12 57 7 242 24 56 222 128 110 60 171 159 221 
	Fitness: 56392044
	Fitness BL: 44845470

Generacion 49
	Solucion: 169 172 123 185 224 67 27 87 96 154 109 201 155 243 209 25 116 232 90 203 170 156 228 55 193 19 189 118 230 130 113 225 91 150 141 244 216 131 147 196 86 108 97 66 89 2 76 93 94 70 132 3 39 179 9 49 213 104 168 229 249 241 78 75 247 121 182 198 61 119 137 204 124 6 81 8 47 82 77 53 28 208 41 59 117 43 146 107 127 231 40 63 50 98 30 239 161 197 1 192 37 251 105 190 33 92 17 114 184 5 45 46 236 79 174 238 233 139 173 68 15 143 245 145 115 166 186 32 140 237 102 101 223 195 85 212 111 191 129 183 158 11 240 194 250 162 99 126 176 10 122 23 72 136 207 164 138 252 144 217 255 153 165 74 71 21 22 36 157 181 214 218 26 219 210 134 100 211 95 133 103 180 248 0 187 16 178 44 254 65 175 226 151 20 148 234 58 112 84 220 142 73 125 152 54 34 13 163 80 64 246 31 52 4 206 199 88 215 106 35 188 62 120 160 202 83 69 167 42 200 51 29 149 227 253 38 177 135 235 48 14 205 18 12 57 7 242 24 56 222 128 110 60 171 159 221 
	Fitness: 56392044
	Fitness BL: 44845470

Generacion 50
	Solucion: 169 172 123 185 224 67 27 87 96 154 109 201 155 243 209 25 116 232 90 203 170 156 228 55 193 19 189 118 230 130 113 225 91 150 141 244 216 131 147 196 86 108 97 66 89 2 76 93 94 70 132 3 39 179 9 49 213 104 168 229 249 241 78 75 247 121 182 198 61 119 137 204 124 6 81 8 47 82 77 53 28 208 41 59 117 43 146 107 127 231 40 63 50 98 30 239 161 197 1 192 37 251 105 190 33 92 17 114 184 5 45 46 236 79 174 238 233 139 173 68 15 143 245 145 115 166 186 32 140 237 102 101 223 195 85 212 111 191 129 183 158 11 240 194 250 162 99 126 176 10 122 23 72 136 207 164 138 252 144 217 255 153 165 74 71 21 22 36 157 181 214 218 26 219 210 134 100 211 95 133 103 180 248 0 187 16 178 44 254 65 175 226 151 20 148 234 58 112 84 220 142 73 125 152 54 34 13 163 80 64 246 31 52 4 206 199 88 215 106 35 188 62 120 160 202 83 69 167 42 200 51 29 149 227 253 38 177 135 235 48 14 205 18 12 57 7 242 24 56 222 128 110 60 171 159 221 
	Fitness: 56392044
	Fitness BL: 44845470

Generacion 51
	Solucion: 169 172 123 185 224 67 27 87 96 154 109 201 155 243 209 25 116 232 90 203 170 156 228 55 193 19 189 118 230 130 113 225 91 150 141 244 216 131 147 196 86 108 97 66 89 2 76 93 94 70 132 3 39 179 9 49 213 104 168 229 249 241 78 75 247 121 182 198 61 119 137 204 124 6 81 8 47 82 77 53 28 208 41 59 117 43 146 107 127 231 40 63 50 98 30 239 161 197 1 192 37 251 105 190 33 92 17 114 184 5 45 46 236 79 174 238 233 139 173 68 15 143 245 145 115 166 186 32 140 237 102 101 223 195 85 212 111 191 129 183 158 11 240 194 250 162 99 126 176 10 122 23 72 136 207 164 138 252 144 217 255 153 165 74 71 21 22 36 157 181 214 218 26 219 210 134 100 211 95 133 103 180 248 0 187 16 178 44 254 65 175 226 151 20 148 234 58 112 84 220 142 73 125 152 54 34 13 163 80 64 246 31 52 4 206 199 88 215 106 35 188 62 120 160 202 83 69 167 42 200 51 29 149 227 253 38 177 135 235 48 14 205 18 12 57 7 242 24 56 222 128 110 60 171 159 221 
	Fitness: 56392044
	Fitness BL: 44845470

Generacion 52
	Solucion: 169 172 123 185 224 67 27 87 96 154 109 201 155 243 209 25 116 232 90 203 170 156 228 55 193 19 189 118 230 130 113 225 91 150 141 244 216 131 147 196 86 108 97 66 89 2 76 93 94 70 132 3 39 179 9 49 213 104 168 229 249 241 78 75 247 121 182 198 61 119 137 204 124 6 81 8 47 82 77 53 28 208 41 59 117 43 146 107 127 231 40 63 50 98 30 239 161 197 1 192 37 251 105 190 33 92 17 114 184 5 45 46 236 79 174 238 233 139 173 68 15 143 245 145 115 166 186 32 140 237 102 101 223 195 85 212 111 191 129 183 158 11 240 194 250 162 99 126 176 10 122 23 72 136 207 164 138 252 144 217 255 153 165 74 71 21 22 36 157 181 214 218 26 219 210 134 100 211 95 133 103 180 248 0 187 16 178 44 254 65 175 226 151 20 148 234 58 112 84 220 142 73 125 152 54 34 13 163 80 64 246 31 52 4 206 199 88 215 106 35 188 62 120 160 202 83 69 167 42 200 51 29 149 227 253 38 177 135 235 48 14 205 18 12 57 7 242 24 56 222 128 110 60 171 159 221 
	Fitness: 56392044
	Fitness BL: 44845470

Generacion 53
	Solucion: 169 172 123 185 224 67 27 87 96 154 109 201 155 243 209 25 116 232 90 203 170 156 228 55 193 19 189 118 230 130 113 225 91 150 141 244 216 131 147 196 86 108 97 66 89 2 76 93 94 70 132 3 39 179 9 49 213 104 168 229 249 241 78 75 247 121 182 198 61 119 137 204 124 6 81 8 47 82 77 53 28 208 41 59 117 43 146 107 127 231 40 63 50 98 30 239 161 197 1 192 37 251 105 190 33 92 17 114 184 5 45 46 236 79 174 238 233 139 173 68 15 143 245 145 115 166 186 32 140 237 102 101 223 195 85 212 111 191 129 183 158 11 240 194 250 162 99 126 176 10 122 23 72 136 207 164 138 252 144 217 255 153 165 74 71 21 22 36 157 181 214 218 26 219 210 134 100 211 95 133 103 180 248 0 187 16 178 44 254 65 175 226 151 20 148 234 58 112 84 220 142 73 125 152 54 34 13 163 80 64 246 31 52 4 206 199 88 215 106 35 188 62 120 160 202 83 69 167 42 200 51 29 149 227 253 38 177 135 235 48 14 205 18 12 57 7 242 24 56 222 128 110 60 171 159 221 
	Fitness: 56392044
	Fitness BL: 44845470

Generacion 54
	Solucion: 169 172 123 185 224 67 27 87 96 154 109 201 155 243 209 25 116 232 90 203 170 156 228 55 193 19 189 118 230 130 113 225 91 150 141 244 216 131 147 196 86 108 97 66 89 2 76 93 94 70 132 3 39 179 9 49 213 104 168 229 249 241 78 75 247 121 182 198 61 119 137 204 124 6 81 8 47 82 77 53 28 208 41 59 117 43 146 107 127 231 40 63 50 98 30 239 161 197 1 192 37 251 105 190 33 92 17 114 184 5 45 46 236 79 174 238 233 139 173 68 15 143 245 145 115 166 186 32 140 237 102 101 223 195 85 212 111 191 129 183 158 11 240 194 250 162 99 126 176 10 122 23 72 136 207 164 138 252 144 217 255 153 165 74 71 21 22 36 157 181 214 218 26 219 210 134 100 211 95 133 103 180 248 0 187 16 178 44 254 65 175 226 151 20 148 234 58 112 84 220 142 73 125 152 54 34 13 163 80 64 246 31 52 4 206 199 88 215 106 35 188 62 120 160 202 83 69 167 42 200 51 29 149 227 253 38 177 135 235 48 14 205 18 12 57 7 242 24 56 222 128 110 60 171 159 221 
	Fitness: 56392044
	Fitness BL: 44845470

Generacion 55
	Solucion: 169 172 123 185 224 67 27 87 96 154 109 201 155 243 209 25 116 232 90 203 170 156 228 55 193 19 189 118 230 130 113 225 91 150 141 244 216 131 147 196 86 108 97 66 89 2 76 93 94 70 132 3 39 179 9 49 213 104 168 229 249 241 78 75 247 121 182 198 61 119 137 204 124 6 81 8 47 82 77 53 28 208 41 59 117 43 146 107 127 231 40 63 50 98 30 239 161 197 1 192 37 251 105 190 33 92 17 114 184 5 45 46 236 79 174 238 233 139 173 68 15 143 245 145 115 166 186 32 140 237 102 101 223 195 85 212 111 191 129 183 158 11 240 194 250 162 99 126 176 10 122 23 72 136 207 164 138 252 144 217 255 153 165 74 71 21 22 36 157 181 214 218 26 219 210 134 100 211 95 133 103 180 248 0 187 16 178 44 254 65 175 226 151 20 148 234 58 112 84 220 142 73 125 152 54 34 13 163 80 64 246 31 52 4 206 199 88 215 106 35 188 62 120 160 202 83 69 167 42 200 51 29 149 227 253 38 177 135 235 48 14 205 18 12 57 7 242 24 56 222 128 110 60 171 159 221 
	Fitness: 56392044
	Fitness BL: 44845470

Generacion 56
	Solucion: 169 172 123 185 224 67 27 87 96 154 109 201 155 243 209 25 116 232 90 203 170 156 228 55 193 19 189 118 230 130 113 225 91 150 141 244 216 131 147 196 86 108 97 66 89 2 76 93 94 70 132 3 39 179 9 49 213 104 168 229 249 241 78 75 247 121 182 198 61 119 137 204 124 6 81 8 47 82 77 53 28 208 41 59 117 43 146 107 127 231 40 63 50 98 30 239 161 197 1 192 37 251 105 190 33 92 17 114 184 5 45 46 236 79 174 238 233 139 173 68 15 143 245 145 115 166 186 32 140 237 102 101 223 195 85 212 111 191 129 183 158 11 240 194 250 162 99 126 176 10 122 23 72 136 207 164 138 252 144 217 255 153 165 74 71 21 22 36 157 181 214 218 26 219 210 134 100 211 95 133 103 180 248 0 187 16 178 44 254 65 175 226 151 20 148 234 58 112 84 220 142 73 125 152 54 34 13 163 80 64 246 31 52 4 206 199 88 215 106 35 188 62 120 160 202 83 69 167 42 200 51 29 149 227 253 38 177 135 235 48 14 205 18 12 57 7 242 24 56 222 128 110 60 171 159 221 
	Fitness: 56392044
	Fitness BL: 44845470

Generacion 57
	Solucion: 169 172 123 185 224 67 27 87 96 154 109 201 155 243 209 25 116 232 90 203 170 156 228 55 193 19 189 118 230 130 113 225 91 150 141 244 216 131 147 196 86 108 97 66 89 2 76 93 94 70 132 3 39 179 9 49 213 104 168 229 249 241 78 75 247 121 182 198 61 119 137 204 124 6 81 8 47 82 77 53 28 208 41 59 117 43 146 107 127 231 40 63 50 98 30 239 161 197 1 192 37 251 105 190 33 92 17 114 184 5 45 46 236 79 174 238 233 139 173 68 15 143 245 145 115 166 186 32 140 237 102 101 223 195 85 212 111 191 129 183 158 11 240 194 250 162 99 126 176 10 122 23 72 136 207 164 138 252 144 217 255 153 165 74 71 21 22 36 157 181 214 218 26 219 210 134 100 211 95 133 103 180 248 0 187 16 178 44 254 65 175 226 151 20 148 234 58 112 84 220 142 73 125 152 54 34 13 163 80 64 246 31 52 4 206 199 88 215 106 35 188 62 120 160 202 83 69 167 42 200 51 29 149 227 253 38 177 135 235 48 14 205 18 12 57 7 242 24 56 222 128 110 60 171 159 221 
	Fitness: 56392044
	Fitness BL: 44845470

Generacion 58
	Solucion: 169 172 123 185 224 67 27 87 96 154 109 201 155 243 209 25 116 232 90 203 170 156 228 55 193 19 189 118 230 130 113 225 91 150 141 244 216 131 147 196 86 108 97 66 89 2 76 93 94 70 132 3 39 179 9 49 213 104 168 229 249 241 78 75 247 121 182 198 61 119 137 204 124 6 81 8 47 82 77 53 28 208 41 59 117 43 146 107 127 231 40 63 50 98 30 239 161 197 1 192 37 251 105 190 33 92 17 114 184 5 45 46 236 79 174 238 233 139 173 68 15 143 245 145 115 166 186 32 140 237 102 101 223 195 85 212 111 191 129 183 158 11 240 194 250 162 99 126 176 10 122 23 72 136 207 164 138 252 144 217 255 153 165 74 71 21 22 36 157 181 214 218 26 219 210 134 100 211 95 133 103 180 248 0 187 16 178 44 254 65 175 226 151 20 148 234 58 112 84 220 142 73 125 152 54 34 13 163 80 64 246 31 52 4 206 199 88 215 106 35 188 62 120 160 202 83 69 167 42 200 51 29 149 227 253 38 177 135 235 48 14 205 18 12 57 7 242 24 56 222 128 110 60 171 159 221 
	Fitness: 56392044
	Fitness BL: 44845470

Generacion 59
	Solucion: 169 172 123 185 224 67 27 87 96 154 109 201 155 243 209 25 116 232 90 203 170 156 228 55 193 19 189 118 230 130 113 225 91 150 141 244 216 131 147 196 86 108 97 66 89 2 76 93 94 70 132 3 39 179 9 49 213 104 168 229 249 241 78 75 247 121 182 198 61 119 137 204 124 6 81 8 47 82 77 53 28 208 41 59 117 43 146 107 127 231 40 63 50 98 30 239 161 197 1 192 37 251 105 190 33 92 17 114 184 5 45 46 236 79 174 238 233 139 173 68 15 143 245 145 115 166 186 32 140 237 102 101 223 195 85 212 111 191 129 183 158 11 240 194 250 162 99 126 176 10 122 23 72 136 207 164 138 252 144 217 255 153 165 74 71 21 22 36 157 181 214 218 26 219 210 134 100 211 95 133 103 180 248 0 187 16 178 44 254 65 175 226 151 20 148 234 58 112 84 220 142 73 125 152 54 34 13 163 80 64 246 31 52 4 206 199 88 215 106 35 188 62 120 160 202 83 69 167 42 200 51 29 149 227 253 38 177 135 235 48 14 205 18 12 57 7 242 24 56 222 128 110 60 171 159 221 
	Fitness: 56392044
	Fitness BL: 44845470

Generacion 60
	Solucion: 169 172 123 185 224 67 27 87 96 154 109 201 155 243 209 25 116 232 90 203 170 156 228 55 193 19 189 118 230 130 113 225 91 150 141 244 216 131 147 196 86 108 97 66 89 2 76 93 94 70 132 3 39 179 9 49 213 104 168 229 249 241 78 75 247 121 182 198 61 119 137 204 124 6 81 8 47 82 77 53 28 208 41 59 117 43 146 107 127 231 40 63 50 98 30 239 161 197 1 192 37 251 105 190 33 92 17 114 184 5 45 46 236 79 174 238 233 139 173 68 15 143 245 145 115 166 186 32 140 237 102 101 223 195 85 212 111 191 129 183 158 11 240 194 250 162 99 126 176 10 122 23 72 136 207 164 138 252 144 217 255 153 165 74 71 21 22 36 157 181 214 218 26 219 210 134 100 211 95 133 103 180 248 0 187 16 178 44 254 65 175 226 151 20 148 234 58 112 84 220 142 73 125 152 54 34 13 163 80 64 246 31 52 4 206 199 88 215 106 35 188 62 120 160 202 83 69 167 42 200 51 29 149 227 253 38 177 135 235 48 14 205 18 12 57 7 242 24 56 222 128 110 60 171 159 221 
	Fitness: 56392044
	Fitness BL: 44845470

Generacion 61
	Solucion: 169 172 123 185 224 67 27 87 96 154 109 201 155 243 209 25 116 232 90 203 170 156 228 55 193 19 189 118 230 130 113 225 91 150 141 244 216 131 147 196 86 108 97 66 89 2 76 93 94 70 132 3 39 179 9 49 213 104 168 229 249 241 78 75 247 121 182 198 61 119 137 204 124 6 81 8 47 82 77 53 28 208 41 59 117 43 146 107 127 231 40 63 50 98 30 239 161 197 1 192 37 251 105 190 33 92 17 114 184 5 45 46 236 79 174 238 233 139 173 68 15 143 245 145 115 166 186 32 140 237 102 101 223 195 85 212 111 191 129 183 158 11 240 194 250 162 99 126 176 10 122 23 72 136 207 164 138 252 144 217 255 153 165 74 71 21 22 36 157 181 214 218 26 219 210 134 100 211 95 133 103 180 248 0 187 16 178 44 254 65 175 226 151 20 148 234 58 112 84 220 142 73 125 152 54 34 13 163 80 64 246 31 52 4 206 199 88 215 106 35 188 62 120 160 202 83 69 167 42 200 51 29 149 227 253 38 177 135 235 48 14 205 18 12 57 7 242 24 56 222 128 110 60 171 159 221 
	Fitness: 56392044
	Fitness BL: 44845470

Generacion 62
	Solucion: 169 172 123 185 224 67 27 87 96 154 109 201 155 243 209 25 116 232 90 203 170 156 228 55 193 19 189 118 230 130 113 225 91 150 141 244 216 131 147 196 86 108 97 66 89 2 76 93 94 70 132 3 39 179 9 49 213 104 168 229 249 241 78 75 247 121 182 198 61 119 137 204 124 6 81 8 47 82 77 53 28 208 41 59 117 43 146 107 127 231 40 63 50 98 30 239 161 197 1 192 37 251 105 190 33 92 17 114 184 5 45 46 236 79 174 238 233 139 173 68 15 143 245 145 115 166 186 32 140 237 102 101 223 195 85 212 111 191 129 183 158 11 240 194 250 162 99 126 176 10 122 23 72 136 207 164 138 252 144 217 255 153 165 74 71 21 22 36 157 181 214 218 26 219 210 134 100 211 95 133 103 180 248 0 187 16 178 44 254 65 175 226 151 20 148 234 58 112 84 220 142 73 125 152 54 34 13 163 80 64 246 31 52 4 206 199 88 215 106 35 188 62 120 160 202 83 69 167 42 200 51 29 149 227 253 38 177 135 235 48 14 205 18 12 57 7 242 24 56 222 128 110 60 171 159 221 
	Fitness: 56392044
	Fitness BL: 44845470

Generacion 63
	Solucion: 169 172 123 185 224 67 27 87 96 154 109 201 155 243 209 25 116 232 90 203 170 156 228 55 193 19 189 118 230 130 113 225 91 150 141 244 216 131 147 196 86 108 97 66 89 2 76 93 94 70 132 3 39 179 9 49 213 104 168 229 249 241 78 75 247 121 182 198 61 119 137 204 124 6 81 8 47 82 77 53 28 208 41 59 117 43 146 107 127 231 40 63 50 98 30 239 161 197 1 192 37 251 105 190 33 92 17 114 184 5 45 46 236 79 174 238 233 139 173 68 15 143 245 145 115 166 186 32 140 237 102 101 223 195 85 212 111 191 129 183 158 11 240 194 250 162 99 126 176 10 122 23 72 136 207 164 138 252 144 217 255 153 165 74 71 21 22 36 157 181 214 218 26 219 210 134 100 211 95 133 103 180 248 0 187 16 178 44 254 65 175 226 151 20 148 234 58 112 84 220 142 73 125 152 54 34 13 163 80 64 246 31 52 4 206 199 88 215 106 35 188 62 120 160 202 83 69 167 42 200 51 29 149 227 253 38 177 135 235 48 14 205 18 12 57 7 242 24 56 222 128 110 60 171 159 221 
	Fitness: 56392044
	Fitness BL: 44845470

Generacion 64
	Solucion: 169 172 123 185 224 67 27 87 96 154 109 201 155 243 209 25 116 232 90 203 170 156 228 55 193 19 189 118 230 130 113 225 91 150 141 244 216 131 147 196 86 108 97 66 89 2 76 93 94 70 132 3 39 179 9 49 213 104 168 229 249 241 78 75 247 121 182 198 61 119 137 204 124 6 81 8 47 82 77 53 28 208 41 59 117 43 146 107 127 231 40 63 50 98 30 239 161 197 1 192 37 251 105 190 33 92 17 114 184 5 45 46 236 79 174 238 233 139 173 68 15 143 245 145 115 166 186 32 140 237 102 101 223 195 85 212 111 191 129 183 158 11 240 194 250 162 99 126 176 10 122 23 72 136 207 164 138 252 144 217 255 153 165 74 71 21 22 36 157 181 214 218 26 219 210 134 100 211 95 133 103 180 248 0 187 16 178 44 254 65 175 226 151 20 148 234 58 112 84 220 142 73 125 152 54 34 13 163 80 64 246 31 52 4 206 199 88 215 106 35 188 62 120 160 202 83 69 167 42 200 51 29 149 227 253 38 177 135 235 48 14 205 18 12 57 7 242 24 56 222 128 110 60 171 159 221 
	Fitness: 56392044
	Fitness BL: 44845470

Generacion 65
	Solucion: 169 172 123 185 224 67 27 87 96 154 109 201 155 243 209 25 116 232 90 203 170 156 228 55 193 19 189 118 230 130 113 225 91 150 141 244 216 131 147 196 86 108 97 66 89 2 76 93 94 70 132 3 39 179 9 49 213 104 168 229 249 241 78 75 247 121 182 198 61 119 137 204 124 6 81 8 47 82 77 53 28 208 41 59 117 43 146 107 127 231 40 63 50 98 30 239 161 197 1 192 37 251 105 190 33 92 17 114 184 5 45 46 236 79 174 238 233 139 173 68 15 143 245 145 115 166 186 32 140 237 102 101 223 195 85 212 111 191 129 183 158 11 240 194 250 162 99 126 176 10 122 23 72 136 207 164 138 252 144 217 255 153 165 74 71 21 22 36 157 181 214 218 26 219 210 134 100 211 95 133 103 180 248 0 187 16 178 44 254 65 175 226 151 20 148 234 58 112 84 220 142 73 125 152 54 34 13 163 80 64 246 31 52 4 206 199 88 215 106 35 188 62 120 160 202 83 69 167 42 200 51 29 149 227 253 38 177 135 235 48 14 205 18 12 57 7 242 24 56 222 128 110 60 171 159 221 
	Fitness: 56392044
	Fitness BL: 44845470

Generacion 66
	Solucion: 169 172 123 185 224 67 27 87 96 154 109 201 155 243 209 25 116 232 90 203 170 156 228 55 193 19 189 118 230 130 113 225 91 150 141 244 216 131 147 196 86 108 97 66 89 2 76 93 94 70 132 3 39 179 9 49 213 104 168 229 249 241 78 75 247 121 182 198 61 119 137 204 124 6 81 8 47 82 77 53 28 208 41 59 117 43 146 107 127 231 40 63 50 98 30 239 161 197 1 192 37 251 105 190 33 92 17 114 184 5 45 46 236 79 174 238 233 139 173 68 15 143 245 145 115 166 186 32 140 237 102 101 223 195 85 212 111 191 129 183 158 11 240 194 250 162 99 126 176 10 122 23 72 136 207 164 138 252 144 217 255 153 165 74 71 21 22 36 157 181 214 218 26 219 210 134 100 211 95 133 103 180 248 0 187 16 178 44 254 65 175 226 151 20 148 234 58 112 84 220 142 73 125 152 54 34 13 163 80 64 246 31 52 4 206 199 88 215 106 35 188 62 120 160 202 83 69 167 42 200 51 29 149 227 253 38 177 135 235 48 14 205 18 12 57 7 242 24 56 222 128 110 60 171 159 221 
	Fitness: 56392044
	Fitness BL: 44845470

Generacion 67
	Solucion: 169 172 123 185 224 67 27 87 96 154 109 201 155 243 209 25 116 232 90 203 170 156 228 55 193 19 189 118 230 130 113 225 91 150 141 244 216 131 147 196 86 108 97 66 89 2 76 93 94 70 132 3 39 179 9 49 213 104 168 229 249 241 78 75 247 121 182 198 61 119 137 204 124 6 81 8 47 82 77 53 28 208 41 59 117 43 146 107 127 231 40 63 50 98 30 239 161 197 1 192 37 251 105 190 33 92 17 114 184 5 45 46 236 79 174 238 233 139 173 68 15 143 245 145 115 166 186 32 140 237 102 101 223 195 85 212 111 191 129 183 158 11 240 194 250 162 99 126 176 10 122 23 72 136 207 164 138 252 144 217 255 153 165 74 71 21 22 36 157 181 214 218 26 219 210 134 100 211 95 133 103 180 248 0 187 16 178 44 254 65 175 226 151 20 148 234 58 112 84 220 142 73 125 152 54 34 13 163 80 64 246 31 52 4 206 199 88 215 106 35 188 62 120 160 202 83 69 167 42 200 51 29 149 227 253 38 177 135 235 48 14 205 18 12 57 7 242 24 56 222 128 110 60 171 159 221 
	Fitness: 56392044
	Fitness BL: 44845470

Generacion 68
	Solucion: 169 172 123 185 224 67 27 87 96 154 109 201 155 243 209 25 116 232 90 203 170 156 228 55 193 19 189 118 230 130 113 225 91 150 141 244 216 131 147 196 86 108 97 66 89 2 76 93 94 70 132 3 39 179 9 49 213 104 168 229 249 241 78 75 247 121 182 198 61 119 137 204 124 6 81 8 47 82 77 53 28 208 41 59 117 43 146 107 127 231 40 63 50 98 30 239 161 197 1 192 37 251 105 190 33 92 17 114 184 5 45 46 236 79 174 238 233 139 173 68 15 143 245 145 115 166 186 32 140 237 102 101 223 195 85 212 111 191 129 183 158 11 240 194 250 162 99 126 176 10 122 23 72 136 207 164 138 252 144 217 255 153 165 74 71 21 22 36 157 181 214 218 26 219 210 134 100 211 95 133 103 180 248 0 187 16 178 44 254 65 175 226 151 20 148 234 58 112 84 220 142 73 125 152 54 34 13 163 80 64 246 31 52 4 206 199 88 215 106 35 188 62 120 160 202 83 69 167 42 200 51 29 149 227 253 38 177 135 235 48 14 205 18 12 57 7 242 24 56 222 128 110 60 171 159 221 
	Fitness: 56392044
	Fitness BL: 44845470

Generacion 69
	Solucion: 169 172 123 185 224 67 27 87 96 154 109 201 155 243 209 25 116 232 90 203 170 156 228 55 193 19 189 118 230 130 113 225 91 150 141 244 216 131 147 196 86 108 97 66 89 2 76 93 94 70 132 3 39 179 9 49 213 104 168 229 249 241 78 75 247 121 182 198 61 119 137 204 124 6 81 8 47 82 77 53 28 208 41 59 117 43 146 107 127 231 40 63 50 98 30 239 161 197 1 192 37 251 105 190 33 92 17 114 184 5 45 46 236 79 174 238 233 139 173 68 15 143 245 145 115 166 186 32 140 237 102 101 223 195 85 212 111 191 129 183 158 11 240 194 250 162 99 126 176 10 122 23 72 136 207 164 138 252 144 217 255 153 165 74 71 21 22 36 157 181 214 218 26 219 210 134 100 211 95 133 103 180 248 0 187 16 178 44 254 65 175 226 151 20 148 234 58 112 84 220 142 73 125 152 54 34 13 163 80 64 246 31 52 4 206 199 88 215 106 35 188 62 120 160 202 83 69 167 42 200 51 29 149 227 253 38 177 135 235 48 14 205 18 12 57 7 242 24 56 222 128 110 60 171 159 221 
	Fitness: 56392044
	Fitness BL: 44845470

Generacion 70
	Solucion: 169 172 123 185 224 67 27 87 96 154 109 201 155 243 209 25 116 232 90 203 170 156 228 55 193 19 189 118 230 130 113 225 91 150 141 244 216 131 147 196 86 108 97 66 89 2 76 93 94 70 132 3 39 179 9 49 213 104 168 229 249 241 78 75 247 121 182 198 61 119 137 204 124 6 81 8 47 82 77 53 28 208 41 59 117 43 146 107 127 231 40 63 50 98 30 239 161 197 1 192 37 251 105 190 33 92 17 114 184 5 45 46 236 79 174 238 233 139 173 68 15 143 245 145 115 166 186 32 140 237 102 101 223 195 85 212 111 191 129 183 158 11 240 194 250 162 99 126 176 10 122 23 72 136 207 164 138 252 144 217 255 153 165 74 71 21 22 36 157 181 214 218 26 219 210 134 100 211 95 133 103 180 248 0 187 16 178 44 254 65 175 226 151 20 148 234 58 112 84 220 142 73 125 152 54 34 13 163 80 64 246 31 52 4 206 199 88 215 106 35 188 62 120 160 202 83 69 167 42 200 51 29 149 227 253 38 177 135 235 48 14 205 18 12 57 7 242 24 56 222 128 110 60 171 159 221 
	Fitness: 56392044
	Fitness BL: 44845470

Generacion 71
	Solucion: 169 172 123 185 224 67 27 87 96 154 109 201 155 243 209 25 116 232 90 203 170 156 228 55 193 19 189 118 230 130 113 225 91 150 141 244 216 131 147 196 86 108 97 66 89 2 76 93 94 70 132 3 39 179 9 49 213 104 168 229 249 241 78 75 247 121 182 198 61 119 137 204 124 6 81 8 47 82 77 53 28 208 41 59 117 43 146 107 127 231 40 63 50 98 30 239 161 197 1 192 37 251 105 190 33 92 17 114 184 5 45 46 236 79 174 238 233 139 173 68 15 143 245 145 115 166 186 32 140 237 102 101 223 195 85 212 111 191 129 183 158 11 240 194 250 162 99 126 176 10 122 23 72 136 207 164 138 252 144 217 255 153 165 74 71 21 22 36 157 181 214 218 26 219 210 134 100 211 95 133 103 180 248 0 187 16 178 44 254 65 175 226 151 20 148 234 58 112 84 220 142 73 125 152 54 34 13 163 80 64 246 31 52 4 206 199 88 215 106 35 188 62 120 160 202 83 69 167 42 200 51 29 149 227 253 38 177 135 235 48 14 205 18 12 57 7 242 24 56 222 128 110 60 171 159 221 
	Fitness: 56392044
	Fitness BL: 44845470

Generacion 72
	Solucion: 169 172 123 185 224 67 27 87 96 154 109 201 155 243 209 25 116 232 90 203 170 156 228 55 193 19 189 118 230 130 113 225 91 150 141 244 216 131 147 196 86 108 97 66 89 2 76 93 94 70 132 3 39 179 9 49 213 104 168 229 249 241 78 75 247 121 182 198 61 119 137 204 124 6 81 8 47 82 77 53 28 208 41 59 117 43 146 107 127 231 40 63 50 98 30 239 161 197 1 192 37 251 105 190 33 92 17 114 184 5 45 46 236 79 174 238 233 139 173 68 15 143 245 145 115 166 186 32 140 237 102 101 223 195 85 212 111 191 129 183 158 11 240 194 250 162 99 126 176 10 122 23 72 136 207 164 138 252 144 217 255 153 165 74 71 21 22 36 157 181 214 218 26 219 210 134 100 211 95 133 103 180 248 0 187 16 178 44 254 65 175 226 151 20 148 234 58 112 84 220 142 73 125 152 54 34 13 163 80 64 246 31 52 4 206 199 88 215 106 35 188 62 120 160 202 83 69 167 42 200 51 29 149 227 253 38 177 135 235 48 14 205 18 12 57 7 242 24 56 222 128 110 60 171 159 221 
	Fitness: 56392044
	Fitness BL: 44845470

Generacion 73
	Solucion: 169 172 123 185 224 67 27 87 96 154 109 201 155 243 209 25 116 232 90 203 170 156 228 55 193 19 189 118 230 130 113 225 91 150 141 244 216 131 147 196 86 108 97 66 89 2 76 93 94 70 132 3 39 179 9 49 213 104 168 229 249 241 78 75 247 121 182 198 61 119 137 204 124 6 81 8 47 82 77 53 28 208 41 59 117 43 146 107 127 231 40 63 50 98 30 239 161 197 1 192 37 251 105 190 33 92 17 114 184 5 45 46 236 79 174 238 233 139 173 68 15 143 245 145 115 166 186 32 140 237 102 101 223 195 85 212 111 191 129 183 158 11 240 194 250 162 99 126 176 10 122 23 72 136 207 164 138 252 144 217 255 153 165 74 71 21 22 36 157 181 214 218 26 219 210 134 100 211 95 133 103 180 248 0 187 16 178 44 254 65 175 226 151 20 148 234 58 112 84 220 142 73 125 152 54 34 13 163 80 64 246 31 52 4 206 199 88 215 106 35 188 62 120 160 202 83 69 167 42 200 51 29 149 227 253 38 177 135 235 48 14 205 18 12 57 7 242 24 56 222 128 110 60 171 159 221 
	Fitness: 56392044
	Fitness BL: 44845470

Generacion 74
	Solucion: 169 172 123 185 224 67 27 87 96 154 109 201 155 243 209 25 116 232 90 203 170 156 228 55 193 19 189 118 230 130 113 225 91 150 141 244 216 131 147 196 86 108 97 66 89 2 76 93 94 70 132 3 39 179 9 49 213 104 168 229 249 241 78 75 247 121 182 198 61 119 137 204 124 6 81 8 47 82 77 53 28 208 41 59 117 43 146 107 127 231 40 63 50 98 30 239 161 197 1 192 37 251 105 190 33 92 17 114 184 5 45 46 236 79 174 238 233 139 173 68 15 143 245 145 115 166 186 32 140 237 102 101 223 195 85 212 111 191 129 183 158 11 240 194 250 162 99 126 176 10 122 23 72 136 207 164 138 252 144 217 255 153 165 74 71 21 22 36 157 181 214 218 26 219 210 134 100 211 95 133 103 180 248 0 187 16 178 44 254 65 175 226 151 20 148 234 58 112 84 220 142 73 125 152 54 34 13 163 80 64 246 31 52 4 206 199 88 215 106 35 188 62 120 160 202 83 69 167 42 200 51 29 149 227 253 38 177 135 235 48 14 205 18 12 57 7 242 24 56 222 128 110 60 171 159 221 
	Fitness: 56392044
	Fitness BL: 44845470

Generacion 75
	Solucion: 169 172 123 185 224 67 27 87 96 154 109 201 155 243 209 25 116 232 90 203 170 156 228 55 193 19 189 118 230 130 113 225 91 150 141 244 216 131 147 196 86 108 97 66 89 2 76 93 94 70 132 3 39 179 9 49 213 104 168 229 249 241 78 75 247 121 182 198 61 119 137 204 124 6 81 8 47 82 77 53 28 208 41 59 117 43 146 107 127 231 40 63 50 98 30 239 161 197 1 192 37 251 105 190 33 92 17 114 184 5 45 46 236 79 174 238 233 139 173 68 15 143 245 145 115 166 186 32 140 237 102 101 223 195 85 212 111 191 129 183 158 11 240 194 250 162 99 126 176 10 122 23 72 136 207 164 138 252 144 217 255 153 165 74 71 21 22 36 157 181 214 218 26 219 210 134 100 211 95 133 103 180 248 0 187 16 178 44 254 65 175 226 151 20 148 234 58 112 84 220 142 73 125 152 54 34 13 163 80 64 246 31 52 4 206 199 88 215 106 35 188 62 120 160 202 83 69 167 42 200 51 29 149 227 253 38 177 135 235 48 14 205 18 12 57 7 242 24 56 222 128 110 60 171 159 221 
	Fitness: 56392044
	Fitness BL: 44845470

Generacion 76
	Solucion: 169 172 123 185 224 67 27 87 96 154 109 201 155 243 209 25 116 232 90 203 170 156 228 55 193 19 189 118 230 130 113 225 91 150 141 244 216 131 147 196 86 108 97 66 89 2 76 93 94 70 132 3 39 179 9 49 213 104 168 229 249 241 78 75 247 121 182 198 61 119 137 204 124 6 81 8 47 82 77 53 28 208 41 59 117 43 146 107 127 231 40 63 50 98 30 239 161 197 1 192 37 251 105 190 33 92 17 114 184 5 45 46 236 79 174 238 233 139 173 68 15 143 245 145 115 166 186 32 140 237 102 101 223 195 85 212 111 191 129 183 158 11 240 194 250 162 99 126 176 10 122 23 72 136 207 164 138 252 144 217 255 153 165 74 71 21 22 36 157 181 214 218 26 219 210 134 100 211 95 133 103 180 248 0 187 16 178 44 254 65 175 226 151 20 148 234 58 112 84 220 142 73 125 152 54 34 13 163 80 64 246 31 52 4 206 199 88 215 106 35 188 62 120 160 202 83 69 167 42 200 51 29 149 227 253 38 177 135 235 48 14 205 18 12 57 7 242 24 56 222 128 110 60 171 159 221 
	Fitness: 56392044
	Fitness BL: 44845470

Generacion 77
	Solucion: 169 172 123 185 224 67 27 87 96 154 109 201 155 243 209 25 116 232 90 203 170 156 228 55 193 19 189 118 230 130 113 225 91 150 141 244 216 131 147 196 86 108 97 66 89 2 76 93 94 70 132 3 39 179 9 49 213 104 168 229 249 241 78 75 247 121 182 198 61 119 137 204 124 6 81 8 47 82 77 53 28 208 41 59 117 43 146 107 127 231 40 63 50 98 30 239 161 197 1 192 37 251 105 190 33 92 17 114 184 5 45 46 236 79 174 238 233 139 173 68 15 143 245 145 115 166 186 32 140 237 102 101 223 195 85 212 111 191 129 183 158 11 240 194 250 162 99 126 176 10 122 23 72 136 207 164 138 252 144 217 255 153 165 74 71 21 22 36 157 181 214 218 26 219 210 134 100 211 95 133 103 180 248 0 187 16 178 44 254 65 175 226 151 20 148 234 58 112 84 220 142 73 125 152 54 34 13 163 80 64 246 31 52 4 206 199 88 215 106 35 188 62 120 160 202 83 69 167 42 200 51 29 149 227 253 38 177 135 235 48 14 205 18 12 57 7 242 24 56 222 128 110 60 171 159 221 
	Fitness: 56392044
	Fitness BL: 44845470

Generacion 78
	Solucion: 169 172 123 185 224 67 27 87 96 154 109 201 155 243 209 25 116 232 90 203 170 156 228 55 193 19 189 118 230 130 113 225 91 150 141 244 216 131 147 196 86 108 97 66 89 2 76 93 94 70 132 3 39 179 9 49 213 104 168 229 249 241 78 75 247 121 182 198 61 119 137 204 124 6 81 8 47 82 77 53 28 208 41 59 117 43 146 107 127 231 40 63 50 98 30 239 161 197 1 192 37 251 105 190 33 92 17 114 184 5 45 46 236 79 174 238 233 139 173 68 15 143 245 145 115 166 186 32 140 237 102 101 223 195 85 212 111 191 129 183 158 11 240 194 250 162 99 126 176 10 122 23 72 136 207 164 138 252 144 217 255 153 165 74 71 21 22 36 157 181 214 218 26 219 210 134 100 211 95 133 103 180 248 0 187 16 178 44 254 65 175 226 151 20 148 234 58 112 84 220 142 73 125 152 54 34 13 163 80 64 246 31 52 4 206 199 88 215 106 35 188 62 120 160 202 83 69 167 42 200 51 29 149 227 253 38 177 135 235 48 14 205 18 12 57 7 242 24 56 222 128 110 60 171 159 221 
	Fitness: 56392044
	Fitness BL: 44845470

Generacion 79
	Solucion: 169 172 123 185 224 67 27 87 96 154 109 201 155 243 209 25 116 232 90 203 170 156 228 55 193 19 189 118 230 130 113 225 91 150 141 244 216 131 147 196 86 108 97 66 89 2 76 93 94 70 132 3 39 179 9 49 213 104 168 229 249 241 78 75 247 121 182 198 61 119 137 204 124 6 81 8 47 82 77 53 28 208 41 59 117 43 146 107 127 231 40 63 50 98 30 239 161 197 1 192 37 251 105 190 33 92 17 114 184 5 45 46 236 79 174 238 233 139 173 68 15 143 245 145 115 166 186 32 140 237 102 101 223 195 85 212 111 191 129 183 158 11 240 194 250 162 99 126 176 10 122 23 72 136 207 164 138 252 144 217 255 153 165 74 71 21 22 36 157 181 214 218 26 219 210 134 100 211 95 133 103 180 248 0 187 16 178 44 254 65 175 226 151 20 148 234 58 112 84 220 142 73 125 152 54 34 13 163 80 64 246 31 52 4 206 199 88 215 106 35 188 62 120 160 202 83 69 167 42 200 51 29 149 227 253 38 177 135 235 48 14 205 18 12 57 7 242 24 56 222 128 110 60 171 159 221 
	Fitness: 56392044
	Fitness BL: 44845470

Generacion 80
	Solucion: 169 172 123 185 224 67 27 87 96 154 109 201 155 243 209 25 116 232 90 203 170 156 228 55 193 19 189 118 230 130 113 225 91 150 141 244 216 131 147 196 86 108 97 66 89 2 76 93 94 70 132 3 39 179 9 49 213 104 168 229 249 241 78 75 247 121 182 198 61 119 137 204 124 6 81 8 47 82 77 53 28 208 41 59 117 43 146 107 127 231 40 63 50 98 30 239 161 197 1 192 37 251 105 190 33 92 17 114 184 5 45 46 236 79 174 238 233 139 173 68 15 143 245 145 115 166 186 32 140 237 102 101 223 195 85 212 111 191 129 183 158 11 240 194 250 162 99 126 176 10 122 23 72 136 207 164 138 252 144 217 255 153 165 74 71 21 22 36 157 181 214 218 26 219 210 134 100 211 95 133 103 180 248 0 187 16 178 44 254 65 175 226 151 20 148 234 58 112 84 220 142 73 125 152 54 34 13 163 80 64 246 31 52 4 206 199 88 215 106 35 188 62 120 160 202 83 69 167 42 200 51 29 149 227 253 38 177 135 235 48 14 205 18 12 57 7 242 24 56 222 128 110 60 171 159 221 
	Fitness: 56392044
	Fitness BL: 44845470

Generacion 81
	Solucion: 169 172 123 185 224 67 27 87 96 154 109 201 155 243 209 25 116 232 90 203 170 156 228 55 193 19 189 118 230 130 113 225 91 150 141 244 216 131 147 196 86 108 97 66 89 2 76 93 94 70 132 3 39 179 9 49 213 104 168 229 249 241 78 75 247 121 182 198 61 119 137 204 124 6 81 8 47 82 77 53 28 208 41 59 117 43 146 107 127 231 40 63 50 98 30 239 161 197 1 192 37 251 105 190 33 92 17 114 184 5 45 46 236 79 174 238 233 139 173 68 15 143 245 145 115 166 186 32 140 237 102 101 223 195 85 212 111 191 129 183 158 11 240 194 250 162 99 126 176 10 122 23 72 136 207 164 138 252 144 217 255 153 165 74 71 21 22 36 157 181 214 218 26 219 210 134 100 211 95 133 103 180 248 0 187 16 178 44 254 65 175 226 151 20 148 234 58 112 84 220 142 73 125 152 54 34 13 163 80 64 246 31 52 4 206 199 88 215 106 35 188 62 120 160 202 83 69 167 42 200 51 29 149 227 253 38 177 135 235 48 14 205 18 12 57 7 242 24 56 222 128 110 60 171 159 221 
	Fitness: 56392044
	Fitness BL: 44845470

Generacion 82
	Solucion: 169 172 123 185 224 67 27 87 96 154 109 201 155 243 209 25 116 232 90 203 170 156 228 55 193 19 189 118 230 130 113 225 91 150 141 244 216 131 147 196 86 108 97 66 89 2 76 93 94 70 132 3 39 179 9 49 213 104 168 229 249 241 78 75 247 121 182 198 61 119 137 204 124 6 81 8 47 82 77 53 28 208 41 59 117 43 146 107 127 231 40 63 50 98 30 239 161 197 1 192 37 251 105 190 33 92 17 114 184 5 45 46 236 79 174 238 233 139 173 68 15 143 245 145 115 166 186 32 140 237 102 101 223 195 85 212 111 191 129 183 158 11 240 194 250 162 99 126 176 10 122 23 72 136 207 164 138 252 144 217 255 153 165 74 71 21 22 36 157 181 214 218 26 219 210 134 100 211 95 133 103 180 248 0 187 16 178 44 254 65 175 226 151 20 148 234 58 112 84 220 142 73 125 152 54 34 13 163 80 64 246 31 52 4 206 199 88 215 106 35 188 62 120 160 202 83 69 167 42 200 51 29 149 227 253 38 177 135 235 48 14 205 18 12 57 7 242 24 56 222 128 110 60 171 159 221 
	Fitness: 56392044
	Fitness BL: 44845470

Generacion 83
	Solucion: 169 172 123 185 224 67 27 87 96 154 109 201 155 243 209 25 116 232 90 203 170 156 228 55 193 19 189 118 230 130 113 225 91 150 141 244 216 131 147 196 86 108 97 66 89 2 76 93 94 70 132 3 39 179 9 49 213 104 168 229 249 241 78 75 247 121 182 198 61 119 137 204 124 6 81 8 47 82 77 53 28 208 41 59 117 43 146 107 127 231 40 63 50 98 30 239 161 197 1 192 37 251 105 190 33 92 17 114 184 5 45 46 236 79 174 238 233 139 173 68 15 143 245 145 115 166 186 32 140 237 102 101 223 195 85 212 111 191 129 183 158 11 240 194 250 162 99 126 176 10 122 23 72 136 207 164 138 252 144 217 255 153 165 74 71 21 22 36 157 181 214 218 26 219 210 134 100 211 95 133 103 180 248 0 187 16 178 44 254 65 175 226 151 20 148 234 58 112 84 220 142 73 125 152 54 34 13 163 80 64 246 31 52 4 206 199 88 215 106 35 188 62 120 160 202 83 69 167 42 200 51 29 149 227 253 38 177 135 235 48 14 205 18 12 57 7 242 24 56 222 128 110 60 171 159 221 
	Fitness: 56392044
	Fitness BL: 44845470

Generacion 84
	Solucion: 169 172 123 185 224 67 27 87 96 154 109 201 155 243 209 25 116 232 90 203 170 156 228 55 193 19 189 118 230 130 113 225 91 150 141 244 216 131 147 196 86 108 97 66 89 2 76 93 94 70 132 3 39 179 9 49 213 104 168 229 249 241 78 75 247 121 182 198 61 119 137 204 124 6 81 8 47 82 77 53 28 208 41 59 117 43 146 107 127 231 40 63 50 98 30 239 161 197 1 192 37 251 105 190 33 92 17 114 184 5 45 46 236 79 174 238 233 139 173 68 15 143 245 145 115 166 186 32 140 237 102 101 223 195 85 212 111 191 129 183 158 11 240 194 250 162 99 126 176 10 122 23 72 136 207 164 138 252 144 217 255 153 165 74 71 21 22 36 157 181 214 218 26 219 210 134 100 211 95 133 103 180 248 0 187 16 178 44 254 65 175 226 151 20 148 234 58 112 84 220 142 73 125 152 54 34 13 163 80 64 246 31 52 4 206 199 88 215 106 35 188 62 120 160 202 83 69 167 42 200 51 29 149 227 253 38 177 135 235 48 14 205 18 12 57 7 242 24 56 222 128 110 60 171 159 221 
	Fitness: 56392044
	Fitness BL: 44845470

Generacion 85
	Solucion: 169 172 123 185 224 67 27 87 96 154 109 201 155 243 209 25 116 232 90 203 170 156 228 55 193 19 189 118 230 130 113 225 91 150 141 244 216 131 147 196 86 108 97 66 89 2 76 93 94 70 132 3 39 179 9 49 213 104 168 229 249 241 78 75 247 121 182 198 61 119 137 204 124 6 81 8 47 82 77 53 28 208 41 59 117 43 146 107 127 231 40 63 50 98 30 239 161 197 1 192 37 251 105 190 33 92 17 114 184 5 45 46 236 79 174 238 233 139 173 68 15 143 245 145 115 166 186 32 140 237 102 101 223 195 85 212 111 191 129 183 158 11 240 194 250 162 99 126 176 10 122 23 72 136 207 164 138 252 144 217 255 153 165 74 71 21 22 36 157 181 214 218 26 219 210 134 100 211 95 133 103 180 248 0 187 16 178 44 254 65 175 226 151 20 148 234 58 112 84 220 142 73 125 152 54 34 13 163 80 64 246 31 52 4 206 199 88 215 106 35 188 62 120 160 202 83 69 167 42 200 51 29 149 227 253 38 177 135 235 48 14 205 18 12 57 7 242 24 56 222 128 110 60 171 159 221 
	Fitness: 56392044
	Fitness BL: 44845470

Generacion 86
	Solucion: 169 172 123 185 224 67 27 87 96 154 109 201 155 243 209 25 116 232 90 203 170 156 228 55 193 19 189 118 230 130 113 225 91 150 141 244 216 131 147 196 86 108 97 66 89 2 76 93 94 70 132 3 39 179 9 49 213 104 168 229 249 241 78 75 247 121 182 198 61 119 137 204 124 6 81 8 47 82 77 53 28 208 41 59 117 43 146 107 127 231 40 63 50 98 30 239 161 197 1 192 37 251 105 190 33 92 17 114 184 5 45 46 236 79 174 238 233 139 173 68 15 143 245 145 115 166 186 32 140 237 102 101 223 195 85 212 111 191 129 183 158 11 240 194 250 162 99 126 176 10 122 23 72 136 207 164 138 252 144 217 255 153 165 74 71 21 22 36 157 181 214 218 26 219 210 134 100 211 95 133 103 180 248 0 187 16 178 44 254 65 175 226 151 20 148 234 58 112 84 220 142 73 125 152 54 34 13 163 80 64 246 31 52 4 206 199 88 215 106 35 188 62 120 160 202 83 69 167 42 200 51 29 149 227 253 38 177 135 235 48 14 205 18 12 57 7 242 24 56 222 128 110 60 171 159 221 
	Fitness: 56392044
	Fitness BL: 44845470

Generacion 87
	Solucion: 169 172 123 185 224 67 27 87 96 154 109 201 155 243 209 25 116 232 90 203 170 156 228 55 193 19 189 118 230 130 113 225 91 150 141 244 216 131 147 196 86 108 97 66 89 2 76 93 94 70 132 3 39 179 9 49 213 104 168 229 249 241 78 75 247 121 182 198 61 119 137 204 124 6 81 8 47 82 77 53 28 208 41 59 117 43 146 107 127 231 40 63 50 98 30 239 161 197 1 192 37 251 105 190 33 92 17 114 184 5 45 46 236 79 174 238 233 139 173 68 15 143 245 145 115 166 186 32 140 237 102 101 223 195 85 212 111 191 129 183 158 11 240 194 250 162 99 126 176 10 122 23 72 136 207 164 138 252 144 217 255 153 165 74 71 21 22 36 157 181 214 218 26 219 210 134 100 211 95 133 103 180 248 0 187 16 178 44 254 65 175 226 151 20 148 234 58 112 84 220 142 73 125 152 54 34 13 163 80 64 246 31 52 4 206 199 88 215 106 35 188 62 120 160 202 83 69 167 42 200 51 29 149 227 253 38 177 135 235 48 14 205 18 12 57 7 242 24 56 222 128 110 60 171 159 221 
	Fitness: 56392044
	Fitness BL: 44845470

Generacion 88
	Solucion: 169 172 123 185 224 67 27 87 96 154 109 201 155 243 209 25 116 232 90 203 170 156 228 55 193 19 189 118 230 130 113 225 91 150 141 244 216 131 147 196 86 108 97 66 89 2 76 93 94 70 132 3 39 179 9 49 213 104 168 229 249 241 78 75 247 121 182 198 61 119 137 204 124 6 81 8 47 82 77 53 28 208 41 59 117 43 146 107 127 231 40 63 50 98 30 239 161 197 1 192 37 251 105 190 33 92 17 114 184 5 45 46 236 79 174 238 233 139 173 68 15 143 245 145 115 166 186 32 140 237 102 101 223 195 85 212 111 191 129 183 158 11 240 194 250 162 99 126 176 10 122 23 72 136 207 164 138 252 144 217 255 153 165 74 71 21 22 36 157 181 214 218 26 219 210 134 100 211 95 133 103 180 248 0 187 16 178 44 254 65 175 226 151 20 148 234 58 112 84 220 142 73 125 152 54 34 13 163 80 64 246 31 52 4 206 199 88 215 106 35 188 62 120 160 202 83 69 167 42 200 51 29 149 227 253 38 177 135 235 48 14 205 18 12 57 7 242 24 56 222 128 110 60 171 159 221 
	Fitness: 56392044
	Fitness BL: 44845470

Generacion 89
	Solucion: 169 172 123 185 224 67 27 87 96 154 109 201 155 243 209 25 116 232 90 203 170 156 228 55 193 19 189 118 230 130 113 225 91 150 141 244 216 131 147 196 86 108 97 66 89 2 76 93 94 70 132 3 39 179 9 49 213 104 168 229 249 241 78 75 247 121 182 198 61 119 137 204 124 6 81 8 47 82 77 53 28 208 41 59 117 43 146 107 127 231 40 63 50 98 30 239 161 197 1 192 37 251 105 190 33 92 17 114 184 5 45 46 236 79 174 238 233 139 173 68 15 143 245 145 115 166 186 32 140 237 102 101 223 195 85 212 111 191 129 183 158 11 240 194 250 162 99 126 176 10 122 23 72 136 207 164 138 252 144 217 255 153 165 74 71 21 22 36 157 181 214 218 26 219 210 134 100 211 95 133 103 180 248 0 187 16 178 44 254 65 175 226 151 20 148 234 58 112 84 220 142 73 125 152 54 34 13 163 80 64 246 31 52 4 206 199 88 215 106 35 188 62 120 160 202 83 69 167 42 200 51 29 149 227 253 38 177 135 235 48 14 205 18 12 57 7 242 24 56 222 128 110 60 171 159 221 
	Fitness: 56392044
	Fitness BL: 44845470

Generacion 90
	Solucion: 169 172 123 185 224 67 27 87 96 154 109 201 155 243 209 25 116 232 90 203 170 156 228 55 193 19 189 118 230 130 113 225 91 150 141 244 216 131 147 196 86 108 97 66 89 2 76 93 94 70 132 3 39 179 9 49 213 104 168 229 249 241 78 75 247 121 182 198 61 119 137 204 124 6 81 8 47 82 77 53 28 208 41 59 117 43 146 107 127 231 40 63 50 98 30 239 161 197 1 192 37 251 105 190 33 92 17 114 184 5 45 46 236 79 174 238 233 139 173 68 15 143 245 145 115 166 186 32 140 237 102 101 223 195 85 212 111 191 129 183 158 11 240 194 250 162 99 126 176 10 122 23 72 136 207 164 138 252 144 217 255 153 165 74 71 21 22 36 157 181 214 218 26 219 210 134 100 211 95 133 103 180 248 0 187 16 178 44 254 65 175 226 151 20 148 234 58 112 84 220 142 73 125 152 54 34 13 163 80 64 246 31 52 4 206 199 88 215 106 35 188 62 120 160 202 83 69 167 42 200 51 29 149 227 253 38 177 135 235 48 14 205 18 12 57 7 242 24 56 222 128 110 60 171 159 221 
	Fitness: 56392044
	Fitness BL: 44845470

Generacion 91
	Solucion: 169 172 123 185 224 67 27 87 96 154 109 201 155 243 209 25 116 232 90 203 170 156 228 55 193 19 189 118 230 130 113 225 91 150 141 244 216 131 147 196 86 108 97 66 89 2 76 93 94 70 132 3 39 179 9 49 213 104 168 229 249 241 78 75 247 121 182 198 61 119 137 204 124 6 81 8 47 82 77 53 28 208 41 59 117 43 146 107 127 231 40 63 50 98 30 239 161 197 1 192 37 251 105 190 33 92 17 114 184 5 45 46 236 79 174 238 233 139 173 68 15 143 245 145 115 166 186 32 140 237 102 101 223 195 85 212 111 191 129 183 158 11 240 194 250 162 99 126 176 10 122 23 72 136 207 164 138 252 144 217 255 153 165 74 71 21 22 36 157 181 214 218 26 219 210 134 100 211 95 133 103 180 248 0 187 16 178 44 254 65 175 226 151 20 148 234 58 112 84 220 142 73 125 152 54 34 13 163 80 64 246 31 52 4 206 199 88 215 106 35 188 62 120 160 202 83 69 167 42 200 51 29 149 227 253 38 177 135 235 48 14 205 18 12 57 7 242 24 56 222 128 110 60 171 159 221 
	Fitness: 56392044
	Fitness BL: 44845470

Generacion 92
	Solucion: 169 172 123 185 224 67 27 87 96 154 109 201 155 243 209 25 116 232 90 203 170 156 228 55 193 19 189 118 230 130 113 225 91 150 141 244 216 131 147 196 86 108 97 66 89 2 76 93 94 70 132 3 39 179 9 49 213 104 168 229 249 241 78 75 247 121 182 198 61 119 137 204 124 6 81 8 47 82 77 53 28 208 41 59 117 43 146 107 127 231 40 63 50 98 30 239 161 197 1 192 37 251 105 190 33 92 17 114 184 5 45 46 236 79 174 238 233 139 173 68 15 143 245 145 115 166 186 32 140 237 102 101 223 195 85 212 111 191 129 183 158 11 240 194 250 162 99 126 176 10 122 23 72 136 207 164 138 252 144 217 255 153 165 74 71 21 22 36 157 181 214 218 26 219 210 134 100 211 95 133 103 180 248 0 187 16 178 44 254 65 175 226 151 20 148 234 58 112 84 220 142 73 125 152 54 34 13 163 80 64 246 31 52 4 206 199 88 215 106 35 188 62 120 160 202 83 69 167 42 200 51 29 149 227 253 38 177 135 235 48 14 205 18 12 57 7 242 24 56 222 128 110 60 171 159 221 
	Fitness: 56392044
	Fitness BL: 44845470

Generacion 93
	Solucion: 169 172 123 185 224 67 27 87 96 154 109 201 155 243 209 25 116 232 90 203 170 156 228 55 193 19 189 118 230 130 113 225 91 150 141 244 216 131 147 196 86 108 97 66 89 2 76 93 94 70 132 3 39 179 9 49 213 104 168 229 249 241 78 75 247 121 182 198 61 119 137 204 124 6 81 8 47 82 77 53 28 208 41 59 117 43 146 107 127 231 40 63 50 98 30 239 161 197 1 192 37 251 105 190 33 92 17 114 184 5 45 46 236 79 174 238 233 139 173 68 15 143 245 145 115 166 186 32 140 237 102 101 223 195 85 212 111 191 129 183 158 11 240 194 250 162 99 126 176 10 122 23 72 136 207 164 138 252 144 217 255 153 165 74 71 21 22 36 157 181 214 218 26 219 210 134 100 211 95 133 103 180 248 0 187 16 178 44 254 65 175 226 151 20 148 234 58 112 84 220 142 73 125 152 54 34 13 163 80 64 246 31 52 4 206 199 88 215 106 35 188 62 120 160 202 83 69 167 42 200 51 29 149 227 253 38 177 135 235 48 14 205 18 12 57 7 242 24 56 222 128 110 60 171 159 221 
	Fitness: 56392044
	Fitness BL: 44845470

Generacion 94
	Solucion: 169 172 123 185 224 67 27 87 96 154 109 201 155 243 209 25 116 232 90 203 170 156 228 55 193 19 189 118 230 130 113 225 91 150 141 244 216 131 147 196 86 108 97 66 89 2 76 93 94 70 132 3 39 179 9 49 213 104 168 229 249 241 78 75 247 121 182 198 61 119 137 204 124 6 81 8 47 82 77 53 28 208 41 59 117 43 146 107 127 231 40 63 50 98 30 239 161 197 1 192 37 251 105 190 33 92 17 114 184 5 45 46 236 79 174 238 233 139 173 68 15 143 245 145 115 166 186 32 140 237 102 101 223 195 85 212 111 191 129 183 158 11 240 194 250 162 99 126 176 10 122 23 72 136 207 164 138 252 144 217 255 153 165 74 71 21 22 36 157 181 214 218 26 219 210 134 100 211 95 133 103 180 248 0 187 16 178 44 254 65 175 226 151 20 148 234 58 112 84 220 142 73 125 152 54 34 13 163 80 64 246 31 52 4 206 199 88 215 106 35 188 62 120 160 202 83 69 167 42 200 51 29 149 227 253 38 177 135 235 48 14 205 18 12 57 7 242 24 56 222 128 110 60 171 159 221 
	Fitness: 56392044
	Fitness BL: 44845470

Generacion 95
	Solucion: 169 172 123 185 224 67 27 87 96 154 109 201 155 243 209 25 116 232 90 203 170 156 228 55 193 19 189 118 230 130 113 225 91 150 141 244 216 131 147 196 86 108 97 66 89 2 76 93 94 70 132 3 39 179 9 49 213 104 168 229 249 241 78 75 247 121 182 198 61 119 137 204 124 6 81 8 47 82 77 53 28 208 41 59 117 43 146 107 127 231 40 63 50 98 30 239 161 197 1 192 37 251 105 190 33 92 17 114 184 5 45 46 236 79 174 238 233 139 173 68 15 143 245 145 115 166 186 32 140 237 102 101 223 195 85 212 111 191 129 183 158 11 240 194 250 162 99 126 176 10 122 23 72 136 207 164 138 252 144 217 255 153 165 74 71 21 22 36 157 181 214 218 26 219 210 134 100 211 95 133 103 180 248 0 187 16 178 44 254 65 175 226 151 20 148 234 58 112 84 220 142 73 125 152 54 34 13 163 80 64 246 31 52 4 206 199 88 215 106 35 188 62 120 160 202 83 69 167 42 200 51 29 149 227 253 38 177 135 235 48 14 205 18 12 57 7 242 24 56 222 128 110 60 171 159 221 
	Fitness: 56392044
	Fitness BL: 44845470

Generacion 96
	Solucion: 169 172 123 185 224 67 27 87 96 154 109 201 155 243 209 25 116 232 90 203 170 156 228 55 193 19 189 118 230 130 113 225 91 150 141 244 216 131 147 196 86 108 97 66 89 2 76 93 94 70 132 3 39 179 9 49 213 104 168 229 249 241 78 75 247 121 182 198 61 119 137 204 124 6 81 8 47 82 77 53 28 208 41 59 117 43 146 107 127 231 40 63 50 98 30 239 161 197 1 192 37 251 105 190 33 92 17 114 184 5 45 46 236 79 174 238 233 139 173 68 15 143 245 145 115 166 186 32 140 237 102 101 223 195 85 212 111 191 129 183 158 11 240 194 250 162 99 126 176 10 122 23 72 136 207 164 138 252 144 217 255 153 165 74 71 21 22 36 157 181 214 218 26 219 210 134 100 211 95 133 103 180 248 0 187 16 178 44 254 65 175 226 151 20 148 234 58 112 84 220 142 73 125 152 54 34 13 163 80 64 246 31 52 4 206 199 88 215 106 35 188 62 120 160 202 83 69 167 42 200 51 29 149 227 253 38 177 135 235 48 14 205 18 12 57 7 242 24 56 222 128 110 60 171 159 221 
	Fitness: 56392044
	Fitness BL: 44845470

Generacion 97
	Solucion: 169 172 123 185 224 67 27 87 96 154 109 201 155 243 209 25 116 232 90 203 170 156 228 55 193 19 189 118 230 130 113 225 91 150 141 244 216 131 147 196 86 108 97 66 89 2 76 93 94 70 132 3 39 179 9 49 213 104 168 229 249 241 78 75 247 121 182 198 61 119 137 204 124 6 81 8 47 82 77 53 28 208 41 59 117 43 146 107 127 231 40 63 50 98 30 239 161 197 1 192 37 251 105 190 33 92 17 114 184 5 45 46 236 79 174 238 233 139 173 68 15 143 245 145 115 166 186 32 140 237 102 101 223 195 85 212 111 191 129 183 158 11 240 194 250 162 99 126 176 10 122 23 72 136 207 164 138 252 144 217 255 153 165 74 71 21 22 36 157 181 214 218 26 219 210 134 100 211 95 133 103 180 248 0 187 16 178 44 254 65 175 226 151 20 148 234 58 112 84 220 142 73 125 152 54 34 13 163 80 64 246 31 52 4 206 199 88 215 106 35 188 62 120 160 202 83 69 167 42 200 51 29 149 227 253 38 177 135 235 48 14 205 18 12 57 7 242 24 56 222 128 110 60 171 159 221 
	Fitness: 56392044
	Fitness BL: 44845470

Generacion 98
	Solucion: 169 172 123 185 224 67 27 87 96 154 109 201 155 243 209 25 116 232 90 203 170 156 228 55 193 19 189 118 230 130 113 225 91 150 141 244 216 131 147 196 86 108 97 66 89 2 76 93 94 70 132 3 39 179 9 49 213 104 168 229 249 241 78 75 247 121 182 198 61 119 137 204 124 6 81 8 47 82 77 53 28 208 41 59 117 43 146 107 127 231 40 63 50 98 30 239 161 197 1 192 37 251 105 190 33 92 17 114 184 5 45 46 236 79 174 238 233 139 173 68 15 143 245 145 115 166 186 32 140 237 102 101 223 195 85 212 111 191 129 183 158 11 240 194 250 162 99 126 176 10 122 23 72 136 207 164 138 252 144 217 255 153 165 74 71 21 22 36 157 181 214 218 26 219 210 134 100 211 95 133 103 180 248 0 187 16 178 44 254 65 175 226 151 20 148 234 58 112 84 220 142 73 125 152 54 34 13 163 80 64 246 31 52 4 206 199 88 215 106 35 188 62 120 160 202 83 69 167 42 200 51 29 149 227 253 38 177 135 235 48 14 205 18 12 57 7 242 24 56 222 128 110 60 171 159 221 
	Fitness: 56392044
	Fitness BL: 44845470

Generacion 99
	Solucion: 169 172 123 185 224 67 27 87 96 154 109 201 155 243 209 25 116 232 90 203 170 156 228 55 193 19 189 118 230 130 113 225 91 150 141 244 216 131 147 196 86 108 97 66 89 2 76 93 94 70 132 3 39 179 9 49 213 104 168 229 249 241 78 75 247 121 182 198 61 119 137 204 124 6 81 8 47 82 77 53 28 208 41 59 117 43 146 107 127 231 40 63 50 98 30 239 161 197 1 192 37 251 105 190 33 92 17 114 184 5 45 46 236 79 174 238 233 139 173 68 15 143 245 145 115 166 186 32 140 237 102 101 223 195 85 212 111 191 129 183 158 11 240 194 250 162 99 126 176 10 122 23 72 136 207 164 138 252 144 217 255 153 165 74 71 21 22 36 157 181 214 218 26 219 210 134 100 211 95 133 103 180 248 0 187 16 178 44 254 65 175 226 151 20 148 234 58 112 84 220 142 73 125 152 54 34 13 163 80 64 246 31 52 4 206 199 88 215 106 35 188 62 120 160 202 83 69 167 42 200 51 29 149 227 253 38 177 135 235 48 14 205 18 12 57 7 242 24 56 222 128 110 60 171 159 221 
	Fitness: 56392044
	Fitness BL: 44845470

Generacion 100
	Solucion: 237 175 13 235 222 239 144 67 32 252 84 201 158 180 5 210 149 11 155 187 170 172 218 55 193 34 189 36 227 99 129 152 207 134 141 244 216 114 163 212 102 176 96 64 89 17 87 110 95 70 132 19 38 178 26 49 184 104 167 197 249 240 30 74 92 122 214 182 45 119 137 204 124 246 23 8 2 82 77 53 15 225 57 60 117 43 146 107 127 231 40 62 76 161 230 232 9 81 209 98 123 228 105 50 192 108 66 130 243 21 93 75 242 79 27 116 94 168 131 39 37 78 245 145 97 166 118 233 140 238 143 46 223 195 51 196 241 236 113 86 111 173 208 194 250 162 115 90 33 25 121 198 229 136 85 186 138 251 174 217 1 101 190 91 71 156 22 3 157 181 213 139 10 224 154 150 183 211 61 133 103 199 248 0 203 164 179 44 28 65 100 226 153 20 148 234 58 112 191 220 142 73 125 255 54 126 14 147 80 185 6 31 52 4 219 247 88 215 106 35 188 63 120 160 202 83 69 169 42 200 68 16 165 151 253 72 177 135 29 48 254 205 18 12 41 7 47 24 56 206 128 109 59 171 159 221 
	Fitness: 44845470
	Fitness BL: 44845470

  --> Tiempo: 4682.42
