  -> Resultados AGEBL-BALDWIDIANA-TORNEO: 
Generacion 1
	Solucion: 91 174 101 188 40 64 56 186 223 131 60 246 11 46 200 217 214 203 27 38 158 45 87 34 211 225 72 93 59 103 176 152 109 187 231 13 76 50 145 108 86 137 71 84 88 37 162 125 229 57 165 21 212 138 180 81 105 240 95 100 166 252 19 228 206 182 99 121 113 222 153 215 178 118 43 238 77 31 213 191 68 65 237 232 12 52 2 24 194 208 122 0 14 94 58 173 120 251 142 155 241 116 171 201 163 111 185 219 198 239 193 102 244 144 216 80 172 157 133 184 192 195 170 33 1 75 242 8 90 70 183 20 129 15 25 249 243 7 97 117 154 110 132 63 74 55 220 209 66 61 210 124 107 17 205 42 54 227 189 48 135 221 235 181 148 4 226 112 62 79 250 3 130 44 169 245 29 26 104 146 82 255 199 51 224 36 149 168 115 123 254 156 127 78 67 236 140 98 134 92 6 253 167 160 119 230 218 32 23 136 106 248 35 175 9 22 147 5 47 114 151 16 197 126 196 41 128 85 39 53 49 73 150 89 28 177 10 234 247 204 141 207 96 202 139 164 18 161 143 190 159 30 69 83 179 233 
	Fitness: 52830290
	Fitness BL: 44960040

Generacion 2
	Solucion: 140 197 32 73 161 36 199 189 119 238 134 178 26 61 139 78 133 214 34 232 79 209 163 41 123 38 234 33 4 173 147 80 230 55 137 37 118 151 0 250 122 169 98 172 191 19 17 120 166 152 44 174 208 154 112 228 145 220 70 142 175 239 182 141 194 53 88 114 132 210 43 21 190 66 91 150 130 7 160 45 87 83 247 143 186 48 248 187 243 22 188 56 249 60 1 164 181 103 128 236 255 229 183 167 149 52 115 105 148 31 28 153 242 158 223 212 193 215 101 96 3 219 40 6 110 76 74 95 68 179 72 86 64 93 69 109 204 30 57 92 20 16 253 81 90 244 184 207 12 206 27 216 252 205 235 50 82 192 156 67 127 84 104 218 254 47 202 107 170 63 94 131 97 126 99 102 251 29 11 180 125 75 54 231 100 200 42 176 171 58 24 195 85 8 62 233 5 89 135 117 226 185 10 225 51 106 237 35 39 121 116 227 203 224 59 144 111 213 65 168 198 18 25 162 138 165 14 222 2 129 246 15 124 113 155 46 108 196 159 217 13 77 23 49 146 211 177 201 9 245 240 241 157 136 71 221 
	Fitness: 52844112
	Fitness BL: 44878126

Generacion 3
	Solucion: 85 11 2 70 4 51 86 36 168 74 76 253 187 110 174 154 112 0 235 242 147 240 225 38 137 146 97 82 121 31 202 245 117 66 178 46 59 39 111 236 175 210 53 5 157 79 35 127 27 220 63 23 135 197 158 101 164 249 176 42 133 155 29 94 41 14 213 113 144 128 179 84 190 233 91 24 130 167 160 108 87 246 255 143 186 48 226 237 165 34 40 19 61 142 73 6 145 44 173 188 170 252 198 8 180 251 124 131 89 230 1 229 109 45 191 172 159 244 25 239 30 221 118 161 208 65 200 206 207 15 49 78 116 183 136 232 99 166 241 75 217 88 151 80 248 95 20 104 64 28 77 138 196 243 148 21 231 150 92 169 52 60 209 58 177 54 223 90 106 123 153 33 72 203 3 163 67 228 50 107 93 18 68 193 105 43 103 181 83 224 57 192 162 185 227 250 115 152 114 132 81 184 119 141 156 195 139 211 102 55 32 100 9 149 201 222 56 47 71 214 216 7 247 17 205 134 129 140 98 218 189 26 69 96 182 37 215 13 212 22 171 238 199 126 234 16 120 62 204 219 12 194 254 125 10 122 
	Fitness: 52789504
	Fitness BL: 44869120

Generacion 4
	Solucion: 85 11 2 70 4 51 86 36 168 74 76 253 187 110 174 154 112 0 235 242 147 240 225 38 137 146 97 82 121 31 202 245 117 66 178 46 59 39 111 236 175 210 53 5 157 79 35 127 27 220 63 23 135 197 158 101 164 249 176 42 133 155 29 94 41 14 213 113 144 128 179 84 190 233 91 24 130 167 160 108 87 246 255 143 186 48 226 237 165 34 40 19 61 142 73 6 145 44 173 188 170 252 198 8 180 251 124 131 89 230 1 229 109 45 191 172 159 244 25 239 30 221 118 161 208 65 200 206 207 15 49 78 116 183 136 232 99 166 241 75 217 88 151 80 248 95 20 104 64 28 77 138 196 243 148 21 231 150 92 169 52 60 209 58 177 54 223 90 106 123 153 33 72 203 3 163 67 228 50 107 93 18 68 193 105 43 103 181 83 224 57 192 162 185 227 250 115 152 114 132 81 184 119 141 156 195 139 211 102 55 32 100 9 149 201 222 56 47 71 214 216 7 247 17 205 134 129 140 98 218 189 26 69 96 182 37 215 13 212 22 171 238 199 126 234 16 120 62 204 219 12 194 254 125 10 122 
	Fitness: 52789504
	Fitness BL: 44869120

Generacion 5
	Solucion: 108 144 81 131 127 36 239 91 179 42 228 178 43 46 248 155 137 214 170 141 173 204 105 2 166 206 116 243 0 189 192 50 233 39 112 161 219 205 83 250 70 96 223 147 56 77 6 103 139 185 68 207 158 194 133 195 124 222 66 41 126 93 220 149 23 18 253 37 148 63 154 106 151 254 177 188 199 210 8 232 102 19 196 212 9 35 53 1 13 90 164 202 98 75 115 180 84 242 114 34 203 76 211 165 169 58 65 227 94 198 249 213 208 54 69 59 92 72 49 25 246 129 119 110 191 60 71 52 183 17 79 135 156 73 174 7 111 28 104 216 4 184 146 136 209 230 120 51 237 100 181 67 168 241 247 236 167 255 47 40 12 121 182 82 125 88 134 38 229 143 113 86 30 118 190 251 74 109 160 45 55 162 130 201 142 27 87 245 31 107 221 152 44 235 197 132 33 29 215 176 172 128 3 99 140 21 15 244 117 200 62 145 61 138 175 24 153 10 101 11 238 85 159 193 187 14 57 80 240 5 78 252 224 226 32 217 64 218 163 171 122 20 89 97 225 123 150 22 16 26 234 231 157 48 95 186 
	Fitness: 52428622
	Fitness BL: 44858316

Generacion 6
	Solucion: 108 144 81 131 127 36 239 91 179 42 228 178 43 46 248 155 137 214 170 141 173 204 105 2 166 206 116 243 0 189 192 50 233 39 112 161 219 205 83 250 70 96 223 147 56 77 6 103 139 185 68 207 158 194 133 195 124 222 66 41 126 93 220 149 23 18 253 37 148 63 154 106 151 254 177 188 199 210 8 232 102 19 196 212 9 35 53 1 13 90 164 202 98 75 115 180 84 242 114 34 203 76 211 165 169 58 65 227 94 198 249 213 208 54 69 59 92 72 49 25 246 129 119 110 191 60 71 52 183 17 79 135 156 73 174 7 111 28 104 216 4 184 146 136 209 230 120 51 237 100 181 67 168 241 247 236 167 255 47 40 12 121 182 82 125 88 134 38 229 143 113 86 30 118 190 251 74 109 160 45 55 162 130 201 142 27 87 245 31 107 221 152 44 235 197 132 33 29 215 176 172 128 3 99 140 21 15 244 117 200 62 145 61 138 175 24 153 10 101 11 238 85 159 193 187 14 57 80 240 5 78 252 224 226 32 217 64 218 163 171 122 20 89 97 225 123 150 22 16 26 234 231 157 48 95 186 
	Fitness: 52428622
	Fitness BL: 44858316

Generacion 7
	Solucion: 108 144 81 131 127 36 239 91 179 42 228 178 43 46 248 155 137 214 170 141 173 204 105 2 166 206 116 243 0 189 192 50 233 39 112 161 219 205 83 250 70 96 223 147 56 77 6 103 139 185 68 207 158 194 133 195 124 222 66 41 126 93 220 149 23 18 253 37 148 63 154 106 151 254 177 188 199 210 8 232 102 19 196 212 9 35 53 1 13 90 164 202 98 75 115 180 84 242 114 34 203 76 211 165 169 58 65 227 94 198 249 213 208 54 69 59 92 72 49 25 246 129 119 110 191 60 71 52 183 17 79 135 156 73 174 7 111 28 104 216 4 184 146 136 209 230 120 51 237 100 181 67 168 241 247 236 167 255 47 40 12 121 182 82 125 88 134 38 229 143 113 86 30 118 190 251 74 109 160 45 55 162 130 201 142 27 87 245 31 107 221 152 44 235 197 132 33 29 215 176 172 128 3 99 140 21 15 244 117 200 62 145 61 138 175 24 153 10 101 11 238 85 159 193 187 14 57 80 240 5 78 252 224 226 32 217 64 218 163 171 122 20 89 97 225 123 150 22 16 26 234 231 157 48 95 186 
	Fitness: 52428622
	Fitness BL: 44858316

Generacion 8
	Solucion: 108 144 81 131 127 36 239 91 179 42 228 178 43 46 248 155 137 214 170 141 173 204 105 2 166 206 116 243 0 189 192 50 233 39 112 161 219 205 83 250 70 96 223 147 56 77 6 103 139 185 68 207 158 194 133 195 124 222 66 41 126 93 220 149 23 18 253 37 148 63 154 106 151 254 177 188 199 210 8 232 102 19 196 212 9 35 53 1 13 90 164 202 98 75 115 180 84 242 114 34 203 76 211 165 169 58 65 227 94 198 249 213 208 54 69 59 92 72 49 25 246 129 119 110 191 60 71 52 183 17 79 135 156 73 174 7 111 28 104 216 4 184 146 136 209 230 120 51 237 100 181 67 168 241 247 236 167 255 47 40 12 121 182 82 125 88 134 38 229 143 113 86 30 118 190 251 74 109 160 45 55 162 130 201 142 27 87 245 31 107 221 152 44 235 197 132 33 29 215 176 172 128 3 99 140 21 15 244 117 200 62 145 61 138 175 24 153 10 101 11 238 85 159 193 187 14 57 80 240 5 78 252 224 226 32 217 64 218 163 171 122 20 89 97 225 123 150 22 16 26 234 231 157 48 95 186 
	Fitness: 52428622
	Fitness BL: 44858316

Generacion 9
	Solucion: 108 144 81 131 127 36 239 91 179 42 228 178 43 46 248 155 137 214 170 141 173 204 105 2 166 206 116 243 0 189 192 50 233 39 112 161 219 205 83 250 70 96 223 147 56 77 6 103 139 185 68 207 158 194 133 195 124 222 66 41 126 93 220 149 23 18 253 37 148 63 154 106 151 254 177 188 199 210 8 232 102 19 196 212 9 35 53 1 13 90 164 202 98 75 115 180 84 242 114 34 203 76 211 165 169 58 65 227 94 198 249 213 208 54 69 59 92 72 49 25 246 129 119 110 191 60 71 52 183 17 79 135 156 73 174 7 111 28 104 216 4 184 146 136 209 230 120 51 237 100 181 67 168 241 247 236 167 255 47 40 12 121 182 82 125 88 134 38 229 143 113 86 30 118 190 251 74 109 160 45 55 162 130 201 142 27 87 245 31 107 221 152 44 235 197 132 33 29 215 176 172 128 3 99 140 21 15 244 117 200 62 145 61 138 175 24 153 10 101 11 238 85 159 193 187 14 57 80 240 5 78 252 224 226 32 217 64 218 163 171 122 20 89 97 225 123 150 22 16 26 234 231 157 48 95 186 
	Fitness: 52428622
	Fitness BL: 44858316

Generacion 10
	Solucion: 108 144 81 131 127 36 239 91 179 42 228 178 43 46 248 155 137 214 170 141 173 204 105 2 166 206 116 243 0 189 192 50 233 39 112 161 219 205 83 250 70 96 223 147 56 77 6 103 139 185 68 207 158 194 133 195 124 222 66 41 126 93 220 149 23 18 253 37 148 63 154 106 151 254 177 188 199 210 8 232 102 19 196 212 9 35 53 1 13 90 164 202 98 75 115 180 84 242 114 34 203 76 211 165 169 58 65 227 94 198 249 213 208 54 69 59 92 72 49 25 246 129 119 110 191 60 71 52 183 17 79 135 156 73 174 7 111 28 104 216 4 184 146 136 209 230 120 51 237 100 181 67 168 241 247 236 167 255 47 40 12 121 182 82 125 88 134 38 229 143 113 86 30 118 190 251 74 109 160 45 55 162 130 201 142 27 87 245 31 107 221 152 44 235 197 132 33 29 215 176 172 128 3 99 140 21 15 244 117 200 62 145 61 138 175 24 153 10 101 11 238 85 159 193 187 14 57 80 240 5 78 252 224 226 32 217 64 218 163 171 122 20 89 97 225 123 150 22 16 26 234 231 157 48 95 186 
	Fitness: 52428622
	Fitness BL: 44858316

Generacion 11
	Solucion: 108 144 81 131 127 36 239 91 179 42 228 178 43 46 248 155 137 214 170 141 173 204 105 2 166 206 116 243 0 189 192 50 233 39 112 161 219 205 83 250 70 96 223 147 56 77 6 103 139 185 68 207 158 194 133 195 124 222 66 41 126 93 220 149 23 18 253 37 148 63 154 106 151 254 177 188 199 210 8 232 102 19 196 212 9 35 53 1 13 90 164 202 98 75 115 180 84 242 114 34 203 76 211 165 169 58 65 227 94 198 249 213 208 54 69 59 92 72 49 25 246 129 119 110 191 60 71 52 183 17 79 135 156 73 174 7 111 28 104 216 4 184 146 136 209 230 120 51 237 100 181 67 168 241 247 236 167 255 47 40 12 121 182 82 125 88 134 38 229 143 113 86 30 118 190 251 74 109 160 45 55 162 130 201 142 27 87 245 31 107 221 152 44 235 197 132 33 29 215 176 172 128 3 99 140 21 15 244 117 200 62 145 61 138 175 24 153 10 101 11 238 85 159 193 187 14 57 80 240 5 78 252 224 226 32 217 64 218 163 171 122 20 89 97 225 123 150 22 16 26 234 231 157 48 95 186 
	Fitness: 52428622
	Fitness BL: 44858316

Generacion 12
	Solucion: 108 144 81 131 127 36 239 91 179 42 228 178 43 46 248 155 137 214 170 141 173 204 105 2 166 206 116 243 0 189 192 50 233 39 112 161 219 205 83 250 70 96 223 147 56 77 6 103 139 185 68 207 158 194 133 195 124 222 66 41 126 93 220 149 23 18 253 37 148 63 154 106 151 254 177 188 199 210 8 232 102 19 196 212 9 35 53 1 13 90 164 202 98 75 115 180 84 242 114 34 203 76 211 165 169 58 65 227 94 198 249 213 208 54 69 59 92 72 49 25 246 129 119 110 191 60 71 52 183 17 79 135 156 73 174 7 111 28 104 216 4 184 146 136 209 230 120 51 237 100 181 67 168 241 247 236 167 255 47 40 12 121 182 82 125 88 134 38 229 143 113 86 30 118 190 251 74 109 160 45 55 162 130 201 142 27 87 245 31 107 221 152 44 235 197 132 33 29 215 176 172 128 3 99 140 21 15 244 117 200 62 145 61 138 175 24 153 10 101 11 238 85 159 193 187 14 57 80 240 5 78 252 224 226 32 217 64 218 163 171 122 20 89 97 225 123 150 22 16 26 234 231 157 48 95 186 
	Fitness: 52428622
	Fitness BL: 44858316

Generacion 13
	Solucion: 108 144 81 131 127 36 239 91 179 42 228 178 43 46 248 155 137 214 170 141 173 204 105 2 166 206 116 243 0 189 192 50 233 39 112 161 219 205 83 250 70 96 223 147 56 77 6 103 139 185 68 207 158 194 133 195 124 222 66 41 126 93 220 149 23 18 253 37 148 63 154 106 151 254 177 188 199 210 8 232 102 19 196 212 9 35 53 1 13 90 164 202 98 75 115 180 84 242 114 34 203 76 211 165 169 58 65 227 94 198 249 213 208 54 69 59 92 72 49 25 246 129 119 110 191 60 71 52 183 17 79 135 156 73 174 7 111 28 104 216 4 184 146 136 209 230 120 51 237 100 181 67 168 241 247 236 167 255 47 40 12 121 182 82 125 88 134 38 229 143 113 86 30 118 190 251 74 109 160 45 55 162 130 201 142 27 87 245 31 107 221 152 44 235 197 132 33 29 215 176 172 128 3 99 140 21 15 244 117 200 62 145 61 138 175 24 153 10 101 11 238 85 159 193 187 14 57 80 240 5 78 252 224 226 32 217 64 218 163 171 122 20 89 97 225 123 150 22 16 26 234 231 157 48 95 186 
	Fitness: 52428622
	Fitness BL: 44858316

Generacion 14
	Solucion: 108 144 81 131 127 36 239 91 179 42 228 178 43 46 248 155 137 214 170 141 173 204 105 2 166 206 116 243 0 189 192 50 233 39 112 161 219 205 83 250 70 96 223 147 56 77 6 103 139 185 68 207 158 194 133 195 124 222 66 41 126 93 220 149 23 18 253 37 148 63 154 106 151 254 177 188 199 210 8 232 102 19 196 212 9 35 53 1 13 90 164 202 98 75 115 180 84 242 114 34 203 76 211 165 169 58 65 227 94 198 249 213 208 54 69 59 92 72 49 25 246 129 119 110 191 60 71 52 183 17 79 135 156 73 174 7 111 28 104 216 4 184 146 136 209 230 120 51 237 100 181 67 168 241 247 236 167 255 47 40 12 121 182 82 125 88 134 38 229 143 113 86 30 118 190 251 74 109 160 45 55 162 130 201 142 27 87 245 31 107 221 152 44 235 197 132 33 29 215 176 172 128 3 99 140 21 15 244 117 200 62 145 61 138 175 24 153 10 101 11 238 85 159 193 187 14 57 80 240 5 78 252 224 226 32 217 64 218 163 171 122 20 89 97 225 123 150 22 16 26 234 231 157 48 95 186 
	Fitness: 52428622
	Fitness BL: 44858316

Generacion 15
	Solucion: 108 144 81 131 127 36 239 91 179 42 228 178 43 46 248 155 137 214 170 141 173 204 105 2 166 206 116 243 0 189 192 50 233 39 112 161 219 205 83 250 70 96 223 147 56 77 6 103 139 185 68 207 158 194 133 195 124 222 66 41 126 93 220 149 23 18 253 37 148 63 154 106 151 254 177 188 199 210 8 232 102 19 196 212 9 35 53 1 13 90 164 202 98 75 115 180 84 242 114 34 203 76 211 165 169 58 65 227 94 198 249 213 208 54 69 59 92 72 49 25 246 129 119 110 191 60 71 52 183 17 79 135 156 73 174 7 111 28 104 216 4 184 146 136 209 230 120 51 237 100 181 67 168 241 247 236 167 255 47 40 12 121 182 82 125 88 134 38 229 143 113 86 30 118 190 251 74 109 160 45 55 162 130 201 142 27 87 245 31 107 221 152 44 235 197 132 33 29 215 176 172 128 3 99 140 21 15 244 117 200 62 145 61 138 175 24 153 10 101 11 238 85 159 193 187 14 57 80 240 5 78 252 224 226 32 217 64 218 163 171 122 20 89 97 225 123 150 22 16 26 234 231 157 48 95 186 
	Fitness: 52428622
	Fitness BL: 44858316

Generacion 16
	Solucion: 108 144 81 131 127 36 239 91 179 42 228 178 43 46 248 155 137 214 170 141 173 204 105 2 166 206 116 243 0 189 192 50 233 39 112 161 219 205 83 250 70 96 223 147 56 77 6 103 139 185 68 207 158 194 133 195 124 222 66 41 126 93 220 149 23 18 253 37 148 63 154 106 151 254 177 188 199 210 8 232 102 19 196 212 9 35 53 1 13 90 164 202 98 75 115 180 84 242 114 34 203 76 211 165 169 58 65 227 94 198 249 213 208 54 69 59 92 72 49 25 246 129 119 110 191 60 71 52 183 17 79 135 156 73 174 7 111 28 104 216 4 184 146 136 209 230 120 51 237 100 181 67 168 241 247 236 167 255 47 40 12 121 182 82 125 88 134 38 229 143 113 86 30 118 190 251 74 109 160 45 55 162 130 201 142 27 87 245 31 107 221 152 44 235 197 132 33 29 215 176 172 128 3 99 140 21 15 244 117 200 62 145 61 138 175 24 153 10 101 11 238 85 159 193 187 14 57 80 240 5 78 252 224 226 32 217 64 218 163 171 122 20 89 97 225 123 150 22 16 26 234 231 157 48 95 186 
	Fitness: 52428622
	Fitness BL: 44858316

Generacion 17
	Solucion: 108 144 81 131 127 36 239 91 179 42 228 178 43 46 248 155 137 214 170 141 173 204 105 2 166 206 116 243 0 189 192 50 233 39 112 161 219 205 83 250 70 96 223 147 56 77 6 103 139 185 68 207 158 194 133 195 124 222 66 41 126 93 220 149 23 18 253 37 148 63 154 106 151 254 177 188 199 210 8 232 102 19 196 212 9 35 53 1 13 90 164 202 98 75 115 180 84 242 114 34 203 76 211 165 169 58 65 227 94 198 249 213 208 54 69 59 92 72 49 25 246 129 119 110 191 60 71 52 183 17 79 135 156 73 174 7 111 28 104 216 4 184 146 136 209 230 120 51 237 100 181 67 168 241 247 236 167 255 47 40 12 121 182 82 125 88 134 38 229 143 113 86 30 118 190 251 74 109 160 45 55 162 130 201 142 27 87 245 31 107 221 152 44 235 197 132 33 29 215 176 172 128 3 99 140 21 15 244 117 200 62 145 61 138 175 24 153 10 101 11 238 85 159 193 187 14 57 80 240 5 78 252 224 226 32 217 64 218 163 171 122 20 89 97 225 123 150 22 16 26 234 231 157 48 95 186 
	Fitness: 52428622
	Fitness BL: 44858316

Generacion 18
	Solucion: 108 144 81 131 127 36 239 91 179 42 228 178 43 46 248 155 137 214 170 141 173 204 105 2 166 206 116 243 0 189 192 50 233 39 112 161 219 205 83 250 70 96 223 147 56 77 6 103 139 185 68 207 158 194 133 195 124 222 66 41 126 93 220 149 23 18 253 37 148 63 154 106 151 254 177 188 199 210 8 232 102 19 196 212 9 35 53 1 13 90 164 202 98 75 115 180 84 242 114 34 203 76 211 165 169 58 65 227 94 198 249 213 208 54 69 59 92 72 49 25 246 129 119 110 191 60 71 52 183 17 79 135 156 73 174 7 111 28 104 216 4 184 146 136 209 230 120 51 237 100 181 67 168 241 247 236 167 255 47 40 12 121 182 82 125 88 134 38 229 143 113 86 30 118 190 251 74 109 160 45 55 162 130 201 142 27 87 245 31 107 221 152 44 235 197 132 33 29 215 176 172 128 3 99 140 21 15 244 117 200 62 145 61 138 175 24 153 10 101 11 238 85 159 193 187 14 57 80 240 5 78 252 224 226 32 217 64 218 163 171 122 20 89 97 225 123 150 22 16 26 234 231 157 48 95 186 
	Fitness: 52428622
	Fitness BL: 44858316

Generacion 19
	Solucion: 68 64 81 138 110 207 105 250 26 218 41 85 204 83 122 16 217 37 31 209 150 3 46 78 170 124 177 187 219 117 57 206 233 42 112 91 6 2 255 35 39 111 116 214 229 179 162 222 47 137 18 195 63 21 147 158 153 14 252 151 126 193 95 101 23 139 132 58 134 248 154 106 108 254 240 188 199 210 5 232 44 98 196 52 9 197 53 1 13 90 164 202 61 130 115 238 84 242 226 34 239 76 211 165 160 225 65 87 94 198 163 77 208 0 69 59 171 72 49 25 246 129 119 15 191 114 161 205 48 19 79 30 156 96 174 228 141 28 131 92 4 184 146 136 176 230 120 51 237 100 181 67 27 241 234 236 167 123 216 40 12 203 182 159 125 88 243 38 172 143 113 86 135 118 190 251 247 109 140 45 55 180 75 201 213 43 29 7 36 224 215 192 70 17 54 104 133 183 56 71 166 144 107 22 152 185 169 142 60 223 103 10 244 50 33 235 186 74 168 148 194 80 93 24 231 212 175 189 245 66 173 82 155 73 249 253 32 127 128 97 220 20 89 11 157 8 200 62 149 221 99 145 121 102 178 227 
	Fitness: 52571554
	Fitness BL: 44849438

Generacion 20
	Solucion: 68 64 81 138 110 207 105 250 26 218 41 85 204 83 122 16 217 37 31 209 150 3 46 78 170 124 177 187 219 117 57 206 233 42 112 91 6 2 255 35 39 111 116 214 229 179 162 222 47 137 18 195 63 21 147 158 153 14 252 151 126 193 95 101 23 139 132 58 134 248 154 106 108 254 240 188 199 210 5 232 44 98 196 52 9 197 53 1 13 90 164 202 61 130 115 238 84 242 226 34 239 76 211 165 160 225 65 87 94 198 163 77 208 0 69 59 171 72 49 25 246 129 119 15 191 114 161 205 48 19 79 30 156 96 174 228 141 28 131 92 4 184 146 136 176 230 120 51 237 100 181 67 27 241 234 236 167 123 216 40 12 203 182 159 125 88 243 38 172 143 113 86 135 118 190 251 247 109 140 45 55 180 75 201 213 43 29 7 36 224 215 192 70 17 54 104 133 183 56 71 166 144 107 22 152 185 169 142 60 223 103 10 244 50 33 235 186 74 168 148 194 80 93 24 231 212 175 189 245 66 173 82 155 73 249 253 32 127 128 97 220 20 89 11 157 8 200 62 149 221 99 145 121 102 178 227 
	Fitness: 52571554
	Fitness BL: 44849438

Generacion 21
	Solucion: 68 64 81 138 110 207 105 250 26 218 41 85 204 83 122 16 217 37 31 209 150 3 46 78 170 124 177 187 219 117 57 206 233 42 112 91 6 2 255 35 39 111 116 214 229 179 162 222 47 137 18 195 63 21 147 158 153 14 252 151 126 193 95 101 23 139 132 58 134 248 154 106 108 254 240 188 199 210 5 232 44 98 196 52 9 197 53 1 13 90 164 202 61 130 115 238 84 242 226 34 239 76 211 165 160 225 65 87 94 198 163 77 208 0 69 59 171 72 49 25 246 129 119 15 191 114 161 205 48 19 79 30 156 96 174 228 141 28 131 92 4 184 146 136 176 230 120 51 237 100 181 67 27 241 234 236 167 123 216 40 12 203 182 159 125 88 243 38 172 143 113 86 135 118 190 251 247 109 140 45 55 180 75 201 213 43 29 7 36 224 215 192 70 17 54 104 133 183 56 71 166 144 107 22 152 185 169 142 60 223 103 10 244 50 33 235 186 74 168 148 194 80 93 24 231 212 175 189 245 66 173 82 155 73 249 253 32 127 128 97 220 20 89 11 157 8 200 62 149 221 99 145 121 102 178 227 
	Fitness: 52571554
	Fitness BL: 44849438

Generacion 22
	Solucion: 68 64 81 138 110 207 105 250 26 218 41 85 204 83 122 16 217 37 31 209 150 3 46 78 170 124 177 187 219 117 57 206 233 42 112 91 6 2 255 35 39 111 116 214 229 179 162 222 47 137 18 195 63 21 147 158 153 14 252 151 126 193 95 101 23 139 132 58 134 248 154 106 108 254 240 188 199 210 5 232 44 98 196 52 9 197 53 1 13 90 164 202 61 130 115 238 84 242 226 34 239 76 211 165 160 225 65 87 94 198 163 77 208 0 69 59 171 72 49 25 246 129 119 15 191 114 161 205 48 19 79 30 156 96 174 228 141 28 131 92 4 184 146 136 176 230 120 51 237 100 181 67 27 241 234 236 167 123 216 40 12 203 182 159 125 88 243 38 172 143 113 86 135 118 190 251 247 109 140 45 55 180 75 201 213 43 29 7 36 224 215 192 70 17 54 104 133 183 56 71 166 144 107 22 152 185 169 142 60 223 103 10 244 50 33 235 186 74 168 148 194 80 93 24 231 212 175 189 245 66 173 82 155 73 249 253 32 127 128 97 220 20 89 11 157 8 200 62 149 221 99 145 121 102 178 227 
	Fitness: 52571554
	Fitness BL: 44849438

Generacion 23
	Solucion: 68 64 81 138 110 207 105 250 26 218 41 85 204 83 122 16 217 37 31 209 150 3 46 78 170 124 177 187 219 117 57 206 233 42 112 91 6 2 255 35 39 111 116 214 229 179 162 222 47 137 18 195 63 21 147 158 153 14 252 151 126 193 95 101 23 139 132 58 134 248 154 106 108 254 240 188 199 210 5 232 44 98 196 52 9 197 53 1 13 90 164 202 61 130 115 238 84 242 226 34 239 76 211 165 160 225 65 87 94 198 163 77 208 0 69 59 171 72 49 25 246 129 119 15 191 114 161 205 48 19 79 30 156 96 174 228 141 28 131 92 4 184 146 136 176 230 120 51 237 100 181 67 27 241 234 236 167 123 216 40 12 203 182 159 125 88 243 38 172 143 113 86 135 118 190 251 247 109 140 45 55 180 75 201 213 43 29 7 36 224 215 192 70 17 54 104 133 183 56 71 166 144 107 22 152 185 169 142 60 223 103 10 244 50 33 235 186 74 168 148 194 80 93 24 231 212 175 189 245 66 173 82 155 73 249 253 32 127 128 97 220 20 89 11 157 8 200 62 149 221 99 145 121 102 178 227 
	Fitness: 52571554
	Fitness BL: 44849438

Generacion 24
	Solucion: 68 64 81 138 110 207 105 250 26 218 41 85 204 83 122 16 217 37 31 209 150 3 46 78 170 124 177 187 219 117 57 206 233 42 112 91 6 2 255 35 39 111 116 214 229 179 162 222 47 137 18 195 63 21 147 158 153 14 252 151 126 193 95 101 23 139 132 58 134 248 154 106 108 254 240 188 199 210 5 232 44 98 196 52 9 197 53 1 13 90 164 202 61 130 115 238 84 242 226 34 239 76 211 165 160 225 65 87 94 198 163 77 208 0 69 59 171 72 49 25 246 129 119 15 191 114 161 205 48 19 79 30 156 96 174 228 141 28 131 92 4 184 146 136 176 230 120 51 237 100 181 67 27 241 234 236 167 123 216 40 12 203 182 159 125 88 243 38 172 143 113 86 135 118 190 251 247 109 140 45 55 180 75 201 213 43 29 7 36 224 215 192 70 17 54 104 133 183 56 71 166 144 107 22 152 185 169 142 60 223 103 10 244 50 33 235 186 74 168 148 194 80 93 24 231 212 175 189 245 66 173 82 155 73 249 253 32 127 128 97 220 20 89 11 157 8 200 62 149 221 99 145 121 102 178 227 
	Fitness: 52571554
	Fitness BL: 44849438

Generacion 25
	Solucion: 68 64 81 138 110 207 105 250 26 218 41 85 204 83 122 16 217 37 31 209 150 3 46 78 170 124 177 187 219 117 57 206 233 42 112 91 6 2 255 35 39 111 116 214 229 179 162 222 47 137 18 195 63 21 147 158 153 14 252 151 126 193 95 101 23 139 132 58 134 248 154 106 108 254 240 188 199 210 5 232 44 98 196 52 9 197 53 1 13 90 164 202 61 130 115 238 84 242 226 34 239 76 211 165 160 225 65 87 94 198 163 77 208 0 69 59 171 72 49 25 246 129 119 15 191 114 161 205 48 19 79 30 156 96 174 228 141 28 131 92 4 184 146 136 176 230 120 51 237 100 181 67 27 241 234 236 167 123 216 40 12 203 182 159 125 88 243 38 172 143 113 86 135 118 190 251 247 109 140 45 55 180 75 201 213 43 29 7 36 224 215 192 70 17 54 104 133 183 56 71 166 144 107 22 152 185 169 142 60 223 103 10 244 50 33 235 186 74 168 148 194 80 93 24 231 212 175 189 245 66 173 82 155 73 249 253 32 127 128 97 220 20 89 11 157 8 200 62 149 221 99 145 121 102 178 227 
	Fitness: 52571554
	Fitness BL: 44849438

Generacion 26
	Solucion: 68 64 81 138 110 207 105 250 26 218 41 85 204 83 122 16 217 37 31 209 150 3 46 78 170 124 177 187 219 117 57 206 233 42 112 91 6 2 255 35 39 111 116 214 229 179 162 222 47 137 18 195 63 21 147 158 153 14 252 151 126 193 95 101 23 139 132 58 134 248 154 106 108 254 240 188 199 210 5 232 44 98 196 52 9 197 53 1 13 90 164 202 61 130 115 238 84 242 226 34 239 76 211 165 160 225 65 87 94 198 163 77 208 0 69 59 171 72 49 25 246 129 119 15 191 114 161 205 48 19 79 30 156 96 174 228 141 28 131 92 4 184 146 136 176 230 120 51 237 100 181 67 27 241 234 236 167 123 216 40 12 203 182 159 125 88 243 38 172 143 113 86 135 118 190 251 247 109 140 45 55 180 75 201 213 43 29 7 36 224 215 192 70 17 54 104 133 183 56 71 166 144 107 22 152 185 169 142 60 223 103 10 244 50 33 235 186 74 168 148 194 80 93 24 231 212 175 189 245 66 173 82 155 73 249 253 32 127 128 97 220 20 89 11 157 8 200 62 149 221 99 145 121 102 178 227 
	Fitness: 52571554
	Fitness BL: 44849438

Generacion 27
	Solucion: 68 64 81 138 110 207 105 250 26 218 41 85 204 83 122 16 217 37 31 209 150 3 46 78 170 124 177 187 219 117 57 206 233 42 112 91 6 2 255 35 39 111 116 214 229 179 162 222 47 137 18 195 63 21 147 158 153 14 252 151 126 193 95 101 23 139 132 58 134 248 154 106 108 254 240 188 199 210 5 232 44 98 196 52 9 197 53 1 13 90 164 202 61 130 115 238 84 242 226 34 239 76 211 165 160 225 65 87 94 198 163 77 208 0 69 59 171 72 49 25 246 129 119 15 191 114 161 205 48 19 79 30 156 96 174 228 141 28 131 92 4 184 146 136 176 230 120 51 237 100 181 67 27 241 234 236 167 123 216 40 12 203 182 159 125 88 243 38 172 143 113 86 135 118 190 251 247 109 140 45 55 180 75 201 213 43 29 7 36 224 215 192 70 17 54 104 133 183 56 71 166 144 107 22 152 185 169 142 60 223 103 10 244 50 33 235 186 74 168 148 194 80 93 24 231 212 175 189 245 66 173 82 155 73 249 253 32 127 128 97 220 20 89 11 157 8 200 62 149 221 99 145 121 102 178 227 
	Fitness: 52571554
	Fitness BL: 44849438

Generacion 28
	Solucion: 68 64 81 138 110 207 105 250 26 218 41 85 204 83 122 16 217 37 31 209 150 3 46 78 170 124 177 187 219 117 57 206 233 42 112 91 6 2 255 35 39 111 116 214 229 179 162 222 47 137 18 195 63 21 147 158 153 14 252 151 126 193 95 101 23 139 132 58 134 248 154 106 108 254 240 188 199 210 5 232 44 98 196 52 9 197 53 1 13 90 164 202 61 130 115 238 84 242 226 34 239 76 211 165 160 225 65 87 94 198 163 77 208 0 69 59 171 72 49 25 246 129 119 15 191 114 161 205 48 19 79 30 156 96 174 228 141 28 131 92 4 184 146 136 176 230 120 51 237 100 181 67 27 241 234 236 167 123 216 40 12 203 182 159 125 88 243 38 172 143 113 86 135 118 190 251 247 109 140 45 55 180 75 201 213 43 29 7 36 224 215 192 70 17 54 104 133 183 56 71 166 144 107 22 152 185 169 142 60 223 103 10 244 50 33 235 186 74 168 148 194 80 93 24 231 212 175 189 245 66 173 82 155 73 249 253 32 127 128 97 220 20 89 11 157 8 200 62 149 221 99 145 121 102 178 227 
	Fitness: 52571554
	Fitness BL: 44849438

Generacion 29
	Solucion: 68 64 81 138 110 207 105 250 26 218 41 85 204 83 122 16 217 37 31 209 150 3 46 78 170 124 177 187 219 117 57 206 233 42 112 91 6 2 255 35 39 111 116 214 229 179 162 222 47 137 18 195 63 21 147 158 153 14 252 151 126 193 95 101 23 139 132 58 134 248 154 106 108 254 240 188 199 210 5 232 44 98 196 52 9 197 53 1 13 90 164 202 61 130 115 238 84 242 226 34 239 76 211 165 160 225 65 87 94 198 163 77 208 0 69 59 171 72 49 25 246 129 119 15 191 114 161 205 48 19 79 30 156 96 174 228 141 28 131 92 4 184 146 136 176 230 120 51 237 100 181 67 27 241 234 236 167 123 216 40 12 203 182 159 125 88 243 38 172 143 113 86 135 118 190 251 247 109 140 45 55 180 75 201 213 43 29 7 36 224 215 192 70 17 54 104 133 183 56 71 166 144 107 22 152 185 169 142 60 223 103 10 244 50 33 235 186 74 168 148 194 80 93 24 231 212 175 189 245 66 173 82 155 73 249 253 32 127 128 97 220 20 89 11 157 8 200 62 149 221 99 145 121 102 178 227 
	Fitness: 52571554
	Fitness BL: 44849438

Generacion 30
	Solucion: 68 64 81 138 110 207 105 250 26 218 41 85 204 83 122 16 217 37 31 209 150 3 46 78 170 124 177 187 219 117 57 206 233 42 112 91 6 2 255 35 39 111 116 214 229 179 162 222 47 137 18 195 63 21 147 158 153 14 252 151 126 193 95 101 23 139 132 58 134 248 154 106 108 254 240 188 199 210 5 232 44 98 196 52 9 197 53 1 13 90 164 202 61 130 115 238 84 242 226 34 239 76 211 165 160 225 65 87 94 198 163 77 208 0 69 59 171 72 49 25 246 129 119 15 191 114 161 205 48 19 79 30 156 96 174 228 141 28 131 92 4 184 146 136 176 230 120 51 237 100 181 67 27 241 234 236 167 123 216 40 12 203 182 159 125 88 243 38 172 143 113 86 135 118 190 251 247 109 140 45 55 180 75 201 213 43 29 7 36 224 215 192 70 17 54 104 133 183 56 71 166 144 107 22 152 185 169 142 60 223 103 10 244 50 33 235 186 74 168 148 194 80 93 24 231 212 175 189 245 66 173 82 155 73 249 253 32 127 128 97 220 20 89 11 157 8 200 62 149 221 99 145 121 102 178 227 
	Fitness: 52571554
	Fitness BL: 44849438

Generacion 31
	Solucion: 68 64 81 138 110 207 105 250 26 218 41 85 204 83 122 16 217 37 31 209 150 3 46 78 170 124 177 187 219 117 57 206 233 42 112 91 6 2 255 35 39 111 116 214 229 179 162 222 47 137 18 195 63 21 147 158 153 14 252 151 126 193 95 101 23 139 132 58 134 248 154 106 108 254 240 188 199 210 5 232 44 98 196 52 9 197 53 1 13 90 164 202 61 130 115 238 84 242 226 34 239 76 211 165 160 225 65 87 94 198 163 77 208 0 69 59 171 72 49 25 246 129 119 15 191 114 161 205 48 19 79 30 156 96 174 228 141 28 131 92 4 184 146 136 176 230 120 51 237 100 181 67 27 241 234 236 167 123 216 40 12 203 182 159 125 88 243 38 172 143 113 86 135 118 190 251 247 109 140 45 55 180 75 201 213 43 29 7 36 224 215 192 70 17 54 104 133 183 56 71 166 144 107 22 152 185 169 142 60 223 103 10 244 50 33 235 186 74 168 148 194 80 93 24 231 212 175 189 245 66 173 82 155 73 249 253 32 127 128 97 220 20 89 11 157 8 200 62 149 221 99 145 121 102 178 227 
	Fitness: 52571554
	Fitness BL: 44849438

Generacion 32
	Solucion: 68 64 81 138 110 207 105 250 26 218 41 85 204 83 122 16 217 37 31 209 150 3 46 78 170 124 177 187 219 117 57 206 233 42 112 91 6 2 255 35 39 111 116 214 229 179 162 222 47 137 18 195 63 21 147 158 153 14 252 151 126 193 95 101 23 139 132 58 134 248 154 106 108 254 240 188 199 210 5 232 44 98 196 52 9 197 53 1 13 90 164 202 61 130 115 238 84 242 226 34 239 76 211 165 160 225 65 87 94 198 163 77 208 0 69 59 171 72 49 25 246 129 119 15 191 114 161 205 48 19 79 30 156 96 174 228 141 28 131 92 4 184 146 136 176 230 120 51 237 100 181 67 27 241 234 236 167 123 216 40 12 203 182 159 125 88 243 38 172 143 113 86 135 118 190 251 247 109 140 45 55 180 75 201 213 43 29 7 36 224 215 192 70 17 54 104 133 183 56 71 166 144 107 22 152 185 169 142 60 223 103 10 244 50 33 235 186 74 168 148 194 80 93 24 231 212 175 189 245 66 173 82 155 73 249 253 32 127 128 97 220 20 89 11 157 8 200 62 149 221 99 145 121 102 178 227 
	Fitness: 52571554
	Fitness BL: 44849438

Generacion 33
	Solucion: 68 64 81 138 110 207 105 250 26 218 41 85 204 83 122 16 217 37 31 209 150 3 46 78 170 124 177 187 219 117 57 206 233 42 112 91 6 2 255 35 39 111 116 214 229 179 162 222 47 137 18 195 63 21 147 158 153 14 252 151 126 193 95 101 23 139 132 58 134 248 154 106 108 254 240 188 199 210 5 232 44 98 196 52 9 197 53 1 13 90 164 202 61 130 115 238 84 242 226 34 239 76 211 165 160 225 65 87 94 198 163 77 208 0 69 59 171 72 49 25 246 129 119 15 191 114 161 205 48 19 79 30 156 96 174 228 141 28 131 92 4 184 146 136 176 230 120 51 237 100 181 67 27 241 234 236 167 123 216 40 12 203 182 159 125 88 243 38 172 143 113 86 135 118 190 251 247 109 140 45 55 180 75 201 213 43 29 7 36 224 215 192 70 17 54 104 133 183 56 71 166 144 107 22 152 185 169 142 60 223 103 10 244 50 33 235 186 74 168 148 194 80 93 24 231 212 175 189 245 66 173 82 155 73 249 253 32 127 128 97 220 20 89 11 157 8 200 62 149 221 99 145 121 102 178 227 
	Fitness: 52571554
	Fitness BL: 44849438

Generacion 34
	Solucion: 68 64 81 138 110 207 105 250 26 218 41 85 204 83 122 16 217 37 31 209 150 3 46 78 170 124 177 187 219 117 57 206 233 42 112 91 6 2 255 35 39 111 116 214 229 179 162 222 47 137 18 195 63 21 147 158 153 14 252 151 126 193 95 101 23 139 132 58 134 248 154 106 108 254 240 188 199 210 5 232 44 98 196 52 9 197 53 1 13 90 164 202 61 130 115 238 84 242 226 34 239 76 211 165 160 225 65 87 94 198 163 77 208 0 69 59 171 72 49 25 246 129 119 15 191 114 161 205 48 19 79 30 156 96 174 228 141 28 131 92 4 184 146 136 176 230 120 51 237 100 181 67 27 241 234 236 167 123 216 40 12 203 182 159 125 88 243 38 172 143 113 86 135 118 190 251 247 109 140 45 55 180 75 201 213 43 29 7 36 224 215 192 70 17 54 104 133 183 56 71 166 144 107 22 152 185 169 142 60 223 103 10 244 50 33 235 186 74 168 148 194 80 93 24 231 212 175 189 245 66 173 82 155 73 249 253 32 127 128 97 220 20 89 11 157 8 200 62 149 221 99 145 121 102 178 227 
	Fitness: 52571554
	Fitness BL: 44849438

Generacion 35
	Solucion: 68 64 81 138 110 207 105 250 26 218 41 85 204 83 122 16 217 37 31 209 150 3 46 78 170 124 177 187 219 117 57 206 233 42 112 91 6 2 255 35 39 111 116 214 229 179 162 222 47 137 18 195 63 21 147 158 153 14 252 151 126 193 95 101 23 139 132 58 134 248 154 106 108 254 240 188 199 210 5 232 44 98 196 52 9 197 53 1 13 90 164 202 61 130 115 238 84 242 226 34 239 76 211 165 160 225 65 87 94 198 163 77 208 0 69 59 171 72 49 25 246 129 119 15 191 114 161 205 48 19 79 30 156 96 174 228 141 28 131 92 4 184 146 136 176 230 120 51 237 100 181 67 27 241 234 236 167 123 216 40 12 203 182 159 125 88 243 38 172 143 113 86 135 118 190 251 247 109 140 45 55 180 75 201 213 43 29 7 36 224 215 192 70 17 54 104 133 183 56 71 166 144 107 22 152 185 169 142 60 223 103 10 244 50 33 235 186 74 168 148 194 80 93 24 231 212 175 189 245 66 173 82 155 73 249 253 32 127 128 97 220 20 89 11 157 8 200 62 149 221 99 145 121 102 178 227 
	Fitness: 52571554
	Fitness BL: 44849438

Generacion 36
	Solucion: 139 141 177 82 16 145 166 34 67 240 29 85 3 234 167 98 194 181 230 186 117 115 138 200 157 140 68 207 219 114 134 205 233 70 112 91 244 2 237 35 39 108 22 56 198 179 162 222 99 137 18 133 136 223 80 32 185 76 236 121 126 169 62 144 109 224 132 168 57 221 213 71 58 46 249 188 36 210 20 232 44 235 242 66 9 74 155 1 175 199 164 192 61 130 189 239 84 65 28 4 63 77 211 142 54 103 153 87 94 10 163 45 125 123 69 59 171 72 79 25 246 129 106 15 215 17 252 206 86 52 49 173 226 96 197 228 149 120 81 92 13 184 195 212 202 227 176 51 255 100 113 23 93 241 6 161 97 0 37 40 12 203 182 243 208 88 159 38 172 27 154 48 135 118 190 251 247 238 187 250 55 180 8 201 183 43 104 7 146 83 214 156 143 53 160 131 33 24 191 174 5 101 220 158 14 196 193 105 41 21 225 148 31 124 248 110 151 75 95 229 254 178 245 217 231 50 119 165 209 19 30 204 107 127 147 122 116 73 170 111 152 42 47 11 60 216 128 64 89 90 26 78 102 253 218 150 
	Fitness: 51850434
	Fitness BL: 44836792

Generacion 37
	Solucion: 139 141 177 82 16 145 166 34 67 240 29 85 3 234 167 98 194 181 230 186 117 115 138 200 157 140 68 207 219 114 134 205 233 70 112 91 244 2 237 35 39 108 22 56 198 179 162 222 99 137 18 133 136 223 80 32 185 76 236 121 126 169 62 144 109 224 132 168 57 221 213 71 58 46 249 188 36 210 20 232 44 235 242 66 9 74 155 1 175 199 164 192 61 130 189 239 84 65 28 4 63 77 211 142 54 103 153 87 94 10 163 45 125 123 69 59 171 72 79 25 246 129 106 15 215 17 252 206 86 52 49 173 226 96 197 228 149 120 81 92 13 184 195 212 202 227 176 51 255 100 113 23 93 241 6 161 97 0 37 40 12 203 182 243 208 88 159 38 172 27 154 48 135 118 190 251 247 238 187 250 55 180 8 201 183 43 104 7 146 83 214 156 143 53 160 131 33 24 191 174 5 101 220 158 14 196 193 105 41 21 225 148 31 124 248 110 151 75 95 229 254 178 245 217 231 50 119 165 209 19 30 204 107 127 147 122 116 73 170 111 152 42 47 11 60 216 128 64 89 90 26 78 102 253 218 150 
	Fitness: 51850434
	Fitness BL: 44836792

Generacion 38
	Solucion: 139 141 177 82 16 145 166 34 67 240 29 85 3 234 167 98 194 181 230 186 117 115 138 200 157 140 68 207 219 114 134 205 233 70 112 91 244 2 237 35 39 108 22 56 198 179 162 222 99 137 18 133 136 223 80 32 185 76 236 121 126 169 62 144 109 224 132 168 57 221 213 71 58 46 249 188 36 210 20 232 44 235 242 66 9 74 155 1 175 199 164 192 61 130 189 239 84 65 28 4 63 77 211 142 54 103 153 87 94 10 163 45 125 123 69 59 171 72 79 25 246 129 106 15 215 17 252 206 86 52 49 173 226 96 197 228 149 120 81 92 13 184 195 212 202 227 176 51 255 100 113 23 93 241 6 161 97 0 37 40 12 203 182 243 208 88 159 38 172 27 154 48 135 118 190 251 247 238 187 250 55 180 8 201 183 43 104 7 146 83 214 156 143 53 160 131 33 24 191 174 5 101 220 158 14 196 193 105 41 21 225 148 31 124 248 110 151 75 95 229 254 178 245 217 231 50 119 165 209 19 30 204 107 127 147 122 116 73 170 111 152 42 47 11 60 216 128 64 89 90 26 78 102 253 218 150 
	Fitness: 51850434
	Fitness BL: 44836792

Generacion 39
	Solucion: 139 141 177 82 16 145 166 34 67 240 29 85 3 234 167 98 194 181 230 186 117 115 138 200 157 140 68 207 219 114 134 205 233 70 112 91 244 2 237 35 39 108 22 56 198 179 162 222 99 137 18 133 136 223 80 32 185 76 236 121 126 169 62 144 109 224 132 168 57 221 213 71 58 46 249 188 36 210 20 232 44 235 242 66 9 74 155 1 175 199 164 192 61 130 189 239 84 65 28 4 63 77 211 142 54 103 153 87 94 10 163 45 125 123 69 59 171 72 79 25 246 129 106 15 215 17 252 206 86 52 49 173 226 96 197 228 149 120 81 92 13 184 195 212 202 227 176 51 255 100 113 23 93 241 6 161 97 0 37 40 12 203 182 243 208 88 159 38 172 27 154 48 135 118 190 251 247 238 187 250 55 180 8 201 183 43 104 7 146 83 214 156 143 53 160 131 33 24 191 174 5 101 220 158 14 196 193 105 41 21 225 148 31 124 248 110 151 75 95 229 254 178 245 217 231 50 119 165 209 19 30 204 107 127 147 122 116 73 170 111 152 42 47 11 60 216 128 64 89 90 26 78 102 253 218 150 
	Fitness: 51850434
	Fitness BL: 44836792

Generacion 40
	Solucion: 139 141 177 82 16 145 166 34 67 240 29 85 3 234 167 98 194 181 230 186 117 115 138 200 157 140 68 207 219 114 134 205 233 70 112 91 244 2 237 35 39 108 22 56 198 179 162 222 99 137 18 133 136 223 80 32 185 76 236 121 126 169 62 144 109 224 132 168 57 221 213 71 58 46 249 188 36 210 20 232 44 235 242 66 9 74 155 1 175 199 164 192 61 130 189 239 84 65 28 4 63 77 211 142 54 103 153 87 94 10 163 45 125 123 69 59 171 72 79 25 246 129 106 15 215 17 252 206 86 52 49 173 226 96 197 228 149 120 81 92 13 184 195 212 202 227 176 51 255 100 113 23 93 241 6 161 97 0 37 40 12 203 182 243 208 88 159 38 172 27 154 48 135 118 190 251 247 238 187 250 55 180 8 201 183 43 104 7 146 83 214 156 143 53 160 131 33 24 191 174 5 101 220 158 14 196 193 105 41 21 225 148 31 124 248 110 151 75 95 229 254 178 245 217 231 50 119 165 209 19 30 204 107 127 147 122 116 73 170 111 152 42 47 11 60 216 128 64 89 90 26 78 102 253 218 150 
	Fitness: 51850434
	Fitness BL: 44836792

Generacion 41
	Solucion: 139 141 177 82 16 145 166 34 67 240 29 85 3 234 167 98 194 181 230 186 117 115 138 200 157 140 68 207 219 114 134 205 233 70 112 91 244 2 237 35 39 108 22 56 198 179 162 222 99 137 18 133 136 223 80 32 185 76 236 121 126 169 62 144 109 224 132 168 57 221 213 71 58 46 249 188 36 210 20 232 44 235 242 66 9 74 155 1 175 199 164 192 61 130 189 239 84 65 28 4 63 77 211 142 54 103 153 87 94 10 163 45 125 123 69 59 171 72 79 25 246 129 106 15 215 17 252 206 86 52 49 173 226 96 197 228 149 120 81 92 13 184 195 212 202 227 176 51 255 100 113 23 93 241 6 161 97 0 37 40 12 203 182 243 208 88 159 38 172 27 154 48 135 118 190 251 247 238 187 250 55 180 8 201 183 43 104 7 146 83 214 156 143 53 160 131 33 24 191 174 5 101 220 158 14 196 193 105 41 21 225 148 31 124 248 110 151 75 95 229 254 178 245 217 231 50 119 165 209 19 30 204 107 127 147 122 116 73 170 111 152 42 47 11 60 216 128 64 89 90 26 78 102 253 218 150 
	Fitness: 51850434
	Fitness BL: 44836792

Generacion 42
	Solucion: 139 141 177 82 16 145 166 34 67 240 29 85 3 234 167 98 194 181 230 186 117 115 138 200 157 140 68 207 219 114 134 205 233 70 112 91 244 2 237 35 39 108 22 56 198 179 162 222 99 137 18 133 136 223 80 32 185 76 236 121 126 169 62 144 109 224 132 168 57 221 213 71 58 46 249 188 36 210 20 232 44 235 242 66 9 74 155 1 175 199 164 192 61 130 189 239 84 65 28 4 63 77 211 142 54 103 153 87 94 10 163 45 125 123 69 59 171 72 79 25 246 129 106 15 215 17 252 206 86 52 49 173 226 96 197 228 149 120 81 92 13 184 195 212 202 227 176 51 255 100 113 23 93 241 6 161 97 0 37 40 12 203 182 243 208 88 159 38 172 27 154 48 135 118 190 251 247 238 187 250 55 180 8 201 183 43 104 7 146 83 214 156 143 53 160 131 33 24 191 174 5 101 220 158 14 196 193 105 41 21 225 148 31 124 248 110 151 75 95 229 254 178 245 217 231 50 119 165 209 19 30 204 107 127 147 122 116 73 170 111 152 42 47 11 60 216 128 64 89 90 26 78 102 253 218 150 
	Fitness: 51850434
	Fitness BL: 44836792

Generacion 43
	Solucion: 139 141 177 82 16 145 166 34 67 240 29 85 3 234 167 98 194 181 230 186 117 115 138 200 157 140 68 207 219 114 134 205 233 70 112 91 244 2 237 35 39 108 22 56 198 179 162 222 99 137 18 133 136 223 80 32 185 76 236 121 126 169 62 144 109 224 132 168 57 221 213 71 58 46 249 188 36 210 20 232 44 235 242 66 9 74 155 1 175 199 164 192 61 130 189 239 84 65 28 4 63 77 211 142 54 103 153 87 94 10 163 45 125 123 69 59 171 72 79 25 246 129 106 15 215 17 252 206 86 52 49 173 226 96 197 228 149 120 81 92 13 184 195 212 202 227 176 51 255 100 113 23 93 241 6 161 97 0 37 40 12 203 182 243 208 88 159 38 172 27 154 48 135 118 190 251 247 238 187 250 55 180 8 201 183 43 104 7 146 83 214 156 143 53 160 131 33 24 191 174 5 101 220 158 14 196 193 105 41 21 225 148 31 124 248 110 151 75 95 229 254 178 245 217 231 50 119 165 209 19 30 204 107 127 147 122 116 73 170 111 152 42 47 11 60 216 128 64 89 90 26 78 102 253 218 150 
	Fitness: 51850434
	Fitness BL: 44836792

Generacion 44
	Solucion: 139 141 177 82 16 145 166 34 67 240 29 85 3 234 167 98 194 181 230 186 117 115 138 200 157 140 68 207 219 114 134 205 233 70 112 91 244 2 237 35 39 108 22 56 198 179 162 222 99 137 18 133 136 223 80 32 185 76 236 121 126 169 62 144 109 224 132 168 57 221 213 71 58 46 249 188 36 210 20 232 44 235 242 66 9 74 155 1 175 199 164 192 61 130 189 239 84 65 28 4 63 77 211 142 54 103 153 87 94 10 163 45 125 123 69 59 171 72 79 25 246 129 106 15 215 17 252 206 86 52 49 173 226 96 197 228 149 120 81 92 13 184 195 212 202 227 176 51 255 100 113 23 93 241 6 161 97 0 37 40 12 203 182 243 208 88 159 38 172 27 154 48 135 118 190 251 247 238 187 250 55 180 8 201 183 43 104 7 146 83 214 156 143 53 160 131 33 24 191 174 5 101 220 158 14 196 193 105 41 21 225 148 31 124 248 110 151 75 95 229 254 178 245 217 231 50 119 165 209 19 30 204 107 127 147 122 116 73 170 111 152 42 47 11 60 216 128 64 89 90 26 78 102 253 218 150 
	Fitness: 51850434
	Fitness BL: 44836792

Generacion 45
	Solucion: 139 141 177 82 16 145 166 34 67 240 29 85 3 234 167 98 194 181 230 186 117 115 138 200 157 140 68 207 219 114 134 205 233 70 112 91 244 2 237 35 39 108 22 56 198 179 162 222 99 137 18 133 136 223 80 32 185 76 236 121 126 169 62 144 109 224 132 168 57 221 213 71 58 46 249 188 36 210 20 232 44 235 242 66 9 74 155 1 175 199 164 192 61 130 189 239 84 65 28 4 63 77 211 142 54 103 153 87 94 10 163 45 125 123 69 59 171 72 79 25 246 129 106 15 215 17 252 206 86 52 49 173 226 96 197 228 149 120 81 92 13 184 195 212 202 227 176 51 255 100 113 23 93 241 6 161 97 0 37 40 12 203 182 243 208 88 159 38 172 27 154 48 135 118 190 251 247 238 187 250 55 180 8 201 183 43 104 7 146 83 214 156 143 53 160 131 33 24 191 174 5 101 220 158 14 196 193 105 41 21 225 148 31 124 248 110 151 75 95 229 254 178 245 217 231 50 119 165 209 19 30 204 107 127 147 122 116 73 170 111 152 42 47 11 60 216 128 64 89 90 26 78 102 253 218 150 
	Fitness: 51850434
	Fitness BL: 44836792

Generacion 46
	Solucion: 139 141 177 82 16 145 166 34 67 240 29 85 3 234 167 98 194 181 230 186 117 115 138 200 157 140 68 207 219 114 134 205 233 70 112 91 244 2 237 35 39 108 22 56 198 179 162 222 99 137 18 133 136 223 80 32 185 76 236 121 126 169 62 144 109 224 132 168 57 221 213 71 58 46 249 188 36 210 20 232 44 235 242 66 9 74 155 1 175 199 164 192 61 130 189 239 84 65 28 4 63 77 211 142 54 103 153 87 94 10 163 45 125 123 69 59 171 72 79 25 246 129 106 15 215 17 252 206 86 52 49 173 226 96 197 228 149 120 81 92 13 184 195 212 202 227 176 51 255 100 113 23 93 241 6 161 97 0 37 40 12 203 182 243 208 88 159 38 172 27 154 48 135 118 190 251 247 238 187 250 55 180 8 201 183 43 104 7 146 83 214 156 143 53 160 131 33 24 191 174 5 101 220 158 14 196 193 105 41 21 225 148 31 124 248 110 151 75 95 229 254 178 245 217 231 50 119 165 209 19 30 204 107 127 147 122 116 73 170 111 152 42 47 11 60 216 128 64 89 90 26 78 102 253 218 150 
	Fitness: 51850434
	Fitness BL: 44836792

Generacion 47
	Solucion: 139 141 177 82 16 145 166 34 67 240 29 85 3 234 167 98 194 181 230 186 117 115 138 200 157 140 68 207 219 114 134 205 233 70 112 91 244 2 237 35 39 108 22 56 198 179 162 222 99 137 18 133 136 223 80 32 185 76 236 121 126 169 62 144 109 224 132 168 57 221 213 71 58 46 249 188 36 210 20 232 44 235 242 66 9 74 155 1 175 199 164 192 61 130 189 239 84 65 28 4 63 77 211 142 54 103 153 87 94 10 163 45 125 123 69 59 171 72 79 25 246 129 106 15 215 17 252 206 86 52 49 173 226 96 197 228 149 120 81 92 13 184 195 212 202 227 176 51 255 100 113 23 93 241 6 161 97 0 37 40 12 203 182 243 208 88 159 38 172 27 154 48 135 118 190 251 247 238 187 250 55 180 8 201 183 43 104 7 146 83 214 156 143 53 160 131 33 24 191 174 5 101 220 158 14 196 193 105 41 21 225 148 31 124 248 110 151 75 95 229 254 178 245 217 231 50 119 165 209 19 30 204 107 127 147 122 116 73 170 111 152 42 47 11 60 216 128 64 89 90 26 78 102 253 218 150 
	Fitness: 51850434
	Fitness BL: 44836792

Generacion 48
	Solucion: 139 141 177 82 16 145 166 34 67 240 29 85 3 234 167 98 194 181 230 186 117 115 138 200 157 140 68 207 219 114 134 205 233 70 112 91 244 2 237 35 39 108 22 56 198 179 162 222 99 137 18 133 136 223 80 32 185 76 236 121 126 169 62 144 109 224 132 168 57 221 213 71 58 46 249 188 36 210 20 232 44 235 242 66 9 74 155 1 175 199 164 192 61 130 189 239 84 65 28 4 63 77 211 142 54 103 153 87 94 10 163 45 125 123 69 59 171 72 79 25 246 129 106 15 215 17 252 206 86 52 49 173 226 96 197 228 149 120 81 92 13 184 195 212 202 227 176 51 255 100 113 23 93 241 6 161 97 0 37 40 12 203 182 243 208 88 159 38 172 27 154 48 135 118 190 251 247 238 187 250 55 180 8 201 183 43 104 7 146 83 214 156 143 53 160 131 33 24 191 174 5 101 220 158 14 196 193 105 41 21 225 148 31 124 248 110 151 75 95 229 254 178 245 217 231 50 119 165 209 19 30 204 107 127 147 122 116 73 170 111 152 42 47 11 60 216 128 64 89 90 26 78 102 253 218 150 
	Fitness: 51850434
	Fitness BL: 44836792

Generacion 49
	Solucion: 139 141 177 82 16 145 166 34 67 240 29 85 3 234 167 98 194 181 230 186 117 115 138 200 157 140 68 207 219 114 134 205 233 70 112 91 244 2 237 35 39 108 22 56 198 179 162 222 99 137 18 133 136 223 80 32 185 76 236 121 126 169 62 144 109 224 132 168 57 221 213 71 58 46 249 188 36 210 20 232 44 235 242 66 9 74 155 1 175 199 164 192 61 130 189 239 84 65 28 4 63 77 211 142 54 103 153 87 94 10 163 45 125 123 69 59 171 72 79 25 246 129 106 15 215 17 252 206 86 52 49 173 226 96 197 228 149 120 81 92 13 184 195 212 202 227 176 51 255 100 113 23 93 241 6 161 97 0 37 40 12 203 182 243 208 88 159 38 172 27 154 48 135 118 190 251 247 238 187 250 55 180 8 201 183 43 104 7 146 83 214 156 143 53 160 131 33 24 191 174 5 101 220 158 14 196 193 105 41 21 225 148 31 124 248 110 151 75 95 229 254 178 245 217 231 50 119 165 209 19 30 204 107 127 147 122 116 73 170 111 152 42 47 11 60 216 128 64 89 90 26 78 102 253 218 150 
	Fitness: 51850434
	Fitness BL: 44836792

Generacion 50
	Solucion: 139 141 177 82 16 145 166 34 67 240 29 85 3 234 167 98 194 181 230 186 117 115 138 200 157 140 68 207 219 114 134 205 233 70 112 91 244 2 237 35 39 108 22 56 198 179 162 222 99 137 18 133 136 223 80 32 185 76 236 121 126 169 62 144 109 224 132 168 57 221 213 71 58 46 249 188 36 210 20 232 44 235 242 66 9 74 155 1 175 199 164 192 61 130 189 239 84 65 28 4 63 77 211 142 54 103 153 87 94 10 163 45 125 123 69 59 171 72 79 25 246 129 106 15 215 17 252 206 86 52 49 173 226 96 197 228 149 120 81 92 13 184 195 212 202 227 176 51 255 100 113 23 93 241 6 161 97 0 37 40 12 203 182 243 208 88 159 38 172 27 154 48 135 118 190 251 247 238 187 250 55 180 8 201 183 43 104 7 146 83 214 156 143 53 160 131 33 24 191 174 5 101 220 158 14 196 193 105 41 21 225 148 31 124 248 110 151 75 95 229 254 178 245 217 231 50 119 165 209 19 30 204 107 127 147 122 116 73 170 111 152 42 47 11 60 216 128 64 89 90 26 78 102 253 218 150 
	Fitness: 51850434
	Fitness BL: 44836792

Generacion 51
	Solucion: 139 141 177 82 16 145 166 34 67 240 29 85 3 234 167 98 194 181 230 186 117 115 138 200 157 140 68 207 219 114 134 205 233 70 112 91 244 2 237 35 39 108 22 56 198 179 162 222 99 137 18 133 136 223 80 32 185 76 236 121 126 169 62 144 109 224 132 168 57 221 213 71 58 46 249 188 36 210 20 232 44 235 242 66 9 74 155 1 175 199 164 192 61 130 189 239 84 65 28 4 63 77 211 142 54 103 153 87 94 10 163 45 125 123 69 59 171 72 79 25 246 129 106 15 215 17 252 206 86 52 49 173 226 96 197 228 149 120 81 92 13 184 195 212 202 227 176 51 255 100 113 23 93 241 6 161 97 0 37 40 12 203 182 243 208 88 159 38 172 27 154 48 135 118 190 251 247 238 187 250 55 180 8 201 183 43 104 7 146 83 214 156 143 53 160 131 33 24 191 174 5 101 220 158 14 196 193 105 41 21 225 148 31 124 248 110 151 75 95 229 254 178 245 217 231 50 119 165 209 19 30 204 107 127 147 122 116 73 170 111 152 42 47 11 60 216 128 64 89 90 26 78 102 253 218 150 
	Fitness: 51850434
	Fitness BL: 44836792

Generacion 52
	Solucion: 139 141 177 82 16 145 166 34 67 240 29 85 3 234 167 98 194 181 230 186 117 115 138 200 157 140 68 207 219 114 134 205 233 70 112 91 244 2 237 35 39 108 22 56 198 179 162 222 99 137 18 133 136 223 80 32 185 76 236 121 126 169 62 144 109 224 132 168 57 221 213 71 58 46 249 188 36 210 20 232 44 235 242 66 9 74 155 1 175 199 164 192 61 130 189 239 84 65 28 4 63 77 211 142 54 103 153 87 94 10 163 45 125 123 69 59 171 72 79 25 246 129 106 15 215 17 252 206 86 52 49 173 226 96 197 228 149 120 81 92 13 184 195 212 202 227 176 51 255 100 113 23 93 241 6 161 97 0 37 40 12 203 182 243 208 88 159 38 172 27 154 48 135 118 190 251 247 238 187 250 55 180 8 201 183 43 104 7 146 83 214 156 143 53 160 131 33 24 191 174 5 101 220 158 14 196 193 105 41 21 225 148 31 124 248 110 151 75 95 229 254 178 245 217 231 50 119 165 209 19 30 204 107 127 147 122 116 73 170 111 152 42 47 11 60 216 128 64 89 90 26 78 102 253 218 150 
	Fitness: 51850434
	Fitness BL: 44836792

Generacion 53
	Solucion: 139 141 177 82 16 145 166 34 67 240 29 85 3 234 167 98 194 181 230 186 117 115 138 200 157 140 68 207 219 114 134 205 233 70 112 91 244 2 237 35 39 108 22 56 198 179 162 222 99 137 18 133 136 223 80 32 185 76 236 121 126 169 62 144 109 224 132 168 57 221 213 71 58 46 249 188 36 210 20 232 44 235 242 66 9 74 155 1 175 199 164 192 61 130 189 239 84 65 28 4 63 77 211 142 54 103 153 87 94 10 163 45 125 123 69 59 171 72 79 25 246 129 106 15 215 17 252 206 86 52 49 173 226 96 197 228 149 120 81 92 13 184 195 212 202 227 176 51 255 100 113 23 93 241 6 161 97 0 37 40 12 203 182 243 208 88 159 38 172 27 154 48 135 118 190 251 247 238 187 250 55 180 8 201 183 43 104 7 146 83 214 156 143 53 160 131 33 24 191 174 5 101 220 158 14 196 193 105 41 21 225 148 31 124 248 110 151 75 95 229 254 178 245 217 231 50 119 165 209 19 30 204 107 127 147 122 116 73 170 111 152 42 47 11 60 216 128 64 89 90 26 78 102 253 218 150 
	Fitness: 51850434
	Fitness BL: 44836792

Generacion 54
	Solucion: 139 141 177 82 16 145 166 34 67 240 29 85 3 234 167 98 194 181 230 186 117 115 138 200 157 140 68 207 219 114 134 205 233 70 112 91 244 2 237 35 39 108 22 56 198 179 162 222 99 137 18 133 136 223 80 32 185 76 236 121 126 169 62 144 109 224 132 168 57 221 213 71 58 46 249 188 36 210 20 232 44 235 242 66 9 74 155 1 175 199 164 192 61 130 189 239 84 65 28 4 63 77 211 142 54 103 153 87 94 10 163 45 125 123 69 59 171 72 79 25 246 129 106 15 215 17 252 206 86 52 49 173 226 96 197 228 149 120 81 92 13 184 195 212 202 227 176 51 255 100 113 23 93 241 6 161 97 0 37 40 12 203 182 243 208 88 159 38 172 27 154 48 135 118 190 251 247 238 187 250 55 180 8 201 183 43 104 7 146 83 214 156 143 53 160 131 33 24 191 174 5 101 220 158 14 196 193 105 41 21 225 148 31 124 248 110 151 75 95 229 254 178 245 217 231 50 119 165 209 19 30 204 107 127 147 122 116 73 170 111 152 42 47 11 60 216 128 64 89 90 26 78 102 253 218 150 
	Fitness: 51850434
	Fitness BL: 44836792

Generacion 55
	Solucion: 139 141 177 82 16 145 166 34 67 240 29 85 3 234 167 98 194 181 230 186 117 115 138 200 157 140 68 207 219 114 134 205 233 70 112 91 244 2 237 35 39 108 22 56 198 179 162 222 99 137 18 133 136 223 80 32 185 76 236 121 126 169 62 144 109 224 132 168 57 221 213 71 58 46 249 188 36 210 20 232 44 235 242 66 9 74 155 1 175 199 164 192 61 130 189 239 84 65 28 4 63 77 211 142 54 103 153 87 94 10 163 45 125 123 69 59 171 72 79 25 246 129 106 15 215 17 252 206 86 52 49 173 226 96 197 228 149 120 81 92 13 184 195 212 202 227 176 51 255 100 113 23 93 241 6 161 97 0 37 40 12 203 182 243 208 88 159 38 172 27 154 48 135 118 190 251 247 238 187 250 55 180 8 201 183 43 104 7 146 83 214 156 143 53 160 131 33 24 191 174 5 101 220 158 14 196 193 105 41 21 225 148 31 124 248 110 151 75 95 229 254 178 245 217 231 50 119 165 209 19 30 204 107 127 147 122 116 73 170 111 152 42 47 11 60 216 128 64 89 90 26 78 102 253 218 150 
	Fitness: 51850434
	Fitness BL: 44836792

Generacion 56
	Solucion: 139 141 177 82 16 145 166 34 67 240 29 85 3 234 167 98 194 181 230 186 117 115 138 200 157 140 68 207 219 114 134 205 233 70 112 91 244 2 237 35 39 108 22 56 198 179 162 222 99 137 18 133 136 223 80 32 185 76 236 121 126 169 62 144 109 224 132 168 57 221 213 71 58 46 249 188 36 210 20 232 44 235 242 66 9 74 155 1 175 199 164 192 61 130 189 239 84 65 28 4 63 77 211 142 54 103 153 87 94 10 163 45 125 123 69 59 171 72 79 25 246 129 106 15 215 17 252 206 86 52 49 173 226 96 197 228 149 120 81 92 13 184 195 212 202 227 176 51 255 100 113 23 93 241 6 161 97 0 37 40 12 203 182 243 208 88 159 38 172 27 154 48 135 118 190 251 247 238 187 250 55 180 8 201 183 43 104 7 146 83 214 156 143 53 160 131 33 24 191 174 5 101 220 158 14 196 193 105 41 21 225 148 31 124 248 110 151 75 95 229 254 178 245 217 231 50 119 165 209 19 30 204 107 127 147 122 116 73 170 111 152 42 47 11 60 216 128 64 89 90 26 78 102 253 218 150 
	Fitness: 51850434
	Fitness BL: 44836792

Generacion 57
	Solucion: 139 141 177 82 16 145 166 34 67 240 29 85 3 234 167 98 194 181 230 186 117 115 138 200 157 140 68 207 219 114 134 205 233 70 112 91 244 2 237 35 39 108 22 56 198 179 162 222 99 137 18 133 136 223 80 32 185 76 236 121 126 169 62 144 109 224 132 168 57 221 213 71 58 46 249 188 36 210 20 232 44 235 242 66 9 74 155 1 175 199 164 192 61 130 189 239 84 65 28 4 63 77 211 142 54 103 153 87 94 10 163 45 125 123 69 59 171 72 79 25 246 129 106 15 215 17 252 206 86 52 49 173 226 96 197 228 149 120 81 92 13 184 195 212 202 227 176 51 255 100 113 23 93 241 6 161 97 0 37 40 12 203 182 243 208 88 159 38 172 27 154 48 135 118 190 251 247 238 187 250 55 180 8 201 183 43 104 7 146 83 214 156 143 53 160 131 33 24 191 174 5 101 220 158 14 196 193 105 41 21 225 148 31 124 248 110 151 75 95 229 254 178 245 217 231 50 119 165 209 19 30 204 107 127 147 122 116 73 170 111 152 42 47 11 60 216 128 64 89 90 26 78 102 253 218 150 
	Fitness: 51850434
	Fitness BL: 44836792

Generacion 58
	Solucion: 139 141 177 82 16 145 166 34 67 240 29 85 3 234 167 98 194 181 230 186 117 115 138 200 157 140 68 207 219 114 134 205 233 70 112 91 244 2 237 35 39 108 22 56 198 179 162 222 99 137 18 133 136 223 80 32 185 76 236 121 126 169 62 144 109 224 132 168 57 221 213 71 58 46 249 188 36 210 20 232 44 235 242 66 9 74 155 1 175 199 164 192 61 130 189 239 84 65 28 4 63 77 211 142 54 103 153 87 94 10 163 45 125 123 69 59 171 72 79 25 246 129 106 15 215 17 252 206 86 52 49 173 226 96 197 228 149 120 81 92 13 184 195 212 202 227 176 51 255 100 113 23 93 241 6 161 97 0 37 40 12 203 182 243 208 88 159 38 172 27 154 48 135 118 190 251 247 238 187 250 55 180 8 201 183 43 104 7 146 83 214 156 143 53 160 131 33 24 191 174 5 101 220 158 14 196 193 105 41 21 225 148 31 124 248 110 151 75 95 229 254 178 245 217 231 50 119 165 209 19 30 204 107 127 147 122 116 73 170 111 152 42 47 11 60 216 128 64 89 90 26 78 102 253 218 150 
	Fitness: 51850434
	Fitness BL: 44836792

Generacion 59
	Solucion: 139 141 177 82 16 145 166 34 67 240 29 85 3 234 167 98 194 181 230 186 117 115 138 200 157 140 68 207 219 114 134 205 233 70 112 91 244 2 237 35 39 108 22 56 198 179 162 222 99 137 18 133 136 223 80 32 185 76 236 121 126 169 62 144 109 224 132 168 57 221 213 71 58 46 249 188 36 210 20 232 44 235 242 66 9 74 155 1 175 199 164 192 61 130 189 239 84 65 28 4 63 77 211 142 54 103 153 87 94 10 163 45 125 123 69 59 171 72 79 25 246 129 106 15 215 17 252 206 86 52 49 173 226 96 197 228 149 120 81 92 13 184 195 212 202 227 176 51 255 100 113 23 93 241 6 161 97 0 37 40 12 203 182 243 208 88 159 38 172 27 154 48 135 118 190 251 247 238 187 250 55 180 8 201 183 43 104 7 146 83 214 156 143 53 160 131 33 24 191 174 5 101 220 158 14 196 193 105 41 21 225 148 31 124 248 110 151 75 95 229 254 178 245 217 231 50 119 165 209 19 30 204 107 127 147 122 116 73 170 111 152 42 47 11 60 216 128 64 89 90 26 78 102 253 218 150 
	Fitness: 51850434
	Fitness BL: 44836792

Generacion 60
	Solucion: 139 141 177 82 16 145 166 34 67 240 29 85 3 234 167 98 194 181 230 186 117 115 138 200 157 140 68 207 219 114 134 205 233 70 112 91 244 2 237 35 39 108 22 56 198 179 162 222 99 137 18 133 136 223 80 32 185 76 236 121 126 169 62 144 109 224 132 168 57 221 213 71 58 46 249 188 36 210 20 232 44 235 242 66 9 74 155 1 175 199 164 192 61 130 189 239 84 65 28 4 63 77 211 142 54 103 153 87 94 10 163 45 125 123 69 59 171 72 79 25 246 129 106 15 215 17 252 206 86 52 49 173 226 96 197 228 149 120 81 92 13 184 195 212 202 227 176 51 255 100 113 23 93 241 6 161 97 0 37 40 12 203 182 243 208 88 159 38 172 27 154 48 135 118 190 251 247 238 187 250 55 180 8 201 183 43 104 7 146 83 214 156 143 53 160 131 33 24 191 174 5 101 220 158 14 196 193 105 41 21 225 148 31 124 248 110 151 75 95 229 254 178 245 217 231 50 119 165 209 19 30 204 107 127 147 122 116 73 170 111 152 42 47 11 60 216 128 64 89 90 26 78 102 253 218 150 
	Fitness: 51850434
	Fitness BL: 44836792

Generacion 61
	Solucion: 139 141 177 82 16 145 166 34 67 240 29 85 3 234 167 98 194 181 230 186 117 115 138 200 157 140 68 207 219 114 134 205 233 70 112 91 244 2 237 35 39 108 22 56 198 179 162 222 99 137 18 133 136 223 80 32 185 76 236 121 126 169 62 144 109 224 132 168 57 221 213 71 58 46 249 188 36 210 20 232 44 235 242 66 9 74 155 1 175 199 164 192 61 130 189 239 84 65 28 4 63 77 211 142 54 103 153 87 94 10 163 45 125 123 69 59 171 72 79 25 246 129 106 15 215 17 252 206 86 52 49 173 226 96 197 228 149 120 81 92 13 184 195 212 202 227 176 51 255 100 113 23 93 241 6 161 97 0 37 40 12 203 182 243 208 88 159 38 172 27 154 48 135 118 190 251 247 238 187 250 55 180 8 201 183 43 104 7 146 83 214 156 143 53 160 131 33 24 191 174 5 101 220 158 14 196 193 105 41 21 225 148 31 124 248 110 151 75 95 229 254 178 245 217 231 50 119 165 209 19 30 204 107 127 147 122 116 73 170 111 152 42 47 11 60 216 128 64 89 90 26 78 102 253 218 150 
	Fitness: 51850434
	Fitness BL: 44836792

Generacion 62
	Solucion: 139 141 177 82 16 145 166 34 67 240 29 85 3 234 167 98 194 181 230 186 117 115 138 200 157 140 68 207 219 114 134 205 233 70 112 91 244 2 237 35 39 108 22 56 198 179 162 222 99 137 18 133 136 223 80 32 185 76 236 121 126 169 62 144 109 224 132 168 57 221 213 71 58 46 249 188 36 210 20 232 44 235 242 66 9 74 155 1 175 199 164 192 61 130 189 239 84 65 28 4 63 77 211 142 54 103 153 87 94 10 163 45 125 123 69 59 171 72 79 25 246 129 106 15 215 17 252 206 86 52 49 173 226 96 197 228 149 120 81 92 13 184 195 212 202 227 176 51 255 100 113 23 93 241 6 161 97 0 37 40 12 203 182 243 208 88 159 38 172 27 154 48 135 118 190 251 247 238 187 250 55 180 8 201 183 43 104 7 146 83 214 156 143 53 160 131 33 24 191 174 5 101 220 158 14 196 193 105 41 21 225 148 31 124 248 110 151 75 95 229 254 178 245 217 231 50 119 165 209 19 30 204 107 127 147 122 116 73 170 111 152 42 47 11 60 216 128 64 89 90 26 78 102 253 218 150 
	Fitness: 51850434
	Fitness BL: 44836792

Generacion 63
	Solucion: 139 141 177 82 16 145 166 34 67 240 29 85 3 234 167 98 194 181 230 186 117 115 138 200 157 140 68 207 219 114 134 205 233 70 112 91 244 2 237 35 39 108 22 56 198 179 162 222 99 137 18 133 136 223 80 32 185 76 236 121 126 169 62 144 109 224 132 168 57 221 213 71 58 46 249 188 36 210 20 232 44 235 242 66 9 74 155 1 175 199 164 192 61 130 189 239 84 65 28 4 63 77 211 142 54 103 153 87 94 10 163 45 125 123 69 59 171 72 79 25 246 129 106 15 215 17 252 206 86 52 49 173 226 96 197 228 149 120 81 92 13 184 195 212 202 227 176 51 255 100 113 23 93 241 6 161 97 0 37 40 12 203 182 243 208 88 159 38 172 27 154 48 135 118 190 251 247 238 187 250 55 180 8 201 183 43 104 7 146 83 214 156 143 53 160 131 33 24 191 174 5 101 220 158 14 196 193 105 41 21 225 148 31 124 248 110 151 75 95 229 254 178 245 217 231 50 119 165 209 19 30 204 107 127 147 122 116 73 170 111 152 42 47 11 60 216 128 64 89 90 26 78 102 253 218 150 
	Fitness: 51850434
	Fitness BL: 44836792

Generacion 64
	Solucion: 139 141 177 82 16 145 166 34 67 240 29 85 3 234 167 98 194 181 230 186 117 115 138 200 157 140 68 207 219 114 134 205 233 70 112 91 244 2 237 35 39 108 22 56 198 179 162 222 99 137 18 133 136 223 80 32 185 76 236 121 126 169 62 144 109 224 132 168 57 221 213 71 58 46 249 188 36 210 20 232 44 235 242 66 9 74 155 1 175 199 164 192 61 130 189 239 84 65 28 4 63 77 211 142 54 103 153 87 94 10 163 45 125 123 69 59 171 72 79 25 246 129 106 15 215 17 252 206 86 52 49 173 226 96 197 228 149 120 81 92 13 184 195 212 202 227 176 51 255 100 113 23 93 241 6 161 97 0 37 40 12 203 182 243 208 88 159 38 172 27 154 48 135 118 190 251 247 238 187 250 55 180 8 201 183 43 104 7 146 83 214 156 143 53 160 131 33 24 191 174 5 101 220 158 14 196 193 105 41 21 225 148 31 124 248 110 151 75 95 229 254 178 245 217 231 50 119 165 209 19 30 204 107 127 147 122 116 73 170 111 152 42 47 11 60 216 128 64 89 90 26 78 102 253 218 150 
	Fitness: 51850434
	Fitness BL: 44836792

Generacion 65
	Solucion: 139 141 177 82 16 145 166 34 67 240 29 85 3 234 167 98 194 181 230 186 117 115 138 200 157 140 68 207 219 114 134 205 233 70 112 91 244 2 237 35 39 108 22 56 198 179 162 222 99 137 18 133 136 223 80 32 185 76 236 121 126 169 62 144 109 224 132 168 57 221 213 71 58 46 249 188 36 210 20 232 44 235 242 66 9 74 155 1 175 199 164 192 61 130 189 239 84 65 28 4 63 77 211 142 54 103 153 87 94 10 163 45 125 123 69 59 171 72 79 25 246 129 106 15 215 17 252 206 86 52 49 173 226 96 197 228 149 120 81 92 13 184 195 212 202 227 176 51 255 100 113 23 93 241 6 161 97 0 37 40 12 203 182 243 208 88 159 38 172 27 154 48 135 118 190 251 247 238 187 250 55 180 8 201 183 43 104 7 146 83 214 156 143 53 160 131 33 24 191 174 5 101 220 158 14 196 193 105 41 21 225 148 31 124 248 110 151 75 95 229 254 178 245 217 231 50 119 165 209 19 30 204 107 127 147 122 116 73 170 111 152 42 47 11 60 216 128 64 89 90 26 78 102 253 218 150 
	Fitness: 51850434
	Fitness BL: 44836792

Generacion 66
	Solucion: 139 141 177 82 16 145 166 34 67 240 29 85 3 234 167 98 194 181 230 186 117 115 138 200 157 140 68 207 219 114 134 205 233 70 112 91 244 2 237 35 39 108 22 56 198 179 162 222 99 137 18 133 136 223 80 32 185 76 236 121 126 169 62 144 109 224 132 168 57 221 213 71 58 46 249 188 36 210 20 232 44 235 242 66 9 74 155 1 175 199 164 192 61 130 189 239 84 65 28 4 63 77 211 142 54 103 153 87 94 10 163 45 125 123 69 59 171 72 79 25 246 129 106 15 215 17 252 206 86 52 49 173 226 96 197 228 149 120 81 92 13 184 195 212 202 227 176 51 255 100 113 23 93 241 6 161 97 0 37 40 12 203 182 243 208 88 159 38 172 27 154 48 135 118 190 251 247 238 187 250 55 180 8 201 183 43 104 7 146 83 214 156 143 53 160 131 33 24 191 174 5 101 220 158 14 196 193 105 41 21 225 148 31 124 248 110 151 75 95 229 254 178 245 217 231 50 119 165 209 19 30 204 107 127 147 122 116 73 170 111 152 42 47 11 60 216 128 64 89 90 26 78 102 253 218 150 
	Fitness: 51850434
	Fitness BL: 44836792

Generacion 67
	Solucion: 139 141 177 82 16 145 166 34 67 240 29 85 3 234 167 98 194 181 230 186 117 115 138 200 157 140 68 207 219 114 134 205 233 70 112 91 244 2 237 35 39 108 22 56 198 179 162 222 99 137 18 133 136 223 80 32 185 76 236 121 126 169 62 144 109 224 132 168 57 221 213 71 58 46 249 188 36 210 20 232 44 235 242 66 9 74 155 1 175 199 164 192 61 130 189 239 84 65 28 4 63 77 211 142 54 103 153 87 94 10 163 45 125 123 69 59 171 72 79 25 246 129 106 15 215 17 252 206 86 52 49 173 226 96 197 228 149 120 81 92 13 184 195 212 202 227 176 51 255 100 113 23 93 241 6 161 97 0 37 40 12 203 182 243 208 88 159 38 172 27 154 48 135 118 190 251 247 238 187 250 55 180 8 201 183 43 104 7 146 83 214 156 143 53 160 131 33 24 191 174 5 101 220 158 14 196 193 105 41 21 225 148 31 124 248 110 151 75 95 229 254 178 245 217 231 50 119 165 209 19 30 204 107 127 147 122 116 73 170 111 152 42 47 11 60 216 128 64 89 90 26 78 102 253 218 150 
	Fitness: 51850434
	Fitness BL: 44836792

Generacion 68
	Solucion: 139 141 177 82 16 145 166 34 67 240 29 85 3 234 167 98 194 181 230 186 117 115 138 200 157 140 68 207 219 114 134 205 233 70 112 91 244 2 237 35 39 108 22 56 198 179 162 222 99 137 18 133 136 223 80 32 185 76 236 121 126 169 62 144 109 224 132 168 57 221 213 71 58 46 249 188 36 210 20 232 44 235 242 66 9 74 155 1 175 199 164 192 61 130 189 239 84 65 28 4 63 77 211 142 54 103 153 87 94 10 163 45 125 123 69 59 171 72 79 25 246 129 106 15 215 17 252 206 86 52 49 173 226 96 197 228 149 120 81 92 13 184 195 212 202 227 176 51 255 100 113 23 93 241 6 161 97 0 37 40 12 203 182 243 208 88 159 38 172 27 154 48 135 118 190 251 247 238 187 250 55 180 8 201 183 43 104 7 146 83 214 156 143 53 160 131 33 24 191 174 5 101 220 158 14 196 193 105 41 21 225 148 31 124 248 110 151 75 95 229 254 178 245 217 231 50 119 165 209 19 30 204 107 127 147 122 116 73 170 111 152 42 47 11 60 216 128 64 89 90 26 78 102 253 218 150 
	Fitness: 51850434
	Fitness BL: 44836792

Generacion 69
	Solucion: 139 141 177 82 16 145 166 34 67 240 29 85 3 234 167 98 194 181 230 186 117 115 138 200 157 140 68 207 219 114 134 205 233 70 112 91 244 2 237 35 39 108 22 56 198 179 162 222 99 137 18 133 136 223 80 32 185 76 236 121 126 169 62 144 109 224 132 168 57 221 213 71 58 46 249 188 36 210 20 232 44 235 242 66 9 74 155 1 175 199 164 192 61 130 189 239 84 65 28 4 63 77 211 142 54 103 153 87 94 10 163 45 125 123 69 59 171 72 79 25 246 129 106 15 215 17 252 206 86 52 49 173 226 96 197 228 149 120 81 92 13 184 195 212 202 227 176 51 255 100 113 23 93 241 6 161 97 0 37 40 12 203 182 243 208 88 159 38 172 27 154 48 135 118 190 251 247 238 187 250 55 180 8 201 183 43 104 7 146 83 214 156 143 53 160 131 33 24 191 174 5 101 220 158 14 196 193 105 41 21 225 148 31 124 248 110 151 75 95 229 254 178 245 217 231 50 119 165 209 19 30 204 107 127 147 122 116 73 170 111 152 42 47 11 60 216 128 64 89 90 26 78 102 253 218 150 
	Fitness: 51850434
	Fitness BL: 44836792

Generacion 70
	Solucion: 139 141 177 82 16 145 166 34 67 240 29 85 3 234 167 98 194 181 230 186 117 115 138 200 157 140 68 207 219 114 134 205 233 70 112 91 244 2 237 35 39 108 22 56 198 179 162 222 99 137 18 133 136 223 80 32 185 76 236 121 126 169 62 144 109 224 132 168 57 221 213 71 58 46 249 188 36 210 20 232 44 235 242 66 9 74 155 1 175 199 164 192 61 130 189 239 84 65 28 4 63 77 211 142 54 103 153 87 94 10 163 45 125 123 69 59 171 72 79 25 246 129 106 15 215 17 252 206 86 52 49 173 226 96 197 228 149 120 81 92 13 184 195 212 202 227 176 51 255 100 113 23 93 241 6 161 97 0 37 40 12 203 182 243 208 88 159 38 172 27 154 48 135 118 190 251 247 238 187 250 55 180 8 201 183 43 104 7 146 83 214 156 143 53 160 131 33 24 191 174 5 101 220 158 14 196 193 105 41 21 225 148 31 124 248 110 151 75 95 229 254 178 245 217 231 50 119 165 209 19 30 204 107 127 147 122 116 73 170 111 152 42 47 11 60 216 128 64 89 90 26 78 102 253 218 150 
	Fitness: 51850434
	Fitness BL: 44836792

Generacion 71
	Solucion: 139 141 177 82 16 145 166 34 67 240 29 85 3 234 167 98 194 181 230 186 117 115 138 200 157 140 68 207 219 114 134 205 233 70 112 91 244 2 237 35 39 108 22 56 198 179 162 222 99 137 18 133 136 223 80 32 185 76 236 121 126 169 62 144 109 224 132 168 57 221 213 71 58 46 249 188 36 210 20 232 44 235 242 66 9 74 155 1 175 199 164 192 61 130 189 239 84 65 28 4 63 77 211 142 54 103 153 87 94 10 163 45 125 123 69 59 171 72 79 25 246 129 106 15 215 17 252 206 86 52 49 173 226 96 197 228 149 120 81 92 13 184 195 212 202 227 176 51 255 100 113 23 93 241 6 161 97 0 37 40 12 203 182 243 208 88 159 38 172 27 154 48 135 118 190 251 247 238 187 250 55 180 8 201 183 43 104 7 146 83 214 156 143 53 160 131 33 24 191 174 5 101 220 158 14 196 193 105 41 21 225 148 31 124 248 110 151 75 95 229 254 178 245 217 231 50 119 165 209 19 30 204 107 127 147 122 116 73 170 111 152 42 47 11 60 216 128 64 89 90 26 78 102 253 218 150 
	Fitness: 51850434
	Fitness BL: 44836792

Generacion 72
	Solucion: 139 141 177 82 16 145 166 34 67 240 29 85 3 234 167 98 194 181 230 186 117 115 138 200 157 140 68 207 219 114 134 205 233 70 112 91 244 2 237 35 39 108 22 56 198 179 162 222 99 137 18 133 136 223 80 32 185 76 236 121 126 169 62 144 109 224 132 168 57 221 213 71 58 46 249 188 36 210 20 232 44 235 242 66 9 74 155 1 175 199 164 192 61 130 189 239 84 65 28 4 63 77 211 142 54 103 153 87 94 10 163 45 125 123 69 59 171 72 79 25 246 129 106 15 215 17 252 206 86 52 49 173 226 96 197 228 149 120 81 92 13 184 195 212 202 227 176 51 255 100 113 23 93 241 6 161 97 0 37 40 12 203 182 243 208 88 159 38 172 27 154 48 135 118 190 251 247 238 187 250 55 180 8 201 183 43 104 7 146 83 214 156 143 53 160 131 33 24 191 174 5 101 220 158 14 196 193 105 41 21 225 148 31 124 248 110 151 75 95 229 254 178 245 217 231 50 119 165 209 19 30 204 107 127 147 122 116 73 170 111 152 42 47 11 60 216 128 64 89 90 26 78 102 253 218 150 
	Fitness: 51850434
	Fitness BL: 44836792

Generacion 73
	Solucion: 139 141 177 82 16 145 166 34 67 240 29 85 3 234 167 98 194 181 230 186 117 115 138 200 157 140 68 207 219 114 134 205 233 70 112 91 244 2 237 35 39 108 22 56 198 179 162 222 99 137 18 133 136 223 80 32 185 76 236 121 126 169 62 144 109 224 132 168 57 221 213 71 58 46 249 188 36 210 20 232 44 235 242 66 9 74 155 1 175 199 164 192 61 130 189 239 84 65 28 4 63 77 211 142 54 103 153 87 94 10 163 45 125 123 69 59 171 72 79 25 246 129 106 15 215 17 252 206 86 52 49 173 226 96 197 228 149 120 81 92 13 184 195 212 202 227 176 51 255 100 113 23 93 241 6 161 97 0 37 40 12 203 182 243 208 88 159 38 172 27 154 48 135 118 190 251 247 238 187 250 55 180 8 201 183 43 104 7 146 83 214 156 143 53 160 131 33 24 191 174 5 101 220 158 14 196 193 105 41 21 225 148 31 124 248 110 151 75 95 229 254 178 245 217 231 50 119 165 209 19 30 204 107 127 147 122 116 73 170 111 152 42 47 11 60 216 128 64 89 90 26 78 102 253 218 150 
	Fitness: 51850434
	Fitness BL: 44836792

Generacion 74
	Solucion: 139 141 177 82 16 145 166 34 67 240 29 85 3 234 167 98 194 181 230 186 117 115 138 200 157 140 68 207 219 114 134 205 233 70 112 91 244 2 237 35 39 108 22 56 198 179 162 222 99 137 18 133 136 223 80 32 185 76 236 121 126 169 62 144 109 224 132 168 57 221 213 71 58 46 249 188 36 210 20 232 44 235 242 66 9 74 155 1 175 199 164 192 61 130 189 239 84 65 28 4 63 77 211 142 54 103 153 87 94 10 163 45 125 123 69 59 171 72 79 25 246 129 106 15 215 17 252 206 86 52 49 173 226 96 197 228 149 120 81 92 13 184 195 212 202 227 176 51 255 100 113 23 93 241 6 161 97 0 37 40 12 203 182 243 208 88 159 38 172 27 154 48 135 118 190 251 247 238 187 250 55 180 8 201 183 43 104 7 146 83 214 156 143 53 160 131 33 24 191 174 5 101 220 158 14 196 193 105 41 21 225 148 31 124 248 110 151 75 95 229 254 178 245 217 231 50 119 165 209 19 30 204 107 127 147 122 116 73 170 111 152 42 47 11 60 216 128 64 89 90 26 78 102 253 218 150 
	Fitness: 51850434
	Fitness BL: 44836792

Generacion 75
	Solucion: 139 141 177 82 16 145 166 34 67 240 29 85 3 234 167 98 194 181 230 186 117 115 138 200 157 140 68 207 219 114 134 205 233 70 112 91 244 2 237 35 39 108 22 56 198 179 162 222 99 137 18 133 136 223 80 32 185 76 236 121 126 169 62 144 109 224 132 168 57 221 213 71 58 46 249 188 36 210 20 232 44 235 242 66 9 74 155 1 175 199 164 192 61 130 189 239 84 65 28 4 63 77 211 142 54 103 153 87 94 10 163 45 125 123 69 59 171 72 79 25 246 129 106 15 215 17 252 206 86 52 49 173 226 96 197 228 149 120 81 92 13 184 195 212 202 227 176 51 255 100 113 23 93 241 6 161 97 0 37 40 12 203 182 243 208 88 159 38 172 27 154 48 135 118 190 251 247 238 187 250 55 180 8 201 183 43 104 7 146 83 214 156 143 53 160 131 33 24 191 174 5 101 220 158 14 196 193 105 41 21 225 148 31 124 248 110 151 75 95 229 254 178 245 217 231 50 119 165 209 19 30 204 107 127 147 122 116 73 170 111 152 42 47 11 60 216 128 64 89 90 26 78 102 253 218 150 
	Fitness: 51850434
	Fitness BL: 44836792

Generacion 76
	Solucion: 139 141 177 82 16 145 166 34 67 240 29 85 3 234 167 98 194 181 230 186 117 115 138 200 157 140 68 207 219 114 134 205 233 70 112 91 244 2 237 35 39 108 22 56 198 179 162 222 99 137 18 133 136 223 80 32 185 76 236 121 126 169 62 144 109 224 132 168 57 221 213 71 58 46 249 188 36 210 20 232 44 235 242 66 9 74 155 1 175 199 164 192 61 130 189 239 84 65 28 4 63 77 211 142 54 103 153 87 94 10 163 45 125 123 69 59 171 72 79 25 246 129 106 15 215 17 252 206 86 52 49 173 226 96 197 228 149 120 81 92 13 184 195 212 202 227 176 51 255 100 113 23 93 241 6 161 97 0 37 40 12 203 182 243 208 88 159 38 172 27 154 48 135 118 190 251 247 238 187 250 55 180 8 201 183 43 104 7 146 83 214 156 143 53 160 131 33 24 191 174 5 101 220 158 14 196 193 105 41 21 225 148 31 124 248 110 151 75 95 229 254 178 245 217 231 50 119 165 209 19 30 204 107 127 147 122 116 73 170 111 152 42 47 11 60 216 128 64 89 90 26 78 102 253 218 150 
	Fitness: 51850434
	Fitness BL: 44836792

Generacion 77
	Solucion: 139 141 177 82 16 145 166 34 67 240 29 85 3 234 167 98 194 181 230 186 117 115 138 200 157 140 68 207 219 114 134 205 233 70 112 91 244 2 237 35 39 108 22 56 198 179 162 222 99 137 18 133 136 223 80 32 185 76 236 121 126 169 62 144 109 224 132 168 57 221 213 71 58 46 249 188 36 210 20 232 44 235 242 66 9 74 155 1 175 199 164 192 61 130 189 239 84 65 28 4 63 77 211 142 54 103 153 87 94 10 163 45 125 123 69 59 171 72 79 25 246 129 106 15 215 17 252 206 86 52 49 173 226 96 197 228 149 120 81 92 13 184 195 212 202 227 176 51 255 100 113 23 93 241 6 161 97 0 37 40 12 203 182 243 208 88 159 38 172 27 154 48 135 118 190 251 247 238 187 250 55 180 8 201 183 43 104 7 146 83 214 156 143 53 160 131 33 24 191 174 5 101 220 158 14 196 193 105 41 21 225 148 31 124 248 110 151 75 95 229 254 178 245 217 231 50 119 165 209 19 30 204 107 127 147 122 116 73 170 111 152 42 47 11 60 216 128 64 89 90 26 78 102 253 218 150 
	Fitness: 51850434
	Fitness BL: 44836792

Generacion 78
	Solucion: 139 141 177 82 16 145 166 34 67 240 29 85 3 234 167 98 194 181 230 186 117 115 138 200 157 140 68 207 219 114 134 205 233 70 112 91 244 2 237 35 39 108 22 56 198 179 162 222 99 137 18 133 136 223 80 32 185 76 236 121 126 169 62 144 109 224 132 168 57 221 213 71 58 46 249 188 36 210 20 232 44 235 242 66 9 74 155 1 175 199 164 192 61 130 189 239 84 65 28 4 63 77 211 142 54 103 153 87 94 10 163 45 125 123 69 59 171 72 79 25 246 129 106 15 215 17 252 206 86 52 49 173 226 96 197 228 149 120 81 92 13 184 195 212 202 227 176 51 255 100 113 23 93 241 6 161 97 0 37 40 12 203 182 243 208 88 159 38 172 27 154 48 135 118 190 251 247 238 187 250 55 180 8 201 183 43 104 7 146 83 214 156 143 53 160 131 33 24 191 174 5 101 220 158 14 196 193 105 41 21 225 148 31 124 248 110 151 75 95 229 254 178 245 217 231 50 119 165 209 19 30 204 107 127 147 122 116 73 170 111 152 42 47 11 60 216 128 64 89 90 26 78 102 253 218 150 
	Fitness: 51850434
	Fitness BL: 44836792

Generacion 79
	Solucion: 139 141 177 82 16 145 166 34 67 240 29 85 3 234 167 98 194 181 230 186 117 115 138 200 157 140 68 207 219 114 134 205 233 70 112 91 244 2 237 35 39 108 22 56 198 179 162 222 99 137 18 133 136 223 80 32 185 76 236 121 126 169 62 144 109 224 132 168 57 221 213 71 58 46 249 188 36 210 20 232 44 235 242 66 9 74 155 1 175 199 164 192 61 130 189 239 84 65 28 4 63 77 211 142 54 103 153 87 94 10 163 45 125 123 69 59 171 72 79 25 246 129 106 15 215 17 252 206 86 52 49 173 226 96 197 228 149 120 81 92 13 184 195 212 202 227 176 51 255 100 113 23 93 241 6 161 97 0 37 40 12 203 182 243 208 88 159 38 172 27 154 48 135 118 190 251 247 238 187 250 55 180 8 201 183 43 104 7 146 83 214 156 143 53 160 131 33 24 191 174 5 101 220 158 14 196 193 105 41 21 225 148 31 124 248 110 151 75 95 229 254 178 245 217 231 50 119 165 209 19 30 204 107 127 147 122 116 73 170 111 152 42 47 11 60 216 128 64 89 90 26 78 102 253 218 150 
	Fitness: 51850434
	Fitness BL: 44836792

Generacion 80
	Solucion: 139 141 177 82 16 145 166 34 67 240 29 85 3 234 167 98 194 181 230 186 117 115 138 200 157 140 68 207 219 114 134 205 233 70 112 91 244 2 237 35 39 108 22 56 198 179 162 222 99 137 18 133 136 223 80 32 185 76 236 121 126 169 62 144 109 224 132 168 57 221 213 71 58 46 249 188 36 210 20 232 44 235 242 66 9 74 155 1 175 199 164 192 61 130 189 239 84 65 28 4 63 77 211 142 54 103 153 87 94 10 163 45 125 123 69 59 171 72 79 25 246 129 106 15 215 17 252 206 86 52 49 173 226 96 197 228 149 120 81 92 13 184 195 212 202 227 176 51 255 100 113 23 93 241 6 161 97 0 37 40 12 203 182 243 208 88 159 38 172 27 154 48 135 118 190 251 247 238 187 250 55 180 8 201 183 43 104 7 146 83 214 156 143 53 160 131 33 24 191 174 5 101 220 158 14 196 193 105 41 21 225 148 31 124 248 110 151 75 95 229 254 178 245 217 231 50 119 165 209 19 30 204 107 127 147 122 116 73 170 111 152 42 47 11 60 216 128 64 89 90 26 78 102 253 218 150 
	Fitness: 51850434
	Fitness BL: 44836792

Generacion 81
	Solucion: 139 141 177 82 16 145 166 34 67 240 29 85 3 234 167 98 194 181 230 186 117 115 138 200 157 140 68 207 219 114 134 205 233 70 112 91 244 2 237 35 39 108 22 56 198 179 162 222 99 137 18 133 136 223 80 32 185 76 236 121 126 169 62 144 109 224 132 168 57 221 213 71 58 46 249 188 36 210 20 232 44 235 242 66 9 74 155 1 175 199 164 192 61 130 189 239 84 65 28 4 63 77 211 142 54 103 153 87 94 10 163 45 125 123 69 59 171 72 79 25 246 129 106 15 215 17 252 206 86 52 49 173 226 96 197 228 149 120 81 92 13 184 195 212 202 227 176 51 255 100 113 23 93 241 6 161 97 0 37 40 12 203 182 243 208 88 159 38 172 27 154 48 135 118 190 251 247 238 187 250 55 180 8 201 183 43 104 7 146 83 214 156 143 53 160 131 33 24 191 174 5 101 220 158 14 196 193 105 41 21 225 148 31 124 248 110 151 75 95 229 254 178 245 217 231 50 119 165 209 19 30 204 107 127 147 122 116 73 170 111 152 42 47 11 60 216 128 64 89 90 26 78 102 253 218 150 
	Fitness: 51850434
	Fitness BL: 44836792

Generacion 82
	Solucion: 139 141 177 82 16 145 166 34 67 240 29 85 3 234 167 98 194 181 230 186 117 115 138 200 157 140 68 207 219 114 134 205 233 70 112 91 244 2 237 35 39 108 22 56 198 179 162 222 99 137 18 133 136 223 80 32 185 76 236 121 126 169 62 144 109 224 132 168 57 221 213 71 58 46 249 188 36 210 20 232 44 235 242 66 9 74 155 1 175 199 164 192 61 130 189 239 84 65 28 4 63 77 211 142 54 103 153 87 94 10 163 45 125 123 69 59 171 72 79 25 246 129 106 15 215 17 252 206 86 52 49 173 226 96 197 228 149 120 81 92 13 184 195 212 202 227 176 51 255 100 113 23 93 241 6 161 97 0 37 40 12 203 182 243 208 88 159 38 172 27 154 48 135 118 190 251 247 238 187 250 55 180 8 201 183 43 104 7 146 83 214 156 143 53 160 131 33 24 191 174 5 101 220 158 14 196 193 105 41 21 225 148 31 124 248 110 151 75 95 229 254 178 245 217 231 50 119 165 209 19 30 204 107 127 147 122 116 73 170 111 152 42 47 11 60 216 128 64 89 90 26 78 102 253 218 150 
	Fitness: 51850434
	Fitness BL: 44836792

Generacion 83
	Solucion: 139 141 177 82 16 145 166 34 67 240 29 85 3 234 167 98 194 181 230 186 117 115 138 200 157 140 68 207 219 114 134 205 233 70 112 91 244 2 237 35 39 108 22 56 198 179 162 222 99 137 18 133 136 223 80 32 185 76 236 121 126 169 62 144 109 224 132 168 57 221 213 71 58 46 249 188 36 210 20 232 44 235 242 66 9 74 155 1 175 199 164 192 61 130 189 239 84 65 28 4 63 77 211 142 54 103 153 87 94 10 163 45 125 123 69 59 171 72 79 25 246 129 106 15 215 17 252 206 86 52 49 173 226 96 197 228 149 120 81 92 13 184 195 212 202 227 176 51 255 100 113 23 93 241 6 161 97 0 37 40 12 203 182 243 208 88 159 38 172 27 154 48 135 118 190 251 247 238 187 250 55 180 8 201 183 43 104 7 146 83 214 156 143 53 160 131 33 24 191 174 5 101 220 158 14 196 193 105 41 21 225 148 31 124 248 110 151 75 95 229 254 178 245 217 231 50 119 165 209 19 30 204 107 127 147 122 116 73 170 111 152 42 47 11 60 216 128 64 89 90 26 78 102 253 218 150 
	Fitness: 51850434
	Fitness BL: 44836792

Generacion 84
	Solucion: 139 141 177 82 16 145 166 34 67 240 29 85 3 234 167 98 194 181 230 186 117 115 138 200 157 140 68 207 219 114 134 205 233 70 112 91 244 2 237 35 39 108 22 56 198 179 162 222 99 137 18 133 136 223 80 32 185 76 236 121 126 169 62 144 109 224 132 168 57 221 213 71 58 46 249 188 36 210 20 232 44 235 242 66 9 74 155 1 175 199 164 192 61 130 189 239 84 65 28 4 63 77 211 142 54 103 153 87 94 10 163 45 125 123 69 59 171 72 79 25 246 129 106 15 215 17 252 206 86 52 49 173 226 96 197 228 149 120 81 92 13 184 195 212 202 227 176 51 255 100 113 23 93 241 6 161 97 0 37 40 12 203 182 243 208 88 159 38 172 27 154 48 135 118 190 251 247 238 187 250 55 180 8 201 183 43 104 7 146 83 214 156 143 53 160 131 33 24 191 174 5 101 220 158 14 196 193 105 41 21 225 148 31 124 248 110 151 75 95 229 254 178 245 217 231 50 119 165 209 19 30 204 107 127 147 122 116 73 170 111 152 42 47 11 60 216 128 64 89 90 26 78 102 253 218 150 
	Fitness: 51850434
	Fitness BL: 44836792

Generacion 85
	Solucion: 139 141 177 82 16 145 166 34 67 240 29 85 3 234 167 98 194 181 230 186 117 115 138 200 157 140 68 207 219 114 134 205 233 70 112 91 244 2 237 35 39 108 22 56 198 179 162 222 99 137 18 133 136 223 80 32 185 76 236 121 126 169 62 144 109 224 132 168 57 221 213 71 58 46 249 188 36 210 20 232 44 235 242 66 9 74 155 1 175 199 164 192 61 130 189 239 84 65 28 4 63 77 211 142 54 103 153 87 94 10 163 45 125 123 69 59 171 72 79 25 246 129 106 15 215 17 252 206 86 52 49 173 226 96 197 228 149 120 81 92 13 184 195 212 202 227 176 51 255 100 113 23 93 241 6 161 97 0 37 40 12 203 182 243 208 88 159 38 172 27 154 48 135 118 190 251 247 238 187 250 55 180 8 201 183 43 104 7 146 83 214 156 143 53 160 131 33 24 191 174 5 101 220 158 14 196 193 105 41 21 225 148 31 124 248 110 151 75 95 229 254 178 245 217 231 50 119 165 209 19 30 204 107 127 147 122 116 73 170 111 152 42 47 11 60 216 128 64 89 90 26 78 102 253 218 150 
	Fitness: 51850434
	Fitness BL: 44836792

Generacion 86
	Solucion: 139 141 177 82 16 145 166 34 67 240 29 85 3 234 167 98 194 181 230 186 117 115 138 200 157 140 68 207 219 114 134 205 233 70 112 91 244 2 237 35 39 108 22 56 198 179 162 222 99 137 18 133 136 223 80 32 185 76 236 121 126 169 62 144 109 224 132 168 57 221 213 71 58 46 249 188 36 210 20 232 44 235 242 66 9 74 155 1 175 199 164 192 61 130 189 239 84 65 28 4 63 77 211 142 54 103 153 87 94 10 163 45 125 123 69 59 171 72 79 25 246 129 106 15 215 17 252 206 86 52 49 173 226 96 197 228 149 120 81 92 13 184 195 212 202 227 176 51 255 100 113 23 93 241 6 161 97 0 37 40 12 203 182 243 208 88 159 38 172 27 154 48 135 118 190 251 247 238 187 250 55 180 8 201 183 43 104 7 146 83 214 156 143 53 160 131 33 24 191 174 5 101 220 158 14 196 193 105 41 21 225 148 31 124 248 110 151 75 95 229 254 178 245 217 231 50 119 165 209 19 30 204 107 127 147 122 116 73 170 111 152 42 47 11 60 216 128 64 89 90 26 78 102 253 218 150 
	Fitness: 51850434
	Fitness BL: 44836792

Generacion 87
	Solucion: 139 141 177 82 16 145 166 34 67 240 29 85 3 234 167 98 194 181 230 186 117 115 138 200 157 140 68 207 219 114 134 205 233 70 112 91 244 2 237 35 39 108 22 56 198 179 162 222 99 137 18 133 136 223 80 32 185 76 236 121 126 169 62 144 109 224 132 168 57 221 213 71 58 46 249 188 36 210 20 232 44 235 242 66 9 74 155 1 175 199 164 192 61 130 189 239 84 65 28 4 63 77 211 142 54 103 153 87 94 10 163 45 125 123 69 59 171 72 79 25 246 129 106 15 215 17 252 206 86 52 49 173 226 96 197 228 149 120 81 92 13 184 195 212 202 227 176 51 255 100 113 23 93 241 6 161 97 0 37 40 12 203 182 243 208 88 159 38 172 27 154 48 135 118 190 251 247 238 187 250 55 180 8 201 183 43 104 7 146 83 214 156 143 53 160 131 33 24 191 174 5 101 220 158 14 196 193 105 41 21 225 148 31 124 248 110 151 75 95 229 254 178 245 217 231 50 119 165 209 19 30 204 107 127 147 122 116 73 170 111 152 42 47 11 60 216 128 64 89 90 26 78 102 253 218 150 
	Fitness: 51850434
	Fitness BL: 44836792

Generacion 88
	Solucion: 139 141 177 82 16 145 166 34 67 240 29 85 3 234 167 98 194 181 230 186 117 115 138 200 157 140 68 207 219 114 134 205 233 70 112 91 244 2 237 35 39 108 22 56 198 179 162 222 99 137 18 133 136 223 80 32 185 76 236 121 126 169 62 144 109 224 132 168 57 221 213 71 58 46 249 188 36 210 20 232 44 235 242 66 9 74 155 1 175 199 164 192 61 130 189 239 84 65 28 4 63 77 211 142 54 103 153 87 94 10 163 45 125 123 69 59 171 72 79 25 246 129 106 15 215 17 252 206 86 52 49 173 226 96 197 228 149 120 81 92 13 184 195 212 202 227 176 51 255 100 113 23 93 241 6 161 97 0 37 40 12 203 182 243 208 88 159 38 172 27 154 48 135 118 190 251 247 238 187 250 55 180 8 201 183 43 104 7 146 83 214 156 143 53 160 131 33 24 191 174 5 101 220 158 14 196 193 105 41 21 225 148 31 124 248 110 151 75 95 229 254 178 245 217 231 50 119 165 209 19 30 204 107 127 147 122 116 73 170 111 152 42 47 11 60 216 128 64 89 90 26 78 102 253 218 150 
	Fitness: 51850434
	Fitness BL: 44836792

Generacion 89
	Solucion: 139 141 177 82 16 145 166 34 67 240 29 85 3 234 167 98 194 181 230 186 117 115 138 200 157 140 68 207 219 114 134 205 233 70 112 91 244 2 237 35 39 108 22 56 198 179 162 222 99 137 18 133 136 223 80 32 185 76 236 121 126 169 62 144 109 224 132 168 57 221 213 71 58 46 249 188 36 210 20 232 44 235 242 66 9 74 155 1 175 199 164 192 61 130 189 239 84 65 28 4 63 77 211 142 54 103 153 87 94 10 163 45 125 123 69 59 171 72 79 25 246 129 106 15 215 17 252 206 86 52 49 173 226 96 197 228 149 120 81 92 13 184 195 212 202 227 176 51 255 100 113 23 93 241 6 161 97 0 37 40 12 203 182 243 208 88 159 38 172 27 154 48 135 118 190 251 247 238 187 250 55 180 8 201 183 43 104 7 146 83 214 156 143 53 160 131 33 24 191 174 5 101 220 158 14 196 193 105 41 21 225 148 31 124 248 110 151 75 95 229 254 178 245 217 231 50 119 165 209 19 30 204 107 127 147 122 116 73 170 111 152 42 47 11 60 216 128 64 89 90 26 78 102 253 218 150 
	Fitness: 51850434
	Fitness BL: 44836792

Generacion 90
	Solucion: 139 141 177 82 16 145 166 34 67 240 29 85 3 234 167 98 194 181 230 186 117 115 138 200 157 140 68 207 219 114 134 205 233 70 112 91 244 2 237 35 39 108 22 56 198 179 162 222 99 137 18 133 136 223 80 32 185 76 236 121 126 169 62 144 109 224 132 168 57 221 213 71 58 46 249 188 36 210 20 232 44 235 242 66 9 74 155 1 175 199 164 192 61 130 189 239 84 65 28 4 63 77 211 142 54 103 153 87 94 10 163 45 125 123 69 59 171 72 79 25 246 129 106 15 215 17 252 206 86 52 49 173 226 96 197 228 149 120 81 92 13 184 195 212 202 227 176 51 255 100 113 23 93 241 6 161 97 0 37 40 12 203 182 243 208 88 159 38 172 27 154 48 135 118 190 251 247 238 187 250 55 180 8 201 183 43 104 7 146 83 214 156 143 53 160 131 33 24 191 174 5 101 220 158 14 196 193 105 41 21 225 148 31 124 248 110 151 75 95 229 254 178 245 217 231 50 119 165 209 19 30 204 107 127 147 122 116 73 170 111 152 42 47 11 60 216 128 64 89 90 26 78 102 253 218 150 
	Fitness: 51850434
	Fitness BL: 44836792

Generacion 91
	Solucion: 139 141 177 82 16 145 166 34 67 240 29 85 3 234 167 98 194 181 230 186 117 115 138 200 157 140 68 207 219 114 134 205 233 70 112 91 244 2 237 35 39 108 22 56 198 179 162 222 99 137 18 133 136 223 80 32 185 76 236 121 126 169 62 144 109 224 132 168 57 221 213 71 58 46 249 188 36 210 20 232 44 235 242 66 9 74 155 1 175 199 164 192 61 130 189 239 84 65 28 4 63 77 211 142 54 103 153 87 94 10 163 45 125 123 69 59 171 72 79 25 246 129 106 15 215 17 252 206 86 52 49 173 226 96 197 228 149 120 81 92 13 184 195 212 202 227 176 51 255 100 113 23 93 241 6 161 97 0 37 40 12 203 182 243 208 88 159 38 172 27 154 48 135 118 190 251 247 238 187 250 55 180 8 201 183 43 104 7 146 83 214 156 143 53 160 131 33 24 191 174 5 101 220 158 14 196 193 105 41 21 225 148 31 124 248 110 151 75 95 229 254 178 245 217 231 50 119 165 209 19 30 204 107 127 147 122 116 73 170 111 152 42 47 11 60 216 128 64 89 90 26 78 102 253 218 150 
	Fitness: 51850434
	Fitness BL: 44836792

Generacion 92
	Solucion: 139 141 177 82 16 145 166 34 67 240 29 85 3 234 167 98 194 181 230 186 117 115 138 200 157 140 68 207 219 114 134 205 233 70 112 91 244 2 237 35 39 108 22 56 198 179 162 222 99 137 18 133 136 223 80 32 185 76 236 121 126 169 62 144 109 224 132 168 57 221 213 71 58 46 249 188 36 210 20 232 44 235 242 66 9 74 155 1 175 199 164 192 61 130 189 239 84 65 28 4 63 77 211 142 54 103 153 87 94 10 163 45 125 123 69 59 171 72 79 25 246 129 106 15 215 17 252 206 86 52 49 173 226 96 197 228 149 120 81 92 13 184 195 212 202 227 176 51 255 100 113 23 93 241 6 161 97 0 37 40 12 203 182 243 208 88 159 38 172 27 154 48 135 118 190 251 247 238 187 250 55 180 8 201 183 43 104 7 146 83 214 156 143 53 160 131 33 24 191 174 5 101 220 158 14 196 193 105 41 21 225 148 31 124 248 110 151 75 95 229 254 178 245 217 231 50 119 165 209 19 30 204 107 127 147 122 116 73 170 111 152 42 47 11 60 216 128 64 89 90 26 78 102 253 218 150 
	Fitness: 51850434
	Fitness BL: 44836792

Generacion 93
	Solucion: 139 141 177 82 16 145 166 34 67 240 29 85 3 234 167 98 194 181 230 186 117 115 138 200 157 140 68 207 219 114 134 205 233 70 112 91 244 2 237 35 39 108 22 56 198 179 162 222 99 137 18 133 136 223 80 32 185 76 236 121 126 169 62 144 109 224 132 168 57 221 213 71 58 46 249 188 36 210 20 232 44 235 242 66 9 74 155 1 175 199 164 192 61 130 189 239 84 65 28 4 63 77 211 142 54 103 153 87 94 10 163 45 125 123 69 59 171 72 79 25 246 129 106 15 215 17 252 206 86 52 49 173 226 96 197 228 149 120 81 92 13 184 195 212 202 227 176 51 255 100 113 23 93 241 6 161 97 0 37 40 12 203 182 243 208 88 159 38 172 27 154 48 135 118 190 251 247 238 187 250 55 180 8 201 183 43 104 7 146 83 214 156 143 53 160 131 33 24 191 174 5 101 220 158 14 196 193 105 41 21 225 148 31 124 248 110 151 75 95 229 254 178 245 217 231 50 119 165 209 19 30 204 107 127 147 122 116 73 170 111 152 42 47 11 60 216 128 64 89 90 26 78 102 253 218 150 
	Fitness: 51850434
	Fitness BL: 44836792

Generacion 94
	Solucion: 139 141 177 82 16 145 166 34 67 240 29 85 3 234 167 98 194 181 230 186 117 115 138 200 157 140 68 207 219 114 134 205 233 70 112 91 244 2 237 35 39 108 22 56 198 179 162 222 99 137 18 133 136 223 80 32 185 76 236 121 126 169 62 144 109 224 132 168 57 221 213 71 58 46 249 188 36 210 20 232 44 235 242 66 9 74 155 1 175 199 164 192 61 130 189 239 84 65 28 4 63 77 211 142 54 103 153 87 94 10 163 45 125 123 69 59 171 72 79 25 246 129 106 15 215 17 252 206 86 52 49 173 226 96 197 228 149 120 81 92 13 184 195 212 202 227 176 51 255 100 113 23 93 241 6 161 97 0 37 40 12 203 182 243 208 88 159 38 172 27 154 48 135 118 190 251 247 238 187 250 55 180 8 201 183 43 104 7 146 83 214 156 143 53 160 131 33 24 191 174 5 101 220 158 14 196 193 105 41 21 225 148 31 124 248 110 151 75 95 229 254 178 245 217 231 50 119 165 209 19 30 204 107 127 147 122 116 73 170 111 152 42 47 11 60 216 128 64 89 90 26 78 102 253 218 150 
	Fitness: 51850434
	Fitness BL: 44836792

Generacion 95
	Solucion: 139 141 177 82 16 145 166 34 67 240 29 85 3 234 167 98 194 181 230 186 117 115 138 200 157 140 68 207 219 114 134 205 233 70 112 91 244 2 237 35 39 108 22 56 198 179 162 222 99 137 18 133 136 223 80 32 185 76 236 121 126 169 62 144 109 224 132 168 57 221 213 71 58 46 249 188 36 210 20 232 44 235 242 66 9 74 155 1 175 199 164 192 61 130 189 239 84 65 28 4 63 77 211 142 54 103 153 87 94 10 163 45 125 123 69 59 171 72 79 25 246 129 106 15 215 17 252 206 86 52 49 173 226 96 197 228 149 120 81 92 13 184 195 212 202 227 176 51 255 100 113 23 93 241 6 161 97 0 37 40 12 203 182 243 208 88 159 38 172 27 154 48 135 118 190 251 247 238 187 250 55 180 8 201 183 43 104 7 146 83 214 156 143 53 160 131 33 24 191 174 5 101 220 158 14 196 193 105 41 21 225 148 31 124 248 110 151 75 95 229 254 178 245 217 231 50 119 165 209 19 30 204 107 127 147 122 116 73 170 111 152 42 47 11 60 216 128 64 89 90 26 78 102 253 218 150 
	Fitness: 51850434
	Fitness BL: 44836792

Generacion 96
	Solucion: 139 141 177 82 16 145 166 34 67 240 29 85 3 234 167 98 194 181 230 186 117 115 138 200 157 140 68 207 219 114 134 205 233 70 112 91 244 2 237 35 39 108 22 56 198 179 162 222 99 137 18 133 136 223 80 32 185 76 236 121 126 169 62 144 109 224 132 168 57 221 213 71 58 46 249 188 36 210 20 232 44 235 242 66 9 74 155 1 175 199 164 192 61 130 189 239 84 65 28 4 63 77 211 142 54 103 153 87 94 10 163 45 125 123 69 59 171 72 79 25 246 129 106 15 215 17 252 206 86 52 49 173 226 96 197 228 149 120 81 92 13 184 195 212 202 227 176 51 255 100 113 23 93 241 6 161 97 0 37 40 12 203 182 243 208 88 159 38 172 27 154 48 135 118 190 251 247 238 187 250 55 180 8 201 183 43 104 7 146 83 214 156 143 53 160 131 33 24 191 174 5 101 220 158 14 196 193 105 41 21 225 148 31 124 248 110 151 75 95 229 254 178 245 217 231 50 119 165 209 19 30 204 107 127 147 122 116 73 170 111 152 42 47 11 60 216 128 64 89 90 26 78 102 253 218 150 
	Fitness: 51850434
	Fitness BL: 44836792

Generacion 97
	Solucion: 139 141 177 82 16 145 166 34 67 240 29 85 3 234 167 98 194 181 230 186 117 115 138 200 157 140 68 207 219 114 134 205 233 70 112 91 244 2 237 35 39 108 22 56 198 179 162 222 99 137 18 133 136 223 80 32 185 76 236 121 126 169 62 144 109 224 132 168 57 221 213 71 58 46 249 188 36 210 20 232 44 235 242 66 9 74 155 1 175 199 164 192 61 130 189 239 84 65 28 4 63 77 211 142 54 103 153 87 94 10 163 45 125 123 69 59 171 72 79 25 246 129 106 15 215 17 252 206 86 52 49 173 226 96 197 228 149 120 81 92 13 184 195 212 202 227 176 51 255 100 113 23 93 241 6 161 97 0 37 40 12 203 182 243 208 88 159 38 172 27 154 48 135 118 190 251 247 238 187 250 55 180 8 201 183 43 104 7 146 83 214 156 143 53 160 131 33 24 191 174 5 101 220 158 14 196 193 105 41 21 225 148 31 124 248 110 151 75 95 229 254 178 245 217 231 50 119 165 209 19 30 204 107 127 147 122 116 73 170 111 152 42 47 11 60 216 128 64 89 90 26 78 102 253 218 150 
	Fitness: 51850434
	Fitness BL: 44836792

Generacion 98
	Solucion: 139 141 177 82 16 145 166 34 67 240 29 85 3 234 167 98 194 181 230 186 117 115 138 200 157 140 68 207 219 114 134 205 233 70 112 91 244 2 237 35 39 108 22 56 198 179 162 222 99 137 18 133 136 223 80 32 185 76 236 121 126 169 62 144 109 224 132 168 57 221 213 71 58 46 249 188 36 210 20 232 44 235 242 66 9 74 155 1 175 199 164 192 61 130 189 239 84 65 28 4 63 77 211 142 54 103 153 87 94 10 163 45 125 123 69 59 171 72 79 25 246 129 106 15 215 17 252 206 86 52 49 173 226 96 197 228 149 120 81 92 13 184 195 212 202 227 176 51 255 100 113 23 93 241 6 161 97 0 37 40 12 203 182 243 208 88 159 38 172 27 154 48 135 118 190 251 247 238 187 250 55 180 8 201 183 43 104 7 146 83 214 156 143 53 160 131 33 24 191 174 5 101 220 158 14 196 193 105 41 21 225 148 31 124 248 110 151 75 95 229 254 178 245 217 231 50 119 165 209 19 30 204 107 127 147 122 116 73 170 111 152 42 47 11 60 216 128 64 89 90 26 78 102 253 218 150 
	Fitness: 51850434
	Fitness BL: 44836792

Generacion 99
	Solucion: 139 141 177 82 16 145 166 34 67 240 29 85 3 234 167 98 194 181 230 186 117 115 138 200 157 140 68 207 219 114 134 205 233 70 112 91 244 2 237 35 39 108 22 56 198 179 162 222 99 137 18 133 136 223 80 32 185 76 236 121 126 169 62 144 109 224 132 168 57 221 213 71 58 46 249 188 36 210 20 232 44 235 242 66 9 74 155 1 175 199 164 192 61 130 189 239 84 65 28 4 63 77 211 142 54 103 153 87 94 10 163 45 125 123 69 59 171 72 79 25 246 129 106 15 215 17 252 206 86 52 49 173 226 96 197 228 149 120 81 92 13 184 195 212 202 227 176 51 255 100 113 23 93 241 6 161 97 0 37 40 12 203 182 243 208 88 159 38 172 27 154 48 135 118 190 251 247 238 187 250 55 180 8 201 183 43 104 7 146 83 214 156 143 53 160 131 33 24 191 174 5 101 220 158 14 196 193 105 41 21 225 148 31 124 248 110 151 75 95 229 254 178 245 217 231 50 119 165 209 19 30 204 107 127 147 122 116 73 170 111 152 42 47 11 60 216 128 64 89 90 26 78 102 253 218 150 
	Fitness: 51850434
	Fitness BL: 44836792

Generacion 100
	Solucion: 27 103 94 7 14 88 143 49 79 240 12 86 227 5 166 129 177 196 230 218 31 97 123 101 157 140 68 190 131 114 151 118 233 54 25 106 244 111 253 51 40 203 22 91 148 179 162 238 83 155 18 133 136 223 80 32 200 76 220 121 126 170 61 144 109 225 116 185 57 205 213 71 42 46 250 172 37 210 20 183 44 235 3 66 248 74 153 1 175 181 215 192 139 2 232 239 207 35 84 141 115 28 4 237 67 167 137 62 87 70 163 45 125 130 69 59 186 222 138 63 255 98 72 142 56 17 252 169 85 52 65 16 226 96 197 211 149 120 189 77 13 184 195 246 242 228 176 34 212 10 113 23 93 241 6 221 117 0 36 39 108 199 182 243 208 89 159 38 82 161 154 48 135 134 188 236 145 206 251 249 55 180 8 201 198 43 104 247 194 99 214 156 146 81 160 147 33 53 191 174 234 173 219 158 15 217 193 105 41 21 224 164 100 124 9 110 171 75 95 229 254 178 245 187 231 50 119 165 209 19 30 204 107 127 24 122 132 73 168 112 152 58 47 11 60 216 128 64 29 90 26 78 102 92 202 150 
	Fitness: 44836792
	Fitness BL: 44836792

  --> Tiempo: 4889.79
