  -> Resultados AGEBL-LAMARCKIANA-ALEATORIO: 
Generacion 1
	Solucion: 152 171 6 97 169 83 139 101 121 149 27 80 106 57 222 161 245 207 131 249 36 124 86 33 48 166 217 157 189 25 19 127 237 142 12 94 243 2 135 183 215 240 79 40 146 219 251 164 42 54 159 62 209 211 194 239 232 15 234 77 21 89 91 186 109 74 197 47 118 68 179 228 71 116 254 154 23 204 29 8 230 176 200 226 16 60 51 174 66 114 128 104 143 177 38 180 92 56 144 225 31 175 35 39 78 196 4 24 49 148 45 195 205 115 76 34 122 155 165 201 188 253 110 192 88 191 72 13 22 107 50 231 70 247 198 99 32 5 141 182 111 167 138 140 145 202 210 3 87 162 85 0 185 151 95 90 190 44 241 1 93 100 69 120 126 212 170 108 134 163 63 137 125 214 113 103 132 10 181 206 187 119 7 153 246 229 218 28 46 216 252 233 238 105 41 160 64 98 11 17 82 14 178 203 199 193 67 18 250 227 84 208 75 213 224 52 244 248 255 112 81 158 59 9 58 184 221 37 96 150 236 53 130 242 55 156 133 61 223 173 117 220 136 30 20 73 129 43 123 102 235 172 65 26 147 168 
	Fitness: 44933154

Generacion 2
	Solucion: 6 55 145 215 220 61 34 8 206 38 179 2 102 223 89 72 126 108 21 0 4 160 200 148 100 237 182 141 185 17 76 203 106 235 153 70 213 80 224 58 43 247 167 230 119 192 209 104 82 111 136 113 123 91 11 36 191 68 170 155 133 143 40 243 162 94 85 115 65 79 138 172 150 196 189 250 51 48 226 254 165 31 28 233 218 228 158 25 13 194 46 130 137 122 174 12 157 147 101 135 42 149 180 90 201 26 116 81 95 173 242 168 193 59 159 118 198 63 107 88 154 132 45 240 129 208 1 5 186 74 93 142 222 197 177 69 50 245 32 117 234 97 52 199 30 183 169 246 92 178 188 210 39 109 47 249 124 29 10 156 96 105 255 14 67 20 227 163 125 75 57 54 239 217 152 219 66 184 15 33 78 49 35 146 53 238 84 175 19 3 77 24 195 244 83 225 216 60 232 121 164 229 87 7 221 37 98 23 251 252 214 207 161 56 202 134 128 73 62 212 99 253 248 190 171 64 86 120 204 16 241 131 18 22 112 151 187 205 166 181 44 176 139 114 211 140 27 144 236 110 231 41 127 71 103 9 
	Fitness: 44865112

Generacion 3
	Solucion: 6 55 145 215 220 61 34 8 206 38 179 2 102 223 89 72 126 108 21 0 4 160 200 148 100 237 182 141 185 17 76 203 106 235 153 70 213 80 224 58 43 247 167 230 119 192 209 104 82 111 136 113 123 91 11 36 191 68 170 155 133 143 40 243 162 94 85 115 65 79 138 172 150 196 189 250 51 48 226 254 165 31 28 233 218 228 158 25 13 194 46 130 137 122 174 12 157 147 101 135 42 149 180 90 201 26 116 81 95 173 242 168 193 59 159 118 198 63 107 88 154 132 45 240 129 208 1 5 186 74 93 142 222 197 177 69 50 245 32 117 234 97 52 199 30 183 169 246 92 178 188 210 39 109 47 249 124 29 10 156 96 105 255 14 67 20 227 163 125 75 57 54 239 217 152 219 66 184 15 33 78 49 35 146 53 238 84 175 19 3 77 24 195 244 83 225 216 60 232 121 164 229 87 7 221 37 98 23 251 252 214 207 161 56 202 134 128 73 62 212 99 253 248 190 171 64 86 120 204 16 241 131 18 22 112 151 187 205 166 181 44 176 139 114 211 140 27 144 236 110 231 41 127 71 103 9 
	Fitness: 44865112

Generacion 4
	Solucion: 6 55 145 215 220 61 34 8 206 38 179 2 102 223 89 72 126 108 21 0 4 160 200 148 100 237 182 141 185 17 76 203 106 235 153 70 213 80 224 58 43 247 167 230 119 192 209 104 82 111 136 113 123 91 11 36 191 68 170 155 133 143 40 243 162 94 85 115 65 79 138 172 150 196 189 250 51 48 226 254 165 31 28 233 218 228 158 25 13 194 46 130 137 122 174 12 157 147 101 135 42 149 180 90 201 26 116 81 95 173 242 168 193 59 159 118 198 63 107 88 154 132 45 240 129 208 1 5 186 74 93 142 222 197 177 69 50 245 32 117 234 97 52 199 30 183 169 246 92 178 188 210 39 109 47 249 124 29 10 156 96 105 255 14 67 20 227 163 125 75 57 54 239 217 152 219 66 184 15 33 78 49 35 146 53 238 84 175 19 3 77 24 195 244 83 225 216 60 232 121 164 229 87 7 221 37 98 23 251 252 214 207 161 56 202 134 128 73 62 212 99 253 248 190 171 64 86 120 204 16 241 131 18 22 112 151 187 205 166 181 44 176 139 114 211 140 27 144 236 110 231 41 127 71 103 9 
	Fitness: 44865112

Generacion 5
	Solucion: 7 21 213 33 182 24 130 140 176 152 165 220 148 186 175 41 4 35 250 196 138 199 233 50 74 59 91 145 150 26 208 121 193 67 76 123 16 133 2 239 135 82 100 190 38 55 79 203 254 52 216 252 70 118 72 169 48 11 248 97 184 125 93 46 85 241 104 89 205 230 207 243 179 127 237 15 158 110 61 172 80 128 44 226 87 115 218 245 162 29 211 155 77 103 112 210 45 28 139 141 178 126 96 154 37 84 27 13 153 240 58 78 236 14 219 90 247 40 83 94 119 144 134 73 68 53 244 129 201 143 86 69 101 25 189 5 64 146 206 43 151 253 71 107 224 62 188 251 137 102 106 1 183 177 12 124 198 36 242 200 42 231 234 99 18 22 160 166 20 149 225 142 122 39 105 223 187 191 157 109 136 114 194 51 159 19 202 156 65 168 249 95 10 3 98 132 246 108 185 116 0 180 8 238 75 204 255 228 214 221 217 212 60 235 81 229 47 209 120 9 92 88 54 170 164 163 215 167 66 195 117 161 147 49 30 222 63 192 34 197 173 227 32 113 171 31 174 6 23 17 56 111 131 232 57 181 
	Fitness: 44856982

Generacion 6
	Solucion: 115 100 72 102 110 138 14 82 21 44 238 93 143 163 187 74 202 40 1 161 85 233 129 23 25 219 149 119 29 206 242 236 91 18 89 121 189 180 8 253 197 204 42 209 172 36 6 65 176 47 50 59 108 153 250 16 78 11 158 231 97 216 175 95 194 224 104 228 67 53 223 214 199 141 112 155 132 255 123 55 70 168 245 134 182 185 61 151 146 48 211 3 227 49 64 200 184 107 34 210 66 183 81 247 77 195 157 41 188 251 127 220 24 198 116 252 15 177 205 179 51 75 39 35 96 68 45 133 167 249 193 79 130 243 207 88 201 159 230 213 203 86 246 105 111 162 166 57 208 131 142 22 239 5 186 191 4 241 94 145 99 173 0 235 150 135 2 237 90 62 124 60 43 26 128 160 46 196 148 30 218 83 28 101 37 114 73 137 52 63 84 190 154 103 38 92 98 58 125 248 118 171 9 240 7 181 192 222 109 217 140 10 126 27 225 215 120 232 19 229 244 106 170 12 20 144 117 32 17 87 76 54 254 221 71 113 226 147 174 122 69 13 31 56 33 212 136 234 169 80 165 178 152 164 139 156 
	Fitness: 44853074

Generacion 7
	Solucion: 115 100 72 102 110 138 14 82 21 44 238 93 143 163 187 74 202 40 1 161 85 233 129 23 25 219 149 119 29 206 242 236 91 18 89 121 189 180 8 253 197 204 42 209 172 36 6 65 176 47 50 59 108 153 250 16 78 11 158 231 97 216 175 95 194 224 104 228 67 53 223 214 199 141 112 155 132 255 123 55 70 168 245 134 182 185 61 151 146 48 211 3 227 49 64 200 184 107 34 210 66 183 81 247 77 195 157 41 188 251 127 220 24 198 116 252 15 177 205 179 51 75 39 35 96 68 45 133 167 249 193 79 130 243 207 88 201 159 230 213 203 86 246 105 111 162 166 57 208 131 142 22 239 5 186 191 4 241 94 145 99 173 0 235 150 135 2 237 90 62 124 60 43 26 128 160 46 196 148 30 218 83 28 101 37 114 73 137 52 63 84 190 154 103 38 92 98 58 125 248 118 171 9 240 7 181 192 222 109 217 140 10 126 27 225 215 120 232 19 229 244 106 170 12 20 144 117 32 17 87 76 54 254 221 71 113 226 147 174 122 69 13 31 56 33 212 136 234 169 80 165 178 152 164 139 156 
	Fitness: 44853074

Generacion 8
	Solucion: 206 100 153 168 94 163 119 219 1 6 212 187 44 180 57 134 202 23 102 161 138 14 129 143 25 85 149 36 29 233 89 236 76 19 121 224 189 55 8 253 197 91 42 209 172 59 242 50 176 47 126 33 109 82 250 214 79 11 158 247 97 216 175 80 194 151 104 124 67 53 223 16 199 141 112 155 132 255 227 106 70 115 21 229 166 185 61 72 146 48 221 4 69 49 64 232 211 162 34 210 81 77 188 157 254 127 251 26 228 249 125 220 18 198 183 252 15 177 60 179 245 75 39 17 96 68 41 133 114 103 173 200 222 45 243 83 13 208 145 63 231 9 56 235 128 142 131 20 169 237 117 86 105 167 230 160 37 181 90 135 113 107 101 62 190 207 92 98 213 58 10 66 35 156 136 118 5 204 159 226 43 196 215 154 122 217 87 218 152 140 186 234 244 99 0 130 71 139 164 182 178 150 171 27 195 51 225 241 46 93 201 248 12 170 31 137 54 120 116 193 165 38 144 3 52 7 110 95 84 74 123 203 191 148 238 2 239 78 147 40 30 246 32 240 192 184 174 28 108 24 65 205 73 22 88 111 
	Fitness: 44843214

Generacion 9
	Solucion: 206 100 153 168 94 163 119 219 1 6 212 187 44 180 57 134 202 23 102 161 138 14 129 143 25 85 149 36 29 233 89 236 76 19 121 224 189 55 8 253 197 91 42 209 172 59 242 50 176 47 126 33 109 82 250 214 79 11 158 247 97 216 175 80 194 151 104 124 67 53 223 16 199 141 112 155 132 255 227 106 70 115 21 229 166 185 61 72 146 48 221 4 69 49 64 232 211 162 34 210 81 77 188 157 254 127 251 26 228 249 125 220 18 198 183 252 15 177 60 179 245 75 39 17 96 68 41 133 114 103 173 200 222 45 243 83 13 208 145 63 231 9 56 235 128 142 131 20 169 237 117 86 105 167 230 160 37 181 90 135 113 107 101 62 190 207 92 98 213 58 10 66 35 156 136 118 5 204 159 226 43 196 215 154 122 217 87 218 152 140 186 234 244 99 0 130 71 139 164 182 178 150 171 27 195 51 225 241 46 93 201 248 12 170 31 137 54 120 116 193 165 38 144 3 52 7 110 95 84 74 123 203 191 148 238 2 239 78 147 40 30 246 32 240 192 184 174 28 108 24 65 205 73 22 88 111 
	Fitness: 44843214

Generacion 10
	Solucion: 206 100 153 168 94 163 119 219 1 6 212 187 44 180 57 134 202 23 102 161 138 14 129 143 25 85 149 36 29 233 89 236 76 19 121 224 189 55 8 253 197 91 42 209 172 59 242 50 176 47 126 33 109 82 250 214 79 11 158 247 97 216 175 80 194 151 104 124 67 53 223 16 199 141 112 155 132 255 227 106 70 115 21 229 166 185 61 72 146 48 221 4 69 49 64 232 211 162 34 210 81 77 188 157 254 127 251 26 228 249 125 220 18 198 183 252 15 177 60 179 245 75 39 17 96 68 41 133 114 103 173 200 222 45 243 83 13 208 145 63 231 9 56 235 128 142 131 20 169 237 117 86 105 167 230 160 37 181 90 135 113 107 101 62 190 207 92 98 213 58 10 66 35 156 136 118 5 204 159 226 43 196 215 154 122 217 87 218 152 140 186 234 244 99 0 130 71 139 164 182 178 150 171 27 195 51 225 241 46 93 201 248 12 170 31 137 54 120 116 193 165 38 144 3 52 7 110 95 84 74 123 203 191 148 238 2 239 78 147 40 30 246 32 240 192 184 174 28 108 24 65 205 73 22 88 111 
	Fitness: 44843214

Generacion 11
	Solucion: 206 100 153 168 94 163 119 219 1 6 212 187 44 180 57 134 202 23 102 161 138 14 129 143 25 85 149 36 29 233 89 236 76 19 121 224 189 55 8 253 197 91 42 209 172 59 242 50 176 47 126 33 109 82 250 214 79 11 158 247 97 216 175 80 194 151 104 124 67 53 223 16 199 141 112 155 132 255 227 106 70 115 21 229 166 185 61 72 146 48 221 4 69 49 64 232 211 162 34 210 81 77 188 157 254 127 251 26 228 249 125 220 18 198 183 252 15 177 60 179 245 75 39 17 96 68 41 133 114 103 173 200 222 45 243 83 13 208 145 63 231 9 56 235 128 142 131 20 169 237 117 86 105 167 230 160 37 181 90 135 113 107 101 62 190 207 92 98 213 58 10 66 35 156 136 118 5 204 159 226 43 196 215 154 122 217 87 218 152 140 186 234 244 99 0 130 71 139 164 182 178 150 171 27 195 51 225 241 46 93 201 248 12 170 31 137 54 120 116 193 165 38 144 3 52 7 110 95 84 74 123 203 191 148 238 2 239 78 147 40 30 246 32 240 192 184 174 28 108 24 65 205 73 22 88 111 
	Fitness: 44843214

Generacion 12
	Solucion: 206 100 153 168 94 163 119 219 1 6 212 187 44 180 57 134 202 23 102 161 138 14 129 143 25 85 149 36 29 233 89 236 76 19 121 224 189 55 8 253 197 91 42 209 172 59 242 50 176 47 126 33 109 82 250 214 79 11 158 247 97 216 175 80 194 151 104 124 67 53 223 16 199 141 112 155 132 255 227 106 70 115 21 229 166 185 61 72 146 48 221 4 69 49 64 232 211 162 34 210 81 77 188 157 254 127 251 26 228 249 125 220 18 198 183 252 15 177 60 179 245 75 39 17 96 68 41 133 114 103 173 200 222 45 243 83 13 208 145 63 231 9 56 235 128 142 131 20 169 237 117 86 105 167 230 160 37 181 90 135 113 107 101 62 190 207 92 98 213 58 10 66 35 156 136 118 5 204 159 226 43 196 215 154 122 217 87 218 152 140 186 234 244 99 0 130 71 139 164 182 178 150 171 27 195 51 225 241 46 93 201 248 12 170 31 137 54 120 116 193 165 38 144 3 52 7 110 95 84 74 123 203 191 148 238 2 239 78 147 40 30 246 32 240 192 184 174 28 108 24 65 205 73 22 88 111 
	Fitness: 44843214

Generacion 13
	Solucion: 206 100 153 168 94 163 119 219 1 6 212 187 44 180 57 134 202 23 102 161 138 14 129 143 25 85 149 36 29 233 89 236 76 19 121 224 189 55 8 253 197 91 42 209 172 59 242 50 176 47 126 33 109 82 250 214 79 11 158 247 97 216 175 80 194 151 104 124 67 53 223 16 199 141 112 155 132 255 227 106 70 115 21 229 166 185 61 72 146 48 221 4 69 49 64 232 211 162 34 210 81 77 188 157 254 127 251 26 228 249 125 220 18 198 183 252 15 177 60 179 245 75 39 17 96 68 41 133 114 103 173 200 222 45 243 83 13 208 145 63 231 9 56 235 128 142 131 20 169 237 117 86 105 167 230 160 37 181 90 135 113 107 101 62 190 207 92 98 213 58 10 66 35 156 136 118 5 204 159 226 43 196 215 154 122 217 87 218 152 140 186 234 244 99 0 130 71 139 164 182 178 150 171 27 195 51 225 241 46 93 201 248 12 170 31 137 54 120 116 193 165 38 144 3 52 7 110 95 84 74 123 203 191 148 238 2 239 78 147 40 30 246 32 240 192 184 174 28 108 24 65 205 73 22 88 111 
	Fitness: 44843214

Generacion 14
	Solucion: 206 100 153 168 94 163 119 219 1 6 212 187 44 180 57 134 202 23 102 161 138 14 129 143 25 85 149 36 29 233 89 236 76 19 121 224 189 55 8 253 197 91 42 209 172 59 242 50 176 47 126 33 109 82 250 214 79 11 158 247 97 216 175 80 194 151 104 124 67 53 223 16 199 141 112 155 132 255 227 106 70 115 21 229 166 185 61 72 146 48 221 4 69 49 64 232 211 162 34 210 81 77 188 157 254 127 251 26 228 249 125 220 18 198 183 252 15 177 60 179 245 75 39 17 96 68 41 133 114 103 173 200 222 45 243 83 13 208 145 63 231 9 56 235 128 142 131 20 169 237 117 86 105 167 230 160 37 181 90 135 113 107 101 62 190 207 92 98 213 58 10 66 35 156 136 118 5 204 159 226 43 196 215 154 122 217 87 218 152 140 186 234 244 99 0 130 71 139 164 182 178 150 171 27 195 51 225 241 46 93 201 248 12 170 31 137 54 120 116 193 165 38 144 3 52 7 110 95 84 74 123 203 191 148 238 2 239 78 147 40 30 246 32 240 192 184 174 28 108 24 65 205 73 22 88 111 
	Fitness: 44843214

Generacion 15
	Solucion: 206 100 153 168 94 163 119 219 1 6 212 187 44 180 57 134 202 23 102 161 138 14 129 143 25 85 149 36 29 233 89 236 76 19 121 224 189 55 8 253 197 91 42 209 172 59 242 50 176 47 126 33 109 82 250 214 79 11 158 247 97 216 175 80 194 151 104 124 67 53 223 16 199 141 112 155 132 255 227 106 70 115 21 229 166 185 61 72 146 48 221 4 69 49 64 232 211 162 34 210 81 77 188 157 254 127 251 26 228 249 125 220 18 198 183 252 15 177 60 179 245 75 39 17 96 68 41 133 114 103 173 200 222 45 243 83 13 208 145 63 231 9 56 235 128 142 131 20 169 237 117 86 105 167 230 160 37 181 90 135 113 107 101 62 190 207 92 98 213 58 10 66 35 156 136 118 5 204 159 226 43 196 215 154 122 217 87 218 152 140 186 234 244 99 0 130 71 139 164 182 178 150 171 27 195 51 225 241 46 93 201 248 12 170 31 137 54 120 116 193 165 38 144 3 52 7 110 95 84 74 123 203 191 148 238 2 239 78 147 40 30 246 32 240 192 184 174 28 108 24 65 205 73 22 88 111 
	Fitness: 44843214

Generacion 16
	Solucion: 206 100 153 168 94 163 119 219 1 6 212 187 44 180 57 134 202 23 102 161 138 14 129 143 25 85 149 36 29 233 89 236 76 19 121 224 189 55 8 253 197 91 42 209 172 59 242 50 176 47 126 33 109 82 250 214 79 11 158 247 97 216 175 80 194 151 104 124 67 53 223 16 199 141 112 155 132 255 227 106 70 115 21 229 166 185 61 72 146 48 221 4 69 49 64 232 211 162 34 210 81 77 188 157 254 127 251 26 228 249 125 220 18 198 183 252 15 177 60 179 245 75 39 17 96 68 41 133 114 103 173 200 222 45 243 83 13 208 145 63 231 9 56 235 128 142 131 20 169 237 117 86 105 167 230 160 37 181 90 135 113 107 101 62 190 207 92 98 213 58 10 66 35 156 136 118 5 204 159 226 43 196 215 154 122 217 87 218 152 140 186 234 244 99 0 130 71 139 164 182 178 150 171 27 195 51 225 241 46 93 201 248 12 170 31 137 54 120 116 193 165 38 144 3 52 7 110 95 84 74 123 203 191 148 238 2 239 78 147 40 30 246 32 240 192 184 174 28 108 24 65 205 73 22 88 111 
	Fitness: 44843214

Generacion 17
	Solucion: 206 100 153 168 94 163 119 219 1 6 212 187 44 180 57 134 202 23 102 161 138 14 129 143 25 85 149 36 29 233 89 236 76 19 121 224 189 55 8 253 197 91 42 209 172 59 242 50 176 47 126 33 109 82 250 214 79 11 158 247 97 216 175 80 194 151 104 124 67 53 223 16 199 141 112 155 132 255 227 106 70 115 21 229 166 185 61 72 146 48 221 4 69 49 64 232 211 162 34 210 81 77 188 157 254 127 251 26 228 249 125 220 18 198 183 252 15 177 60 179 245 75 39 17 96 68 41 133 114 103 173 200 222 45 243 83 13 208 145 63 231 9 56 235 128 142 131 20 169 237 117 86 105 167 230 160 37 181 90 135 113 107 101 62 190 207 92 98 213 58 10 66 35 156 136 118 5 204 159 226 43 196 215 154 122 217 87 218 152 140 186 234 244 99 0 130 71 139 164 182 178 150 171 27 195 51 225 241 46 93 201 248 12 170 31 137 54 120 116 193 165 38 144 3 52 7 110 95 84 74 123 203 191 148 238 2 239 78 147 40 30 246 32 240 192 184 174 28 108 24 65 205 73 22 88 111 
	Fitness: 44843214

Generacion 18
	Solucion: 206 100 153 168 94 163 119 219 1 6 212 187 44 180 57 134 202 23 102 161 138 14 129 143 25 85 149 36 29 233 89 236 76 19 121 224 189 55 8 253 197 91 42 209 172 59 242 50 176 47 126 33 109 82 250 214 79 11 158 247 97 216 175 80 194 151 104 124 67 53 223 16 199 141 112 155 132 255 227 106 70 115 21 229 166 185 61 72 146 48 221 4 69 49 64 232 211 162 34 210 81 77 188 157 254 127 251 26 228 249 125 220 18 198 183 252 15 177 60 179 245 75 39 17 96 68 41 133 114 103 173 200 222 45 243 83 13 208 145 63 231 9 56 235 128 142 131 20 169 237 117 86 105 167 230 160 37 181 90 135 113 107 101 62 190 207 92 98 213 58 10 66 35 156 136 118 5 204 159 226 43 196 215 154 122 217 87 218 152 140 186 234 244 99 0 130 71 139 164 182 178 150 171 27 195 51 225 241 46 93 201 248 12 170 31 137 54 120 116 193 165 38 144 3 52 7 110 95 84 74 123 203 191 148 238 2 239 78 147 40 30 246 32 240 192 184 174 28 108 24 65 205 73 22 88 111 
	Fitness: 44843214

Generacion 19
	Solucion: 206 100 153 168 94 163 119 219 1 6 212 187 44 180 57 134 202 23 102 161 138 14 129 143 25 85 149 36 29 233 89 236 76 19 121 224 189 55 8 253 197 91 42 209 172 59 242 50 176 47 126 33 109 82 250 214 79 11 158 247 97 216 175 80 194 151 104 124 67 53 223 16 199 141 112 155 132 255 227 106 70 115 21 229 166 185 61 72 146 48 221 4 69 49 64 232 211 162 34 210 81 77 188 157 254 127 251 26 228 249 125 220 18 198 183 252 15 177 60 179 245 75 39 17 96 68 41 133 114 103 173 200 222 45 243 83 13 208 145 63 231 9 56 235 128 142 131 20 169 237 117 86 105 167 230 160 37 181 90 135 113 107 101 62 190 207 92 98 213 58 10 66 35 156 136 118 5 204 159 226 43 196 215 154 122 217 87 218 152 140 186 234 244 99 0 130 71 139 164 182 178 150 171 27 195 51 225 241 46 93 201 248 12 170 31 137 54 120 116 193 165 38 144 3 52 7 110 95 84 74 123 203 191 148 238 2 239 78 147 40 30 246 32 240 192 184 174 28 108 24 65 205 73 22 88 111 
	Fitness: 44843214

Generacion 20
	Solucion: 206 100 153 168 94 163 119 219 1 6 212 187 44 180 57 134 202 23 102 161 138 14 129 143 25 85 149 36 29 233 89 236 76 19 121 224 189 55 8 253 197 91 42 209 172 59 242 50 176 47 126 33 109 82 250 214 79 11 158 247 97 216 175 80 194 151 104 124 67 53 223 16 199 141 112 155 132 255 227 106 70 115 21 229 166 185 61 72 146 48 221 4 69 49 64 232 211 162 34 210 81 77 188 157 254 127 251 26 228 249 125 220 18 198 183 252 15 177 60 179 245 75 39 17 96 68 41 133 114 103 173 200 222 45 243 83 13 208 145 63 231 9 56 235 128 142 131 20 169 237 117 86 105 167 230 160 37 181 90 135 113 107 101 62 190 207 92 98 213 58 10 66 35 156 136 118 5 204 159 226 43 196 215 154 122 217 87 218 152 140 186 234 244 99 0 130 71 139 164 182 178 150 171 27 195 51 225 241 46 93 201 248 12 170 31 137 54 120 116 193 165 38 144 3 52 7 110 95 84 74 123 203 191 148 238 2 239 78 147 40 30 246 32 240 192 184 174 28 108 24 65 205 73 22 88 111 
	Fitness: 44843214

Generacion 21
	Solucion: 206 100 153 168 94 163 119 219 1 6 212 187 44 180 57 134 202 23 102 161 138 14 129 143 25 85 149 36 29 233 89 236 76 19 121 224 189 55 8 253 197 91 42 209 172 59 242 50 176 47 126 33 109 82 250 214 79 11 158 247 97 216 175 80 194 151 104 124 67 53 223 16 199 141 112 155 132 255 227 106 70 115 21 229 166 185 61 72 146 48 221 4 69 49 64 232 211 162 34 210 81 77 188 157 254 127 251 26 228 249 125 220 18 198 183 252 15 177 60 179 245 75 39 17 96 68 41 133 114 103 173 200 222 45 243 83 13 208 145 63 231 9 56 235 128 142 131 20 169 237 117 86 105 167 230 160 37 181 90 135 113 107 101 62 190 207 92 98 213 58 10 66 35 156 136 118 5 204 159 226 43 196 215 154 122 217 87 218 152 140 186 234 244 99 0 130 71 139 164 182 178 150 171 27 195 51 225 241 46 93 201 248 12 170 31 137 54 120 116 193 165 38 144 3 52 7 110 95 84 74 123 203 191 148 238 2 239 78 147 40 30 246 32 240 192 184 174 28 108 24 65 205 73 22 88 111 
	Fitness: 44843214

Generacion 22
	Solucion: 206 100 153 168 94 163 119 219 1 6 212 187 44 180 57 134 202 23 102 161 138 14 129 143 25 85 149 36 29 233 89 236 76 19 121 224 189 55 8 253 197 91 42 209 172 59 242 50 176 47 126 33 109 82 250 214 79 11 158 247 97 216 175 80 194 151 104 124 67 53 223 16 199 141 112 155 132 255 227 106 70 115 21 229 166 185 61 72 146 48 221 4 69 49 64 232 211 162 34 210 81 77 188 157 254 127 251 26 228 249 125 220 18 198 183 252 15 177 60 179 245 75 39 17 96 68 41 133 114 103 173 200 222 45 243 83 13 208 145 63 231 9 56 235 128 142 131 20 169 237 117 86 105 167 230 160 37 181 90 135 113 107 101 62 190 207 92 98 213 58 10 66 35 156 136 118 5 204 159 226 43 196 215 154 122 217 87 218 152 140 186 234 244 99 0 130 71 139 164 182 178 150 171 27 195 51 225 241 46 93 201 248 12 170 31 137 54 120 116 193 165 38 144 3 52 7 110 95 84 74 123 203 191 148 238 2 239 78 147 40 30 246 32 240 192 184 174 28 108 24 65 205 73 22 88 111 
	Fitness: 44843214

Generacion 23
	Solucion: 206 100 153 168 94 163 119 219 1 6 212 187 44 180 57 134 202 23 102 161 138 14 129 143 25 85 149 36 29 233 89 236 76 19 121 224 189 55 8 253 197 91 42 209 172 59 242 50 176 47 126 33 109 82 250 214 79 11 158 247 97 216 175 80 194 151 104 124 67 53 223 16 199 141 112 155 132 255 227 106 70 115 21 229 166 185 61 72 146 48 221 4 69 49 64 232 211 162 34 210 81 77 188 157 254 127 251 26 228 249 125 220 18 198 183 252 15 177 60 179 245 75 39 17 96 68 41 133 114 103 173 200 222 45 243 83 13 208 145 63 231 9 56 235 128 142 131 20 169 237 117 86 105 167 230 160 37 181 90 135 113 107 101 62 190 207 92 98 213 58 10 66 35 156 136 118 5 204 159 226 43 196 215 154 122 217 87 218 152 140 186 234 244 99 0 130 71 139 164 182 178 150 171 27 195 51 225 241 46 93 201 248 12 170 31 137 54 120 116 193 165 38 144 3 52 7 110 95 84 74 123 203 191 148 238 2 239 78 147 40 30 246 32 240 192 184 174 28 108 24 65 205 73 22 88 111 
	Fitness: 44843214

Generacion 24
	Solucion: 206 100 153 168 94 163 119 219 1 6 212 187 44 180 57 134 202 23 102 161 138 14 129 143 25 85 149 36 29 233 89 236 76 19 121 224 189 55 8 253 197 91 42 209 172 59 242 50 176 47 126 33 109 82 250 214 79 11 158 247 97 216 175 80 194 151 104 124 67 53 223 16 199 141 112 155 132 255 227 106 70 115 21 229 166 185 61 72 146 48 221 4 69 49 64 232 211 162 34 210 81 77 188 157 254 127 251 26 228 249 125 220 18 198 183 252 15 177 60 179 245 75 39 17 96 68 41 133 114 103 173 200 222 45 243 83 13 208 145 63 231 9 56 235 128 142 131 20 169 237 117 86 105 167 230 160 37 181 90 135 113 107 101 62 190 207 92 98 213 58 10 66 35 156 136 118 5 204 159 226 43 196 215 154 122 217 87 218 152 140 186 234 244 99 0 130 71 139 164 182 178 150 171 27 195 51 225 241 46 93 201 248 12 170 31 137 54 120 116 193 165 38 144 3 52 7 110 95 84 74 123 203 191 148 238 2 239 78 147 40 30 246 32 240 192 184 174 28 108 24 65 205 73 22 88 111 
	Fitness: 44843214

Generacion 25
	Solucion: 206 100 153 168 94 163 119 219 1 6 212 187 44 180 57 134 202 23 102 161 138 14 129 143 25 85 149 36 29 233 89 236 76 19 121 224 189 55 8 253 197 91 42 209 172 59 242 50 176 47 126 33 109 82 250 214 79 11 158 247 97 216 175 80 194 151 104 124 67 53 223 16 199 141 112 155 132 255 227 106 70 115 21 229 166 185 61 72 146 48 221 4 69 49 64 232 211 162 34 210 81 77 188 157 254 127 251 26 228 249 125 220 18 198 183 252 15 177 60 179 245 75 39 17 96 68 41 133 114 103 173 200 222 45 243 83 13 208 145 63 231 9 56 235 128 142 131 20 169 237 117 86 105 167 230 160 37 181 90 135 113 107 101 62 190 207 92 98 213 58 10 66 35 156 136 118 5 204 159 226 43 196 215 154 122 217 87 218 152 140 186 234 244 99 0 130 71 139 164 182 178 150 171 27 195 51 225 241 46 93 201 248 12 170 31 137 54 120 116 193 165 38 144 3 52 7 110 95 84 74 123 203 191 148 238 2 239 78 147 40 30 246 32 240 192 184 174 28 108 24 65 205 73 22 88 111 
	Fitness: 44843214

Generacion 26
	Solucion: 206 100 153 168 94 163 119 219 1 6 212 187 44 180 57 134 202 23 102 161 138 14 129 143 25 85 149 36 29 233 89 236 76 19 121 224 189 55 8 253 197 91 42 209 172 59 242 50 176 47 126 33 109 82 250 214 79 11 158 247 97 216 175 80 194 151 104 124 67 53 223 16 199 141 112 155 132 255 227 106 70 115 21 229 166 185 61 72 146 48 221 4 69 49 64 232 211 162 34 210 81 77 188 157 254 127 251 26 228 249 125 220 18 198 183 252 15 177 60 179 245 75 39 17 96 68 41 133 114 103 173 200 222 45 243 83 13 208 145 63 231 9 56 235 128 142 131 20 169 237 117 86 105 167 230 160 37 181 90 135 113 107 101 62 190 207 92 98 213 58 10 66 35 156 136 118 5 204 159 226 43 196 215 154 122 217 87 218 152 140 186 234 244 99 0 130 71 139 164 182 178 150 171 27 195 51 225 241 46 93 201 248 12 170 31 137 54 120 116 193 165 38 144 3 52 7 110 95 84 74 123 203 191 148 238 2 239 78 147 40 30 246 32 240 192 184 174 28 108 24 65 205 73 22 88 111 
	Fitness: 44843214

Generacion 27
	Solucion: 206 100 153 168 94 163 119 219 1 6 212 187 44 180 57 134 202 23 102 161 138 14 129 143 25 85 149 36 29 233 89 236 76 19 121 224 189 55 8 253 197 91 42 209 172 59 242 50 176 47 126 33 109 82 250 214 79 11 158 247 97 216 175 80 194 151 104 124 67 53 223 16 199 141 112 155 132 255 227 106 70 115 21 229 166 185 61 72 146 48 221 4 69 49 64 232 211 162 34 210 81 77 188 157 254 127 251 26 228 249 125 220 18 198 183 252 15 177 60 179 245 75 39 17 96 68 41 133 114 103 173 200 222 45 243 83 13 208 145 63 231 9 56 235 128 142 131 20 169 237 117 86 105 167 230 160 37 181 90 135 113 107 101 62 190 207 92 98 213 58 10 66 35 156 136 118 5 204 159 226 43 196 215 154 122 217 87 218 152 140 186 234 244 99 0 130 71 139 164 182 178 150 171 27 195 51 225 241 46 93 201 248 12 170 31 137 54 120 116 193 165 38 144 3 52 7 110 95 84 74 123 203 191 148 238 2 239 78 147 40 30 246 32 240 192 184 174 28 108 24 65 205 73 22 88 111 
	Fitness: 44843214

Generacion 28
	Solucion: 206 100 153 168 94 163 119 219 1 6 212 187 44 180 57 134 202 23 102 161 138 14 129 143 25 85 149 36 29 233 89 236 76 19 121 224 189 55 8 253 197 91 42 209 172 59 242 50 176 47 126 33 109 82 250 214 79 11 158 247 97 216 175 80 194 151 104 124 67 53 223 16 199 141 112 155 132 255 227 106 70 115 21 229 166 185 61 72 146 48 221 4 69 49 64 232 211 162 34 210 81 77 188 157 254 127 251 26 228 249 125 220 18 198 183 252 15 177 60 179 245 75 39 17 96 68 41 133 114 103 173 200 222 45 243 83 13 208 145 63 231 9 56 235 128 142 131 20 169 237 117 86 105 167 230 160 37 181 90 135 113 107 101 62 190 207 92 98 213 58 10 66 35 156 136 118 5 204 159 226 43 196 215 154 122 217 87 218 152 140 186 234 244 99 0 130 71 139 164 182 178 150 171 27 195 51 225 241 46 93 201 248 12 170 31 137 54 120 116 193 165 38 144 3 52 7 110 95 84 74 123 203 191 148 238 2 239 78 147 40 30 246 32 240 192 184 174 28 108 24 65 205 73 22 88 111 
	Fitness: 44843214

Generacion 29
	Solucion: 206 100 153 168 94 163 119 219 1 6 212 187 44 180 57 134 202 23 102 161 138 14 129 143 25 85 149 36 29 233 89 236 76 19 121 224 189 55 8 253 197 91 42 209 172 59 242 50 176 47 126 33 109 82 250 214 79 11 158 247 97 216 175 80 194 151 104 124 67 53 223 16 199 141 112 155 132 255 227 106 70 115 21 229 166 185 61 72 146 48 221 4 69 49 64 232 211 162 34 210 81 77 188 157 254 127 251 26 228 249 125 220 18 198 183 252 15 177 60 179 245 75 39 17 96 68 41 133 114 103 173 200 222 45 243 83 13 208 145 63 231 9 56 235 128 142 131 20 169 237 117 86 105 167 230 160 37 181 90 135 113 107 101 62 190 207 92 98 213 58 10 66 35 156 136 118 5 204 159 226 43 196 215 154 122 217 87 218 152 140 186 234 244 99 0 130 71 139 164 182 178 150 171 27 195 51 225 241 46 93 201 248 12 170 31 137 54 120 116 193 165 38 144 3 52 7 110 95 84 74 123 203 191 148 238 2 239 78 147 40 30 246 32 240 192 184 174 28 108 24 65 205 73 22 88 111 
	Fitness: 44843214

Generacion 30
	Solucion: 206 100 153 168 94 163 119 219 1 6 212 187 44 180 57 134 202 23 102 161 138 14 129 143 25 85 149 36 29 233 89 236 76 19 121 224 189 55 8 253 197 91 42 209 172 59 242 50 176 47 126 33 109 82 250 214 79 11 158 247 97 216 175 80 194 151 104 124 67 53 223 16 199 141 112 155 132 255 227 106 70 115 21 229 166 185 61 72 146 48 221 4 69 49 64 232 211 162 34 210 81 77 188 157 254 127 251 26 228 249 125 220 18 198 183 252 15 177 60 179 245 75 39 17 96 68 41 133 114 103 173 200 222 45 243 83 13 208 145 63 231 9 56 235 128 142 131 20 169 237 117 86 105 167 230 160 37 181 90 135 113 107 101 62 190 207 92 98 213 58 10 66 35 156 136 118 5 204 159 226 43 196 215 154 122 217 87 218 152 140 186 234 244 99 0 130 71 139 164 182 178 150 171 27 195 51 225 241 46 93 201 248 12 170 31 137 54 120 116 193 165 38 144 3 52 7 110 95 84 74 123 203 191 148 238 2 239 78 147 40 30 246 32 240 192 184 174 28 108 24 65 205 73 22 88 111 
	Fitness: 44843214

Generacion 31
	Solucion: 206 100 153 168 94 163 119 219 1 6 212 187 44 180 57 134 202 23 102 161 138 14 129 143 25 85 149 36 29 233 89 236 76 19 121 224 189 55 8 253 197 91 42 209 172 59 242 50 176 47 126 33 109 82 250 214 79 11 158 247 97 216 175 80 194 151 104 124 67 53 223 16 199 141 112 155 132 255 227 106 70 115 21 229 166 185 61 72 146 48 221 4 69 49 64 232 211 162 34 210 81 77 188 157 254 127 251 26 228 249 125 220 18 198 183 252 15 177 60 179 245 75 39 17 96 68 41 133 114 103 173 200 222 45 243 83 13 208 145 63 231 9 56 235 128 142 131 20 169 237 117 86 105 167 230 160 37 181 90 135 113 107 101 62 190 207 92 98 213 58 10 66 35 156 136 118 5 204 159 226 43 196 215 154 122 217 87 218 152 140 186 234 244 99 0 130 71 139 164 182 178 150 171 27 195 51 225 241 46 93 201 248 12 170 31 137 54 120 116 193 165 38 144 3 52 7 110 95 84 74 123 203 191 148 238 2 239 78 147 40 30 246 32 240 192 184 174 28 108 24 65 205 73 22 88 111 
	Fitness: 44843214

Generacion 32
	Solucion: 206 100 153 168 94 163 119 219 1 6 212 187 44 180 57 134 202 23 102 161 138 14 129 143 25 85 149 36 29 233 89 236 76 19 121 224 189 55 8 253 197 91 42 209 172 59 242 50 176 47 126 33 109 82 250 214 79 11 158 247 97 216 175 80 194 151 104 124 67 53 223 16 199 141 112 155 132 255 227 106 70 115 21 229 166 185 61 72 146 48 221 4 69 49 64 232 211 162 34 210 81 77 188 157 254 127 251 26 228 249 125 220 18 198 183 252 15 177 60 179 245 75 39 17 96 68 41 133 114 103 173 200 222 45 243 83 13 208 145 63 231 9 56 235 128 142 131 20 169 237 117 86 105 167 230 160 37 181 90 135 113 107 101 62 190 207 92 98 213 58 10 66 35 156 136 118 5 204 159 226 43 196 215 154 122 217 87 218 152 140 186 234 244 99 0 130 71 139 164 182 178 150 171 27 195 51 225 241 46 93 201 248 12 170 31 137 54 120 116 193 165 38 144 3 52 7 110 95 84 74 123 203 191 148 238 2 239 78 147 40 30 246 32 240 192 184 174 28 108 24 65 205 73 22 88 111 
	Fitness: 44843214

Generacion 33
	Solucion: 206 100 153 168 94 163 119 219 1 6 212 187 44 180 57 134 202 23 102 161 138 14 129 143 25 85 149 36 29 233 89 236 76 19 121 224 189 55 8 253 197 91 42 209 172 59 242 50 176 47 126 33 109 82 250 214 79 11 158 247 97 216 175 80 194 151 104 124 67 53 223 16 199 141 112 155 132 255 227 106 70 115 21 229 166 185 61 72 146 48 221 4 69 49 64 232 211 162 34 210 81 77 188 157 254 127 251 26 228 249 125 220 18 198 183 252 15 177 60 179 245 75 39 17 96 68 41 133 114 103 173 200 222 45 243 83 13 208 145 63 231 9 56 235 128 142 131 20 169 237 117 86 105 167 230 160 37 181 90 135 113 107 101 62 190 207 92 98 213 58 10 66 35 156 136 118 5 204 159 226 43 196 215 154 122 217 87 218 152 140 186 234 244 99 0 130 71 139 164 182 178 150 171 27 195 51 225 241 46 93 201 248 12 170 31 137 54 120 116 193 165 38 144 3 52 7 110 95 84 74 123 203 191 148 238 2 239 78 147 40 30 246 32 240 192 184 174 28 108 24 65 205 73 22 88 111 
	Fitness: 44843214

Generacion 34
	Solucion: 206 100 153 168 94 163 119 219 1 6 212 187 44 180 57 134 202 23 102 161 138 14 129 143 25 85 149 36 29 233 89 236 76 19 121 224 189 55 8 253 197 91 42 209 172 59 242 50 176 47 126 33 109 82 250 214 79 11 158 247 97 216 175 80 194 151 104 124 67 53 223 16 199 141 112 155 132 255 227 106 70 115 21 229 166 185 61 72 146 48 221 4 69 49 64 232 211 162 34 210 81 77 188 157 254 127 251 26 228 249 125 220 18 198 183 252 15 177 60 179 245 75 39 17 96 68 41 133 114 103 173 200 222 45 243 83 13 208 145 63 231 9 56 235 128 142 131 20 169 237 117 86 105 167 230 160 37 181 90 135 113 107 101 62 190 207 92 98 213 58 10 66 35 156 136 118 5 204 159 226 43 196 215 154 122 217 87 218 152 140 186 234 244 99 0 130 71 139 164 182 178 150 171 27 195 51 225 241 46 93 201 248 12 170 31 137 54 120 116 193 165 38 144 3 52 7 110 95 84 74 123 203 191 148 238 2 239 78 147 40 30 246 32 240 192 184 174 28 108 24 65 205 73 22 88 111 
	Fitness: 44843214

Generacion 35
	Solucion: 206 100 153 168 94 163 119 219 1 6 212 187 44 180 57 134 202 23 102 161 138 14 129 143 25 85 149 36 29 233 89 236 76 19 121 224 189 55 8 253 197 91 42 209 172 59 242 50 176 47 126 33 109 82 250 214 79 11 158 247 97 216 175 80 194 151 104 124 67 53 223 16 199 141 112 155 132 255 227 106 70 115 21 229 166 185 61 72 146 48 221 4 69 49 64 232 211 162 34 210 81 77 188 157 254 127 251 26 228 249 125 220 18 198 183 252 15 177 60 179 245 75 39 17 96 68 41 133 114 103 173 200 222 45 243 83 13 208 145 63 231 9 56 235 128 142 131 20 169 237 117 86 105 167 230 160 37 181 90 135 113 107 101 62 190 207 92 98 213 58 10 66 35 156 136 118 5 204 159 226 43 196 215 154 122 217 87 218 152 140 186 234 244 99 0 130 71 139 164 182 178 150 171 27 195 51 225 241 46 93 201 248 12 170 31 137 54 120 116 193 165 38 144 3 52 7 110 95 84 74 123 203 191 148 238 2 239 78 147 40 30 246 32 240 192 184 174 28 108 24 65 205 73 22 88 111 
	Fitness: 44843214

Generacion 36
	Solucion: 206 100 153 168 94 163 119 219 1 6 212 187 44 180 57 134 202 23 102 161 138 14 129 143 25 85 149 36 29 233 89 236 76 19 121 224 189 55 8 253 197 91 42 209 172 59 242 50 176 47 126 33 109 82 250 214 79 11 158 247 97 216 175 80 194 151 104 124 67 53 223 16 199 141 112 155 132 255 227 106 70 115 21 229 166 185 61 72 146 48 221 4 69 49 64 232 211 162 34 210 81 77 188 157 254 127 251 26 228 249 125 220 18 198 183 252 15 177 60 179 245 75 39 17 96 68 41 133 114 103 173 200 222 45 243 83 13 208 145 63 231 9 56 235 128 142 131 20 169 237 117 86 105 167 230 160 37 181 90 135 113 107 101 62 190 207 92 98 213 58 10 66 35 156 136 118 5 204 159 226 43 196 215 154 122 217 87 218 152 140 186 234 244 99 0 130 71 139 164 182 178 150 171 27 195 51 225 241 46 93 201 248 12 170 31 137 54 120 116 193 165 38 144 3 52 7 110 95 84 74 123 203 191 148 238 2 239 78 147 40 30 246 32 240 192 184 174 28 108 24 65 205 73 22 88 111 
	Fitness: 44843214

Generacion 37
	Solucion: 206 100 153 168 94 163 119 219 1 6 212 187 44 180 57 134 202 23 102 161 138 14 129 143 25 85 149 36 29 233 89 236 76 19 121 224 189 55 8 253 197 91 42 209 172 59 242 50 176 47 126 33 109 82 250 214 79 11 158 247 97 216 175 80 194 151 104 124 67 53 223 16 199 141 112 155 132 255 227 106 70 115 21 229 166 185 61 72 146 48 221 4 69 49 64 232 211 162 34 210 81 77 188 157 254 127 251 26 228 249 125 220 18 198 183 252 15 177 60 179 245 75 39 17 96 68 41 133 114 103 173 200 222 45 243 83 13 208 145 63 231 9 56 235 128 142 131 20 169 237 117 86 105 167 230 160 37 181 90 135 113 107 101 62 190 207 92 98 213 58 10 66 35 156 136 118 5 204 159 226 43 196 215 154 122 217 87 218 152 140 186 234 244 99 0 130 71 139 164 182 178 150 171 27 195 51 225 241 46 93 201 248 12 170 31 137 54 120 116 193 165 38 144 3 52 7 110 95 84 74 123 203 191 148 238 2 239 78 147 40 30 246 32 240 192 184 174 28 108 24 65 205 73 22 88 111 
	Fitness: 44843214

Generacion 38
	Solucion: 206 100 153 168 94 163 119 219 1 6 212 187 44 180 57 134 202 23 102 161 138 14 129 143 25 85 149 36 29 233 89 236 76 19 121 224 189 55 8 253 197 91 42 209 172 59 242 50 176 47 126 33 109 82 250 214 79 11 158 247 97 216 175 80 194 151 104 124 67 53 223 16 199 141 112 155 132 255 227 106 70 115 21 229 166 185 61 72 146 48 221 4 69 49 64 232 211 162 34 210 81 77 188 157 254 127 251 26 228 249 125 220 18 198 183 252 15 177 60 179 245 75 39 17 96 68 41 133 114 103 173 200 222 45 243 83 13 208 145 63 231 9 56 235 128 142 131 20 169 237 117 86 105 167 230 160 37 181 90 135 113 107 101 62 190 207 92 98 213 58 10 66 35 156 136 118 5 204 159 226 43 196 215 154 122 217 87 218 152 140 186 234 244 99 0 130 71 139 164 182 178 150 171 27 195 51 225 241 46 93 201 248 12 170 31 137 54 120 116 193 165 38 144 3 52 7 110 95 84 74 123 203 191 148 238 2 239 78 147 40 30 246 32 240 192 184 174 28 108 24 65 205 73 22 88 111 
	Fitness: 44843214

Generacion 39
	Solucion: 206 100 153 168 94 163 119 219 1 6 212 187 44 180 57 134 202 23 102 161 138 14 129 143 25 85 149 36 29 233 89 236 76 19 121 224 189 55 8 253 197 91 42 209 172 59 242 50 176 47 126 33 109 82 250 214 79 11 158 247 97 216 175 80 194 151 104 124 67 53 223 16 199 141 112 155 132 255 227 106 70 115 21 229 166 185 61 72 146 48 221 4 69 49 64 232 211 162 34 210 81 77 188 157 254 127 251 26 228 249 125 220 18 198 183 252 15 177 60 179 245 75 39 17 96 68 41 133 114 103 173 200 222 45 243 83 13 208 145 63 231 9 56 235 128 142 131 20 169 237 117 86 105 167 230 160 37 181 90 135 113 107 101 62 190 207 92 98 213 58 10 66 35 156 136 118 5 204 159 226 43 196 215 154 122 217 87 218 152 140 186 234 244 99 0 130 71 139 164 182 178 150 171 27 195 51 225 241 46 93 201 248 12 170 31 137 54 120 116 193 165 38 144 3 52 7 110 95 84 74 123 203 191 148 238 2 239 78 147 40 30 246 32 240 192 184 174 28 108 24 65 205 73 22 88 111 
	Fitness: 44843214

Generacion 40
	Solucion: 206 100 153 168 94 163 119 219 1 6 212 187 44 180 57 134 202 23 102 161 138 14 129 143 25 85 149 36 29 233 89 236 76 19 121 224 189 55 8 253 197 91 42 209 172 59 242 50 176 47 126 33 109 82 250 214 79 11 158 247 97 216 175 80 194 151 104 124 67 53 223 16 199 141 112 155 132 255 227 106 70 115 21 229 166 185 61 72 146 48 221 4 69 49 64 232 211 162 34 210 81 77 188 157 254 127 251 26 228 249 125 220 18 198 183 252 15 177 60 179 245 75 39 17 96 68 41 133 114 103 173 200 222 45 243 83 13 208 145 63 231 9 56 235 128 142 131 20 169 237 117 86 105 167 230 160 37 181 90 135 113 107 101 62 190 207 92 98 213 58 10 66 35 156 136 118 5 204 159 226 43 196 215 154 122 217 87 218 152 140 186 234 244 99 0 130 71 139 164 182 178 150 171 27 195 51 225 241 46 93 201 248 12 170 31 137 54 120 116 193 165 38 144 3 52 7 110 95 84 74 123 203 191 148 238 2 239 78 147 40 30 246 32 240 192 184 174 28 108 24 65 205 73 22 88 111 
	Fitness: 44843214

Generacion 41
	Solucion: 206 100 153 168 94 163 119 219 1 6 212 187 44 180 57 134 202 23 102 161 138 14 129 143 25 85 149 36 29 233 89 236 76 19 121 224 189 55 8 253 197 91 42 209 172 59 242 50 176 47 126 33 109 82 250 214 79 11 158 247 97 216 175 80 194 151 104 124 67 53 223 16 199 141 112 155 132 255 227 106 70 115 21 229 166 185 61 72 146 48 221 4 69 49 64 232 211 162 34 210 81 77 188 157 254 127 251 26 228 249 125 220 18 198 183 252 15 177 60 179 245 75 39 17 96 68 41 133 114 103 173 200 222 45 243 83 13 208 145 63 231 9 56 235 128 142 131 20 169 237 117 86 105 167 230 160 37 181 90 135 113 107 101 62 190 207 92 98 213 58 10 66 35 156 136 118 5 204 159 226 43 196 215 154 122 217 87 218 152 140 186 234 244 99 0 130 71 139 164 182 178 150 171 27 195 51 225 241 46 93 201 248 12 170 31 137 54 120 116 193 165 38 144 3 52 7 110 95 84 74 123 203 191 148 238 2 239 78 147 40 30 246 32 240 192 184 174 28 108 24 65 205 73 22 88 111 
	Fitness: 44843214

Generacion 42
	Solucion: 206 100 153 168 94 163 119 219 1 6 212 187 44 180 57 134 202 23 102 161 138 14 129 143 25 85 149 36 29 233 89 236 76 19 121 224 189 55 8 253 197 91 42 209 172 59 242 50 176 47 126 33 109 82 250 214 79 11 158 247 97 216 175 80 194 151 104 124 67 53 223 16 199 141 112 155 132 255 227 106 70 115 21 229 166 185 61 72 146 48 221 4 69 49 64 232 211 162 34 210 81 77 188 157 254 127 251 26 228 249 125 220 18 198 183 252 15 177 60 179 245 75 39 17 96 68 41 133 114 103 173 200 222 45 243 83 13 208 145 63 231 9 56 235 128 142 131 20 169 237 117 86 105 167 230 160 37 181 90 135 113 107 101 62 190 207 92 98 213 58 10 66 35 156 136 118 5 204 159 226 43 196 215 154 122 217 87 218 152 140 186 234 244 99 0 130 71 139 164 182 178 150 171 27 195 51 225 241 46 93 201 248 12 170 31 137 54 120 116 193 165 38 144 3 52 7 110 95 84 74 123 203 191 148 238 2 239 78 147 40 30 246 32 240 192 184 174 28 108 24 65 205 73 22 88 111 
	Fitness: 44843214

Generacion 43
	Solucion: 206 100 153 168 94 163 119 219 1 6 212 187 44 180 57 134 202 23 102 161 138 14 129 143 25 85 149 36 29 233 89 236 76 19 121 224 189 55 8 253 197 91 42 209 172 59 242 50 176 47 126 33 109 82 250 214 79 11 158 247 97 216 175 80 194 151 104 124 67 53 223 16 199 141 112 155 132 255 227 106 70 115 21 229 166 185 61 72 146 48 221 4 69 49 64 232 211 162 34 210 81 77 188 157 254 127 251 26 228 249 125 220 18 198 183 252 15 177 60 179 245 75 39 17 96 68 41 133 114 103 173 200 222 45 243 83 13 208 145 63 231 9 56 235 128 142 131 20 169 237 117 86 105 167 230 160 37 181 90 135 113 107 101 62 190 207 92 98 213 58 10 66 35 156 136 118 5 204 159 226 43 196 215 154 122 217 87 218 152 140 186 234 244 99 0 130 71 139 164 182 178 150 171 27 195 51 225 241 46 93 201 248 12 170 31 137 54 120 116 193 165 38 144 3 52 7 110 95 84 74 123 203 191 148 238 2 239 78 147 40 30 246 32 240 192 184 174 28 108 24 65 205 73 22 88 111 
	Fitness: 44843214

Generacion 44
	Solucion: 206 100 153 168 94 163 119 219 1 6 212 187 44 180 57 134 202 23 102 161 138 14 129 143 25 85 149 36 29 233 89 236 76 19 121 224 189 55 8 253 197 91 42 209 172 59 242 50 176 47 126 33 109 82 250 214 79 11 158 247 97 216 175 80 194 151 104 124 67 53 223 16 199 141 112 155 132 255 227 106 70 115 21 229 166 185 61 72 146 48 221 4 69 49 64 232 211 162 34 210 81 77 188 157 254 127 251 26 228 249 125 220 18 198 183 252 15 177 60 179 245 75 39 17 96 68 41 133 114 103 173 200 222 45 243 83 13 208 145 63 231 9 56 235 128 142 131 20 169 237 117 86 105 167 230 160 37 181 90 135 113 107 101 62 190 207 92 98 213 58 10 66 35 156 136 118 5 204 159 226 43 196 215 154 122 217 87 218 152 140 186 234 244 99 0 130 71 139 164 182 178 150 171 27 195 51 225 241 46 93 201 248 12 170 31 137 54 120 116 193 165 38 144 3 52 7 110 95 84 74 123 203 191 148 238 2 239 78 147 40 30 246 32 240 192 184 174 28 108 24 65 205 73 22 88 111 
	Fitness: 44843214

Generacion 45
	Solucion: 206 100 153 168 94 163 119 219 1 6 212 187 44 180 57 134 202 23 102 161 138 14 129 143 25 85 149 36 29 233 89 236 76 19 121 224 189 55 8 253 197 91 42 209 172 59 242 50 176 47 126 33 109 82 250 214 79 11 158 247 97 216 175 80 194 151 104 124 67 53 223 16 199 141 112 155 132 255 227 106 70 115 21 229 166 185 61 72 146 48 221 4 69 49 64 232 211 162 34 210 81 77 188 157 254 127 251 26 228 249 125 220 18 198 183 252 15 177 60 179 245 75 39 17 96 68 41 133 114 103 173 200 222 45 243 83 13 208 145 63 231 9 56 235 128 142 131 20 169 237 117 86 105 167 230 160 37 181 90 135 113 107 101 62 190 207 92 98 213 58 10 66 35 156 136 118 5 204 159 226 43 196 215 154 122 217 87 218 152 140 186 234 244 99 0 130 71 139 164 182 178 150 171 27 195 51 225 241 46 93 201 248 12 170 31 137 54 120 116 193 165 38 144 3 52 7 110 95 84 74 123 203 191 148 238 2 239 78 147 40 30 246 32 240 192 184 174 28 108 24 65 205 73 22 88 111 
	Fitness: 44843214

Generacion 46
	Solucion: 206 100 153 168 94 163 119 219 1 6 212 187 44 180 57 134 202 23 102 161 138 14 129 143 25 85 149 36 29 233 89 236 76 19 121 224 189 55 8 253 197 91 42 209 172 59 242 50 176 47 126 33 109 82 250 214 79 11 158 247 97 216 175 80 194 151 104 124 67 53 223 16 199 141 112 155 132 255 227 106 70 115 21 229 166 185 61 72 146 48 221 4 69 49 64 232 211 162 34 210 81 77 188 157 254 127 251 26 228 249 125 220 18 198 183 252 15 177 60 179 245 75 39 17 96 68 41 133 114 103 173 200 222 45 243 83 13 208 145 63 231 9 56 235 128 142 131 20 169 237 117 86 105 167 230 160 37 181 90 135 113 107 101 62 190 207 92 98 213 58 10 66 35 156 136 118 5 204 159 226 43 196 215 154 122 217 87 218 152 140 186 234 244 99 0 130 71 139 164 182 178 150 171 27 195 51 225 241 46 93 201 248 12 170 31 137 54 120 116 193 165 38 144 3 52 7 110 95 84 74 123 203 191 148 238 2 239 78 147 40 30 246 32 240 192 184 174 28 108 24 65 205 73 22 88 111 
	Fitness: 44843214

Generacion 47
	Solucion: 206 100 153 168 94 163 119 219 1 6 212 187 44 180 57 134 202 23 102 161 138 14 129 143 25 85 149 36 29 233 89 236 76 19 121 224 189 55 8 253 197 91 42 209 172 59 242 50 176 47 126 33 109 82 250 214 79 11 158 247 97 216 175 80 194 151 104 124 67 53 223 16 199 141 112 155 132 255 227 106 70 115 21 229 166 185 61 72 146 48 221 4 69 49 64 232 211 162 34 210 81 77 188 157 254 127 251 26 228 249 125 220 18 198 183 252 15 177 60 179 245 75 39 17 96 68 41 133 114 103 173 200 222 45 243 83 13 208 145 63 231 9 56 235 128 142 131 20 169 237 117 86 105 167 230 160 37 181 90 135 113 107 101 62 190 207 92 98 213 58 10 66 35 156 136 118 5 204 159 226 43 196 215 154 122 217 87 218 152 140 186 234 244 99 0 130 71 139 164 182 178 150 171 27 195 51 225 241 46 93 201 248 12 170 31 137 54 120 116 193 165 38 144 3 52 7 110 95 84 74 123 203 191 148 238 2 239 78 147 40 30 246 32 240 192 184 174 28 108 24 65 205 73 22 88 111 
	Fitness: 44843214

Generacion 48
	Solucion: 206 100 153 168 94 163 119 219 1 6 212 187 44 180 57 134 202 23 102 161 138 14 129 143 25 85 149 36 29 233 89 236 76 19 121 224 189 55 8 253 197 91 42 209 172 59 242 50 176 47 126 33 109 82 250 214 79 11 158 247 97 216 175 80 194 151 104 124 67 53 223 16 199 141 112 155 132 255 227 106 70 115 21 229 166 185 61 72 146 48 221 4 69 49 64 232 211 162 34 210 81 77 188 157 254 127 251 26 228 249 125 220 18 198 183 252 15 177 60 179 245 75 39 17 96 68 41 133 114 103 173 200 222 45 243 83 13 208 145 63 231 9 56 235 128 142 131 20 169 237 117 86 105 167 230 160 37 181 90 135 113 107 101 62 190 207 92 98 213 58 10 66 35 156 136 118 5 204 159 226 43 196 215 154 122 217 87 218 152 140 186 234 244 99 0 130 71 139 164 182 178 150 171 27 195 51 225 241 46 93 201 248 12 170 31 137 54 120 116 193 165 38 144 3 52 7 110 95 84 74 123 203 191 148 238 2 239 78 147 40 30 246 32 240 192 184 174 28 108 24 65 205 73 22 88 111 
	Fitness: 44843214

Generacion 49
	Solucion: 206 100 153 168 94 163 119 219 1 6 212 187 44 180 57 134 202 23 102 161 138 14 129 143 25 85 149 36 29 233 89 236 76 19 121 224 189 55 8 253 197 91 42 209 172 59 242 50 176 47 126 33 109 82 250 214 79 11 158 247 97 216 175 80 194 151 104 124 67 53 223 16 199 141 112 155 132 255 227 106 70 115 21 229 166 185 61 72 146 48 221 4 69 49 64 232 211 162 34 210 81 77 188 157 254 127 251 26 228 249 125 220 18 198 183 252 15 177 60 179 245 75 39 17 96 68 41 133 114 103 173 200 222 45 243 83 13 208 145 63 231 9 56 235 128 142 131 20 169 237 117 86 105 167 230 160 37 181 90 135 113 107 101 62 190 207 92 98 213 58 10 66 35 156 136 118 5 204 159 226 43 196 215 154 122 217 87 218 152 140 186 234 244 99 0 130 71 139 164 182 178 150 171 27 195 51 225 241 46 93 201 248 12 170 31 137 54 120 116 193 165 38 144 3 52 7 110 95 84 74 123 203 191 148 238 2 239 78 147 40 30 246 32 240 192 184 174 28 108 24 65 205 73 22 88 111 
	Fitness: 44843214

Generacion 50
	Solucion: 206 100 153 168 94 163 119 219 1 6 212 187 44 180 57 134 202 23 102 161 138 14 129 143 25 85 149 36 29 233 89 236 76 19 121 224 189 55 8 253 197 91 42 209 172 59 242 50 176 47 126 33 109 82 250 214 79 11 158 247 97 216 175 80 194 151 104 124 67 53 223 16 199 141 112 155 132 255 227 106 70 115 21 229 166 185 61 72 146 48 221 4 69 49 64 232 211 162 34 210 81 77 188 157 254 127 251 26 228 249 125 220 18 198 183 252 15 177 60 179 245 75 39 17 96 68 41 133 114 103 173 200 222 45 243 83 13 208 145 63 231 9 56 235 128 142 131 20 169 237 117 86 105 167 230 160 37 181 90 135 113 107 101 62 190 207 92 98 213 58 10 66 35 156 136 118 5 204 159 226 43 196 215 154 122 217 87 218 152 140 186 234 244 99 0 130 71 139 164 182 178 150 171 27 195 51 225 241 46 93 201 248 12 170 31 137 54 120 116 193 165 38 144 3 52 7 110 95 84 74 123 203 191 148 238 2 239 78 147 40 30 246 32 240 192 184 174 28 108 24 65 205 73 22 88 111 
	Fitness: 44843214

Generacion 51
	Solucion: 206 100 153 168 94 163 119 219 1 6 212 187 44 180 57 134 202 23 102 161 138 14 129 143 25 85 149 36 29 233 89 236 76 19 121 224 189 55 8 253 197 91 42 209 172 59 242 50 176 47 126 33 109 82 250 214 79 11 158 247 97 216 175 80 194 151 104 124 67 53 223 16 199 141 112 155 132 255 227 106 70 115 21 229 166 185 61 72 146 48 221 4 69 49 64 232 211 162 34 210 81 77 188 157 254 127 251 26 228 249 125 220 18 198 183 252 15 177 60 179 245 75 39 17 96 68 41 133 114 103 173 200 222 45 243 83 13 208 145 63 231 9 56 235 128 142 131 20 169 237 117 86 105 167 230 160 37 181 90 135 113 107 101 62 190 207 92 98 213 58 10 66 35 156 136 118 5 204 159 226 43 196 215 154 122 217 87 218 152 140 186 234 244 99 0 130 71 139 164 182 178 150 171 27 195 51 225 241 46 93 201 248 12 170 31 137 54 120 116 193 165 38 144 3 52 7 110 95 84 74 123 203 191 148 238 2 239 78 147 40 30 246 32 240 192 184 174 28 108 24 65 205 73 22 88 111 
	Fitness: 44843214

Generacion 52
	Solucion: 206 100 153 168 94 163 119 219 1 6 212 187 44 180 57 134 202 23 102 161 138 14 129 143 25 85 149 36 29 233 89 236 76 19 121 224 189 55 8 253 197 91 42 209 172 59 242 50 176 47 126 33 109 82 250 214 79 11 158 247 97 216 175 80 194 151 104 124 67 53 223 16 199 141 112 155 132 255 227 106 70 115 21 229 166 185 61 72 146 48 221 4 69 49 64 232 211 162 34 210 81 77 188 157 254 127 251 26 228 249 125 220 18 198 183 252 15 177 60 179 245 75 39 17 96 68 41 133 114 103 173 200 222 45 243 83 13 208 145 63 231 9 56 235 128 142 131 20 169 237 117 86 105 167 230 160 37 181 90 135 113 107 101 62 190 207 92 98 213 58 10 66 35 156 136 118 5 204 159 226 43 196 215 154 122 217 87 218 152 140 186 234 244 99 0 130 71 139 164 182 178 150 171 27 195 51 225 241 46 93 201 248 12 170 31 137 54 120 116 193 165 38 144 3 52 7 110 95 84 74 123 203 191 148 238 2 239 78 147 40 30 246 32 240 192 184 174 28 108 24 65 205 73 22 88 111 
	Fitness: 44843214

Generacion 53
	Solucion: 206 100 153 168 94 163 119 219 1 6 212 187 44 180 57 134 202 23 102 161 138 14 129 143 25 85 149 36 29 233 89 236 76 19 121 224 189 55 8 253 197 91 42 209 172 59 242 50 176 47 126 33 109 82 250 214 79 11 158 247 97 216 175 80 194 151 104 124 67 53 223 16 199 141 112 155 132 255 227 106 70 115 21 229 166 185 61 72 146 48 221 4 69 49 64 232 211 162 34 210 81 77 188 157 254 127 251 26 228 249 125 220 18 198 183 252 15 177 60 179 245 75 39 17 96 68 41 133 114 103 173 200 222 45 243 83 13 208 145 63 231 9 56 235 128 142 131 20 169 237 117 86 105 167 230 160 37 181 90 135 113 107 101 62 190 207 92 98 213 58 10 66 35 156 136 118 5 204 159 226 43 196 215 154 122 217 87 218 152 140 186 234 244 99 0 130 71 139 164 182 178 150 171 27 195 51 225 241 46 93 201 248 12 170 31 137 54 120 116 193 165 38 144 3 52 7 110 95 84 74 123 203 191 148 238 2 239 78 147 40 30 246 32 240 192 184 174 28 108 24 65 205 73 22 88 111 
	Fitness: 44843214

Generacion 54
	Solucion: 206 100 153 168 94 163 119 219 1 6 212 187 44 180 57 134 202 23 102 161 138 14 129 143 25 85 149 36 29 233 89 236 76 19 121 224 189 55 8 253 197 91 42 209 172 59 242 50 176 47 126 33 109 82 250 214 79 11 158 247 97 216 175 80 194 151 104 124 67 53 223 16 199 141 112 155 132 255 227 106 70 115 21 229 166 185 61 72 146 48 221 4 69 49 64 232 211 162 34 210 81 77 188 157 254 127 251 26 228 249 125 220 18 198 183 252 15 177 60 179 245 75 39 17 96 68 41 133 114 103 173 200 222 45 243 83 13 208 145 63 231 9 56 235 128 142 131 20 169 237 117 86 105 167 230 160 37 181 90 135 113 107 101 62 190 207 92 98 213 58 10 66 35 156 136 118 5 204 159 226 43 196 215 154 122 217 87 218 152 140 186 234 244 99 0 130 71 139 164 182 178 150 171 27 195 51 225 241 46 93 201 248 12 170 31 137 54 120 116 193 165 38 144 3 52 7 110 95 84 74 123 203 191 148 238 2 239 78 147 40 30 246 32 240 192 184 174 28 108 24 65 205 73 22 88 111 
	Fitness: 44843214

Generacion 55
	Solucion: 206 100 153 168 94 163 119 219 1 6 212 187 44 180 57 134 202 23 102 161 138 14 129 143 25 85 149 36 29 233 89 236 76 19 121 224 189 55 8 253 197 91 42 209 172 59 242 50 176 47 126 33 109 82 250 214 79 11 158 247 97 216 175 80 194 151 104 124 67 53 223 16 199 141 112 155 132 255 227 106 70 115 21 229 166 185 61 72 146 48 221 4 69 49 64 232 211 162 34 210 81 77 188 157 254 127 251 26 228 249 125 220 18 198 183 252 15 177 60 179 245 75 39 17 96 68 41 133 114 103 173 200 222 45 243 83 13 208 145 63 231 9 56 235 128 142 131 20 169 237 117 86 105 167 230 160 37 181 90 135 113 107 101 62 190 207 92 98 213 58 10 66 35 156 136 118 5 204 159 226 43 196 215 154 122 217 87 218 152 140 186 234 244 99 0 130 71 139 164 182 178 150 171 27 195 51 225 241 46 93 201 248 12 170 31 137 54 120 116 193 165 38 144 3 52 7 110 95 84 74 123 203 191 148 238 2 239 78 147 40 30 246 32 240 192 184 174 28 108 24 65 205 73 22 88 111 
	Fitness: 44843214

Generacion 56
	Solucion: 206 100 153 168 94 163 119 219 1 6 212 187 44 180 57 134 202 23 102 161 138 14 129 143 25 85 149 36 29 233 89 236 76 19 121 224 189 55 8 253 197 91 42 209 172 59 242 50 176 47 126 33 109 82 250 214 79 11 158 247 97 216 175 80 194 151 104 124 67 53 223 16 199 141 112 155 132 255 227 106 70 115 21 229 166 185 61 72 146 48 221 4 69 49 64 232 211 162 34 210 81 77 188 157 254 127 251 26 228 249 125 220 18 198 183 252 15 177 60 179 245 75 39 17 96 68 41 133 114 103 173 200 222 45 243 83 13 208 145 63 231 9 56 235 128 142 131 20 169 237 117 86 105 167 230 160 37 181 90 135 113 107 101 62 190 207 92 98 213 58 10 66 35 156 136 118 5 204 159 226 43 196 215 154 122 217 87 218 152 140 186 234 244 99 0 130 71 139 164 182 178 150 171 27 195 51 225 241 46 93 201 248 12 170 31 137 54 120 116 193 165 38 144 3 52 7 110 95 84 74 123 203 191 148 238 2 239 78 147 40 30 246 32 240 192 184 174 28 108 24 65 205 73 22 88 111 
	Fitness: 44843214

Generacion 57
	Solucion: 206 100 153 168 94 163 119 219 1 6 212 187 44 180 57 134 202 23 102 161 138 14 129 143 25 85 149 36 29 233 89 236 76 19 121 224 189 55 8 253 197 91 42 209 172 59 242 50 176 47 126 33 109 82 250 214 79 11 158 247 97 216 175 80 194 151 104 124 67 53 223 16 199 141 112 155 132 255 227 106 70 115 21 229 166 185 61 72 146 48 221 4 69 49 64 232 211 162 34 210 81 77 188 157 254 127 251 26 228 249 125 220 18 198 183 252 15 177 60 179 245 75 39 17 96 68 41 133 114 103 173 200 222 45 243 83 13 208 145 63 231 9 56 235 128 142 131 20 169 237 117 86 105 167 230 160 37 181 90 135 113 107 101 62 190 207 92 98 213 58 10 66 35 156 136 118 5 204 159 226 43 196 215 154 122 217 87 218 152 140 186 234 244 99 0 130 71 139 164 182 178 150 171 27 195 51 225 241 46 93 201 248 12 170 31 137 54 120 116 193 165 38 144 3 52 7 110 95 84 74 123 203 191 148 238 2 239 78 147 40 30 246 32 240 192 184 174 28 108 24 65 205 73 22 88 111 
	Fitness: 44843214

Generacion 58
	Solucion: 206 100 153 168 94 163 119 219 1 6 212 187 44 180 57 134 202 23 102 161 138 14 129 143 25 85 149 36 29 233 89 236 76 19 121 224 189 55 8 253 197 91 42 209 172 59 242 50 176 47 126 33 109 82 250 214 79 11 158 247 97 216 175 80 194 151 104 124 67 53 223 16 199 141 112 155 132 255 227 106 70 115 21 229 166 185 61 72 146 48 221 4 69 49 64 232 211 162 34 210 81 77 188 157 254 127 251 26 228 249 125 220 18 198 183 252 15 177 60 179 245 75 39 17 96 68 41 133 114 103 173 200 222 45 243 83 13 208 145 63 231 9 56 235 128 142 131 20 169 237 117 86 105 167 230 160 37 181 90 135 113 107 101 62 190 207 92 98 213 58 10 66 35 156 136 118 5 204 159 226 43 196 215 154 122 217 87 218 152 140 186 234 244 99 0 130 71 139 164 182 178 150 171 27 195 51 225 241 46 93 201 248 12 170 31 137 54 120 116 193 165 38 144 3 52 7 110 95 84 74 123 203 191 148 238 2 239 78 147 40 30 246 32 240 192 184 174 28 108 24 65 205 73 22 88 111 
	Fitness: 44843214

Generacion 59
	Solucion: 206 100 153 168 94 163 119 219 1 6 212 187 44 180 57 134 202 23 102 161 138 14 129 143 25 85 149 36 29 233 89 236 76 19 121 224 189 55 8 253 197 91 42 209 172 59 242 50 176 47 126 33 109 82 250 214 79 11 158 247 97 216 175 80 194 151 104 124 67 53 223 16 199 141 112 155 132 255 227 106 70 115 21 229 166 185 61 72 146 48 221 4 69 49 64 232 211 162 34 210 81 77 188 157 254 127 251 26 228 249 125 220 18 198 183 252 15 177 60 179 245 75 39 17 96 68 41 133 114 103 173 200 222 45 243 83 13 208 145 63 231 9 56 235 128 142 131 20 169 237 117 86 105 167 230 160 37 181 90 135 113 107 101 62 190 207 92 98 213 58 10 66 35 156 136 118 5 204 159 226 43 196 215 154 122 217 87 218 152 140 186 234 244 99 0 130 71 139 164 182 178 150 171 27 195 51 225 241 46 93 201 248 12 170 31 137 54 120 116 193 165 38 144 3 52 7 110 95 84 74 123 203 191 148 238 2 239 78 147 40 30 246 32 240 192 184 174 28 108 24 65 205 73 22 88 111 
	Fitness: 44843214

Generacion 60
	Solucion: 206 100 153 168 94 163 119 219 1 6 212 187 44 180 57 134 202 23 102 161 138 14 129 143 25 85 149 36 29 233 89 236 76 19 121 224 189 55 8 253 197 91 42 209 172 59 242 50 176 47 126 33 109 82 250 214 79 11 158 247 97 216 175 80 194 151 104 124 67 53 223 16 199 141 112 155 132 255 227 106 70 115 21 229 166 185 61 72 146 48 221 4 69 49 64 232 211 162 34 210 81 77 188 157 254 127 251 26 228 249 125 220 18 198 183 252 15 177 60 179 245 75 39 17 96 68 41 133 114 103 173 200 222 45 243 83 13 208 145 63 231 9 56 235 128 142 131 20 169 237 117 86 105 167 230 160 37 181 90 135 113 107 101 62 190 207 92 98 213 58 10 66 35 156 136 118 5 204 159 226 43 196 215 154 122 217 87 218 152 140 186 234 244 99 0 130 71 139 164 182 178 150 171 27 195 51 225 241 46 93 201 248 12 170 31 137 54 120 116 193 165 38 144 3 52 7 110 95 84 74 123 203 191 148 238 2 239 78 147 40 30 246 32 240 192 184 174 28 108 24 65 205 73 22 88 111 
	Fitness: 44843214

Generacion 61
	Solucion: 206 100 153 168 94 163 119 219 1 6 212 187 44 180 57 134 202 23 102 161 138 14 129 143 25 85 149 36 29 233 89 236 76 19 121 224 189 55 8 253 197 91 42 209 172 59 242 50 176 47 126 33 109 82 250 214 79 11 158 247 97 216 175 80 194 151 104 124 67 53 223 16 199 141 112 155 132 255 227 106 70 115 21 229 166 185 61 72 146 48 221 4 69 49 64 232 211 162 34 210 81 77 188 157 254 127 251 26 228 249 125 220 18 198 183 252 15 177 60 179 245 75 39 17 96 68 41 133 114 103 173 200 222 45 243 83 13 208 145 63 231 9 56 235 128 142 131 20 169 237 117 86 105 167 230 160 37 181 90 135 113 107 101 62 190 207 92 98 213 58 10 66 35 156 136 118 5 204 159 226 43 196 215 154 122 217 87 218 152 140 186 234 244 99 0 130 71 139 164 182 178 150 171 27 195 51 225 241 46 93 201 248 12 170 31 137 54 120 116 193 165 38 144 3 52 7 110 95 84 74 123 203 191 148 238 2 239 78 147 40 30 246 32 240 192 184 174 28 108 24 65 205 73 22 88 111 
	Fitness: 44843214

Generacion 62
	Solucion: 206 100 153 168 94 163 119 219 1 6 212 187 44 180 57 134 202 23 102 161 138 14 129 143 25 85 149 36 29 233 89 236 76 19 121 224 189 55 8 253 197 91 42 209 172 59 242 50 176 47 126 33 109 82 250 214 79 11 158 247 97 216 175 80 194 151 104 124 67 53 223 16 199 141 112 155 132 255 227 106 70 115 21 229 166 185 61 72 146 48 221 4 69 49 64 232 211 162 34 210 81 77 188 157 254 127 251 26 228 249 125 220 18 198 183 252 15 177 60 179 245 75 39 17 96 68 41 133 114 103 173 200 222 45 243 83 13 208 145 63 231 9 56 235 128 142 131 20 169 237 117 86 105 167 230 160 37 181 90 135 113 107 101 62 190 207 92 98 213 58 10 66 35 156 136 118 5 204 159 226 43 196 215 154 122 217 87 218 152 140 186 234 244 99 0 130 71 139 164 182 178 150 171 27 195 51 225 241 46 93 201 248 12 170 31 137 54 120 116 193 165 38 144 3 52 7 110 95 84 74 123 203 191 148 238 2 239 78 147 40 30 246 32 240 192 184 174 28 108 24 65 205 73 22 88 111 
	Fitness: 44843214

Generacion 63
	Solucion: 206 100 153 168 94 163 119 219 1 6 212 187 44 180 57 134 202 23 102 161 138 14 129 143 25 85 149 36 29 233 89 236 76 19 121 224 189 55 8 253 197 91 42 209 172 59 242 50 176 47 126 33 109 82 250 214 79 11 158 247 97 216 175 80 194 151 104 124 67 53 223 16 199 141 112 155 132 255 227 106 70 115 21 229 166 185 61 72 146 48 221 4 69 49 64 232 211 162 34 210 81 77 188 157 254 127 251 26 228 249 125 220 18 198 183 252 15 177 60 179 245 75 39 17 96 68 41 133 114 103 173 200 222 45 243 83 13 208 145 63 231 9 56 235 128 142 131 20 169 237 117 86 105 167 230 160 37 181 90 135 113 107 101 62 190 207 92 98 213 58 10 66 35 156 136 118 5 204 159 226 43 196 215 154 122 217 87 218 152 140 186 234 244 99 0 130 71 139 164 182 178 150 171 27 195 51 225 241 46 93 201 248 12 170 31 137 54 120 116 193 165 38 144 3 52 7 110 95 84 74 123 203 191 148 238 2 239 78 147 40 30 246 32 240 192 184 174 28 108 24 65 205 73 22 88 111 
	Fitness: 44843214

Generacion 64
	Solucion: 206 100 153 168 94 163 119 219 1 6 212 187 44 180 57 134 202 23 102 161 138 14 129 143 25 85 149 36 29 233 89 236 76 19 121 224 189 55 8 253 197 91 42 209 172 59 242 50 176 47 126 33 109 82 250 214 79 11 158 247 97 216 175 80 194 151 104 124 67 53 223 16 199 141 112 155 132 255 227 106 70 115 21 229 166 185 61 72 146 48 221 4 69 49 64 232 211 162 34 210 81 77 188 157 254 127 251 26 228 249 125 220 18 198 183 252 15 177 60 179 245 75 39 17 96 68 41 133 114 103 173 200 222 45 243 83 13 208 145 63 231 9 56 235 128 142 131 20 169 237 117 86 105 167 230 160 37 181 90 135 113 107 101 62 190 207 92 98 213 58 10 66 35 156 136 118 5 204 159 226 43 196 215 154 122 217 87 218 152 140 186 234 244 99 0 130 71 139 164 182 178 150 171 27 195 51 225 241 46 93 201 248 12 170 31 137 54 120 116 193 165 38 144 3 52 7 110 95 84 74 123 203 191 148 238 2 239 78 147 40 30 246 32 240 192 184 174 28 108 24 65 205 73 22 88 111 
	Fitness: 44843214

Generacion 65
	Solucion: 206 100 153 168 94 163 119 219 1 6 212 187 44 180 57 134 202 23 102 161 138 14 129 143 25 85 149 36 29 233 89 236 76 19 121 224 189 55 8 253 197 91 42 209 172 59 242 50 176 47 126 33 109 82 250 214 79 11 158 247 97 216 175 80 194 151 104 124 67 53 223 16 199 141 112 155 132 255 227 106 70 115 21 229 166 185 61 72 146 48 221 4 69 49 64 232 211 162 34 210 81 77 188 157 254 127 251 26 228 249 125 220 18 198 183 252 15 177 60 179 245 75 39 17 96 68 41 133 114 103 173 200 222 45 243 83 13 208 145 63 231 9 56 235 128 142 131 20 169 237 117 86 105 167 230 160 37 181 90 135 113 107 101 62 190 207 92 98 213 58 10 66 35 156 136 118 5 204 159 226 43 196 215 154 122 217 87 218 152 140 186 234 244 99 0 130 71 139 164 182 178 150 171 27 195 51 225 241 46 93 201 248 12 170 31 137 54 120 116 193 165 38 144 3 52 7 110 95 84 74 123 203 191 148 238 2 239 78 147 40 30 246 32 240 192 184 174 28 108 24 65 205 73 22 88 111 
	Fitness: 44843214

Generacion 66
	Solucion: 206 100 153 168 94 163 119 219 1 6 212 187 44 180 57 134 202 23 102 161 138 14 129 143 25 85 149 36 29 233 89 236 76 19 121 224 189 55 8 253 197 91 42 209 172 59 242 50 176 47 126 33 109 82 250 214 79 11 158 247 97 216 175 80 194 151 104 124 67 53 223 16 199 141 112 155 132 255 227 106 70 115 21 229 166 185 61 72 146 48 221 4 69 49 64 232 211 162 34 210 81 77 188 157 254 127 251 26 228 249 125 220 18 198 183 252 15 177 60 179 245 75 39 17 96 68 41 133 114 103 173 200 222 45 243 83 13 208 145 63 231 9 56 235 128 142 131 20 169 237 117 86 105 167 230 160 37 181 90 135 113 107 101 62 190 207 92 98 213 58 10 66 35 156 136 118 5 204 159 226 43 196 215 154 122 217 87 218 152 140 186 234 244 99 0 130 71 139 164 182 178 150 171 27 195 51 225 241 46 93 201 248 12 170 31 137 54 120 116 193 165 38 144 3 52 7 110 95 84 74 123 203 191 148 238 2 239 78 147 40 30 246 32 240 192 184 174 28 108 24 65 205 73 22 88 111 
	Fitness: 44843214

Generacion 67
	Solucion: 206 100 153 168 94 163 119 219 1 6 212 187 44 180 57 134 202 23 102 161 138 14 129 143 25 85 149 36 29 233 89 236 76 19 121 224 189 55 8 253 197 91 42 209 172 59 242 50 176 47 126 33 109 82 250 214 79 11 158 247 97 216 175 80 194 151 104 124 67 53 223 16 199 141 112 155 132 255 227 106 70 115 21 229 166 185 61 72 146 48 221 4 69 49 64 232 211 162 34 210 81 77 188 157 254 127 251 26 228 249 125 220 18 198 183 252 15 177 60 179 245 75 39 17 96 68 41 133 114 103 173 200 222 45 243 83 13 208 145 63 231 9 56 235 128 142 131 20 169 237 117 86 105 167 230 160 37 181 90 135 113 107 101 62 190 207 92 98 213 58 10 66 35 156 136 118 5 204 159 226 43 196 215 154 122 217 87 218 152 140 186 234 244 99 0 130 71 139 164 182 178 150 171 27 195 51 225 241 46 93 201 248 12 170 31 137 54 120 116 193 165 38 144 3 52 7 110 95 84 74 123 203 191 148 238 2 239 78 147 40 30 246 32 240 192 184 174 28 108 24 65 205 73 22 88 111 
	Fitness: 44843214

Generacion 68
	Solucion: 206 100 153 168 94 163 119 219 1 6 212 187 44 180 57 134 202 23 102 161 138 14 129 143 25 85 149 36 29 233 89 236 76 19 121 224 189 55 8 253 197 91 42 209 172 59 242 50 176 47 126 33 109 82 250 214 79 11 158 247 97 216 175 80 194 151 104 124 67 53 223 16 199 141 112 155 132 255 227 106 70 115 21 229 166 185 61 72 146 48 221 4 69 49 64 232 211 162 34 210 81 77 188 157 254 127 251 26 228 249 125 220 18 198 183 252 15 177 60 179 245 75 39 17 96 68 41 133 114 103 173 200 222 45 243 83 13 208 145 63 231 9 56 235 128 142 131 20 169 237 117 86 105 167 230 160 37 181 90 135 113 107 101 62 190 207 92 98 213 58 10 66 35 156 136 118 5 204 159 226 43 196 215 154 122 217 87 218 152 140 186 234 244 99 0 130 71 139 164 182 178 150 171 27 195 51 225 241 46 93 201 248 12 170 31 137 54 120 116 193 165 38 144 3 52 7 110 95 84 74 123 203 191 148 238 2 239 78 147 40 30 246 32 240 192 184 174 28 108 24 65 205 73 22 88 111 
	Fitness: 44843214

Generacion 69
	Solucion: 206 100 153 168 94 163 119 219 1 6 212 187 44 180 57 134 202 23 102 161 138 14 129 143 25 85 149 36 29 233 89 236 76 19 121 224 189 55 8 253 197 91 42 209 172 59 242 50 176 47 126 33 109 82 250 214 79 11 158 247 97 216 175 80 194 151 104 124 67 53 223 16 199 141 112 155 132 255 227 106 70 115 21 229 166 185 61 72 146 48 221 4 69 49 64 232 211 162 34 210 81 77 188 157 254 127 251 26 228 249 125 220 18 198 183 252 15 177 60 179 245 75 39 17 96 68 41 133 114 103 173 200 222 45 243 83 13 208 145 63 231 9 56 235 128 142 131 20 169 237 117 86 105 167 230 160 37 181 90 135 113 107 101 62 190 207 92 98 213 58 10 66 35 156 136 118 5 204 159 226 43 196 215 154 122 217 87 218 152 140 186 234 244 99 0 130 71 139 164 182 178 150 171 27 195 51 225 241 46 93 201 248 12 170 31 137 54 120 116 193 165 38 144 3 52 7 110 95 84 74 123 203 191 148 238 2 239 78 147 40 30 246 32 240 192 184 174 28 108 24 65 205 73 22 88 111 
	Fitness: 44843214

Generacion 70
	Solucion: 206 100 153 168 94 163 119 219 1 6 212 187 44 180 57 134 202 23 102 161 138 14 129 143 25 85 149 36 29 233 89 236 76 19 121 224 189 55 8 253 197 91 42 209 172 59 242 50 176 47 126 33 109 82 250 214 79 11 158 247 97 216 175 80 194 151 104 124 67 53 223 16 199 141 112 155 132 255 227 106 70 115 21 229 166 185 61 72 146 48 221 4 69 49 64 232 211 162 34 210 81 77 188 157 254 127 251 26 228 249 125 220 18 198 183 252 15 177 60 179 245 75 39 17 96 68 41 133 114 103 173 200 222 45 243 83 13 208 145 63 231 9 56 235 128 142 131 20 169 237 117 86 105 167 230 160 37 181 90 135 113 107 101 62 190 207 92 98 213 58 10 66 35 156 136 118 5 204 159 226 43 196 215 154 122 217 87 218 152 140 186 234 244 99 0 130 71 139 164 182 178 150 171 27 195 51 225 241 46 93 201 248 12 170 31 137 54 120 116 193 165 38 144 3 52 7 110 95 84 74 123 203 191 148 238 2 239 78 147 40 30 246 32 240 192 184 174 28 108 24 65 205 73 22 88 111 
	Fitness: 44843214

Generacion 71
	Solucion: 206 100 153 168 94 163 119 219 1 6 212 187 44 180 57 134 202 23 102 161 138 14 129 143 25 85 149 36 29 233 89 236 76 19 121 224 189 55 8 253 197 91 42 209 172 59 242 50 176 47 126 33 109 82 250 214 79 11 158 247 97 216 175 80 194 151 104 124 67 53 223 16 199 141 112 155 132 255 227 106 70 115 21 229 166 185 61 72 146 48 221 4 69 49 64 232 211 162 34 210 81 77 188 157 254 127 251 26 228 249 125 220 18 198 183 252 15 177 60 179 245 75 39 17 96 68 41 133 114 103 173 200 222 45 243 83 13 208 145 63 231 9 56 235 128 142 131 20 169 237 117 86 105 167 230 160 37 181 90 135 113 107 101 62 190 207 92 98 213 58 10 66 35 156 136 118 5 204 159 226 43 196 215 154 122 217 87 218 152 140 186 234 244 99 0 130 71 139 164 182 178 150 171 27 195 51 225 241 46 93 201 248 12 170 31 137 54 120 116 193 165 38 144 3 52 7 110 95 84 74 123 203 191 148 238 2 239 78 147 40 30 246 32 240 192 184 174 28 108 24 65 205 73 22 88 111 
	Fitness: 44843214

Generacion 72
	Solucion: 206 100 153 168 94 163 119 219 1 6 212 187 44 180 57 134 202 23 102 161 138 14 129 143 25 85 149 36 29 233 89 236 76 19 121 224 189 55 8 253 197 91 42 209 172 59 242 50 176 47 126 33 109 82 250 214 79 11 158 247 97 216 175 80 194 151 104 124 67 53 223 16 199 141 112 155 132 255 227 106 70 115 21 229 166 185 61 72 146 48 221 4 69 49 64 232 211 162 34 210 81 77 188 157 254 127 251 26 228 249 125 220 18 198 183 252 15 177 60 179 245 75 39 17 96 68 41 133 114 103 173 200 222 45 243 83 13 208 145 63 231 9 56 235 128 142 131 20 169 237 117 86 105 167 230 160 37 181 90 135 113 107 101 62 190 207 92 98 213 58 10 66 35 156 136 118 5 204 159 226 43 196 215 154 122 217 87 218 152 140 186 234 244 99 0 130 71 139 164 182 178 150 171 27 195 51 225 241 46 93 201 248 12 170 31 137 54 120 116 193 165 38 144 3 52 7 110 95 84 74 123 203 191 148 238 2 239 78 147 40 30 246 32 240 192 184 174 28 108 24 65 205 73 22 88 111 
	Fitness: 44843214

Generacion 73
	Solucion: 206 100 153 168 94 163 119 219 1 6 212 187 44 180 57 134 202 23 102 161 138 14 129 143 25 85 149 36 29 233 89 236 76 19 121 224 189 55 8 253 197 91 42 209 172 59 242 50 176 47 126 33 109 82 250 214 79 11 158 247 97 216 175 80 194 151 104 124 67 53 223 16 199 141 112 155 132 255 227 106 70 115 21 229 166 185 61 72 146 48 221 4 69 49 64 232 211 162 34 210 81 77 188 157 254 127 251 26 228 249 125 220 18 198 183 252 15 177 60 179 245 75 39 17 96 68 41 133 114 103 173 200 222 45 243 83 13 208 145 63 231 9 56 235 128 142 131 20 169 237 117 86 105 167 230 160 37 181 90 135 113 107 101 62 190 207 92 98 213 58 10 66 35 156 136 118 5 204 159 226 43 196 215 154 122 217 87 218 152 140 186 234 244 99 0 130 71 139 164 182 178 150 171 27 195 51 225 241 46 93 201 248 12 170 31 137 54 120 116 193 165 38 144 3 52 7 110 95 84 74 123 203 191 148 238 2 239 78 147 40 30 246 32 240 192 184 174 28 108 24 65 205 73 22 88 111 
	Fitness: 44843214

Generacion 74
	Solucion: 206 100 153 168 94 163 119 219 1 6 212 187 44 180 57 134 202 23 102 161 138 14 129 143 25 85 149 36 29 233 89 236 76 19 121 224 189 55 8 253 197 91 42 209 172 59 242 50 176 47 126 33 109 82 250 214 79 11 158 247 97 216 175 80 194 151 104 124 67 53 223 16 199 141 112 155 132 255 227 106 70 115 21 229 166 185 61 72 146 48 221 4 69 49 64 232 211 162 34 210 81 77 188 157 254 127 251 26 228 249 125 220 18 198 183 252 15 177 60 179 245 75 39 17 96 68 41 133 114 103 173 200 222 45 243 83 13 208 145 63 231 9 56 235 128 142 131 20 169 237 117 86 105 167 230 160 37 181 90 135 113 107 101 62 190 207 92 98 213 58 10 66 35 156 136 118 5 204 159 226 43 196 215 154 122 217 87 218 152 140 186 234 244 99 0 130 71 139 164 182 178 150 171 27 195 51 225 241 46 93 201 248 12 170 31 137 54 120 116 193 165 38 144 3 52 7 110 95 84 74 123 203 191 148 238 2 239 78 147 40 30 246 32 240 192 184 174 28 108 24 65 205 73 22 88 111 
	Fitness: 44843214

Generacion 75
	Solucion: 206 100 153 168 94 163 119 219 1 6 212 187 44 180 57 134 202 23 102 161 138 14 129 143 25 85 149 36 29 233 89 236 76 19 121 224 189 55 8 253 197 91 42 209 172 59 242 50 176 47 126 33 109 82 250 214 79 11 158 247 97 216 175 80 194 151 104 124 67 53 223 16 199 141 112 155 132 255 227 106 70 115 21 229 166 185 61 72 146 48 221 4 69 49 64 232 211 162 34 210 81 77 188 157 254 127 251 26 228 249 125 220 18 198 183 252 15 177 60 179 245 75 39 17 96 68 41 133 114 103 173 200 222 45 243 83 13 208 145 63 231 9 56 235 128 142 131 20 169 237 117 86 105 167 230 160 37 181 90 135 113 107 101 62 190 207 92 98 213 58 10 66 35 156 136 118 5 204 159 226 43 196 215 154 122 217 87 218 152 140 186 234 244 99 0 130 71 139 164 182 178 150 171 27 195 51 225 241 46 93 201 248 12 170 31 137 54 120 116 193 165 38 144 3 52 7 110 95 84 74 123 203 191 148 238 2 239 78 147 40 30 246 32 240 192 184 174 28 108 24 65 205 73 22 88 111 
	Fitness: 44843214

Generacion 76
	Solucion: 206 100 153 168 94 163 119 219 1 6 212 187 44 180 57 134 202 23 102 161 138 14 129 143 25 85 149 36 29 233 89 236 76 19 121 224 189 55 8 253 197 91 42 209 172 59 242 50 176 47 126 33 109 82 250 214 79 11 158 247 97 216 175 80 194 151 104 124 67 53 223 16 199 141 112 155 132 255 227 106 70 115 21 229 166 185 61 72 146 48 221 4 69 49 64 232 211 162 34 210 81 77 188 157 254 127 251 26 228 249 125 220 18 198 183 252 15 177 60 179 245 75 39 17 96 68 41 133 114 103 173 200 222 45 243 83 13 208 145 63 231 9 56 235 128 142 131 20 169 237 117 86 105 167 230 160 37 181 90 135 113 107 101 62 190 207 92 98 213 58 10 66 35 156 136 118 5 204 159 226 43 196 215 154 122 217 87 218 152 140 186 234 244 99 0 130 71 139 164 182 178 150 171 27 195 51 225 241 46 93 201 248 12 170 31 137 54 120 116 193 165 38 144 3 52 7 110 95 84 74 123 203 191 148 238 2 239 78 147 40 30 246 32 240 192 184 174 28 108 24 65 205 73 22 88 111 
	Fitness: 44843214

Generacion 77
	Solucion: 206 100 153 168 94 163 119 219 1 6 212 187 44 180 57 134 202 23 102 161 138 14 129 143 25 85 149 36 29 233 89 236 76 19 121 224 189 55 8 253 197 91 42 209 172 59 242 50 176 47 126 33 109 82 250 214 79 11 158 247 97 216 175 80 194 151 104 124 67 53 223 16 199 141 112 155 132 255 227 106 70 115 21 229 166 185 61 72 146 48 221 4 69 49 64 232 211 162 34 210 81 77 188 157 254 127 251 26 228 249 125 220 18 198 183 252 15 177 60 179 245 75 39 17 96 68 41 133 114 103 173 200 222 45 243 83 13 208 145 63 231 9 56 235 128 142 131 20 169 237 117 86 105 167 230 160 37 181 90 135 113 107 101 62 190 207 92 98 213 58 10 66 35 156 136 118 5 204 159 226 43 196 215 154 122 217 87 218 152 140 186 234 244 99 0 130 71 139 164 182 178 150 171 27 195 51 225 241 46 93 201 248 12 170 31 137 54 120 116 193 165 38 144 3 52 7 110 95 84 74 123 203 191 148 238 2 239 78 147 40 30 246 32 240 192 184 174 28 108 24 65 205 73 22 88 111 
	Fitness: 44843214

Generacion 78
	Solucion: 206 100 153 168 94 163 119 219 1 6 212 187 44 180 57 134 202 23 102 161 138 14 129 143 25 85 149 36 29 233 89 236 76 19 121 224 189 55 8 253 197 91 42 209 172 59 242 50 176 47 126 33 109 82 250 214 79 11 158 247 97 216 175 80 194 151 104 124 67 53 223 16 199 141 112 155 132 255 227 106 70 115 21 229 166 185 61 72 146 48 221 4 69 49 64 232 211 162 34 210 81 77 188 157 254 127 251 26 228 249 125 220 18 198 183 252 15 177 60 179 245 75 39 17 96 68 41 133 114 103 173 200 222 45 243 83 13 208 145 63 231 9 56 235 128 142 131 20 169 237 117 86 105 167 230 160 37 181 90 135 113 107 101 62 190 207 92 98 213 58 10 66 35 156 136 118 5 204 159 226 43 196 215 154 122 217 87 218 152 140 186 234 244 99 0 130 71 139 164 182 178 150 171 27 195 51 225 241 46 93 201 248 12 170 31 137 54 120 116 193 165 38 144 3 52 7 110 95 84 74 123 203 191 148 238 2 239 78 147 40 30 246 32 240 192 184 174 28 108 24 65 205 73 22 88 111 
	Fitness: 44843214

Generacion 79
	Solucion: 206 100 153 168 94 163 119 219 1 6 212 187 44 180 57 134 202 23 102 161 138 14 129 143 25 85 149 36 29 233 89 236 76 19 121 224 189 55 8 253 197 91 42 209 172 59 242 50 176 47 126 33 109 82 250 214 79 11 158 247 97 216 175 80 194 151 104 124 67 53 223 16 199 141 112 155 132 255 227 106 70 115 21 229 166 185 61 72 146 48 221 4 69 49 64 232 211 162 34 210 81 77 188 157 254 127 251 26 228 249 125 220 18 198 183 252 15 177 60 179 245 75 39 17 96 68 41 133 114 103 173 200 222 45 243 83 13 208 145 63 231 9 56 235 128 142 131 20 169 237 117 86 105 167 230 160 37 181 90 135 113 107 101 62 190 207 92 98 213 58 10 66 35 156 136 118 5 204 159 226 43 196 215 154 122 217 87 218 152 140 186 234 244 99 0 130 71 139 164 182 178 150 171 27 195 51 225 241 46 93 201 248 12 170 31 137 54 120 116 193 165 38 144 3 52 7 110 95 84 74 123 203 191 148 238 2 239 78 147 40 30 246 32 240 192 184 174 28 108 24 65 205 73 22 88 111 
	Fitness: 44843214

Generacion 80
	Solucion: 206 100 153 168 94 163 119 219 1 6 212 187 44 180 57 134 202 23 102 161 138 14 129 143 25 85 149 36 29 233 89 236 76 19 121 224 189 55 8 253 197 91 42 209 172 59 242 50 176 47 126 33 109 82 250 214 79 11 158 247 97 216 175 80 194 151 104 124 67 53 223 16 199 141 112 155 132 255 227 106 70 115 21 229 166 185 61 72 146 48 221 4 69 49 64 232 211 162 34 210 81 77 188 157 254 127 251 26 228 249 125 220 18 198 183 252 15 177 60 179 245 75 39 17 96 68 41 133 114 103 173 200 222 45 243 83 13 208 145 63 231 9 56 235 128 142 131 20 169 237 117 86 105 167 230 160 37 181 90 135 113 107 101 62 190 207 92 98 213 58 10 66 35 156 136 118 5 204 159 226 43 196 215 154 122 217 87 218 152 140 186 234 244 99 0 130 71 139 164 182 178 150 171 27 195 51 225 241 46 93 201 248 12 170 31 137 54 120 116 193 165 38 144 3 52 7 110 95 84 74 123 203 191 148 238 2 239 78 147 40 30 246 32 240 192 184 174 28 108 24 65 205 73 22 88 111 
	Fitness: 44843214

Generacion 81
	Solucion: 232 40 218 198 201 249 97 167 251 213 25 85 43 164 64 153 55 215 144 63 119 37 192 32 126 194 226 3 70 188 109 173 67 45 191 240 82 247 6 170 116 104 23 35 14 206 31 20 203 184 28 114 60 136 211 133 131 78 92 228 245 181 89 18 155 123 49 150 179 99 138 209 10 112 221 102 75 72 143 161 58 146 1 236 158 238 140 106 52 253 223 95 74 96 2 142 127 5 193 57 122 115 242 229 12 41 216 53 199 176 33 121 255 61 8 24 111 248 90 46 56 200 100 152 36 50 246 243 21 65 222 237 165 11 73 195 159 118 39 168 42 156 254 9 51 139 134 124 22 225 0 7 27 38 231 105 219 34 69 13 151 241 149 175 208 154 81 207 171 86 132 163 4 174 68 137 84 17 235 196 79 54 187 93 48 29 172 180 98 108 166 148 178 91 197 103 227 44 220 120 233 157 250 16 186 244 185 128 145 77 15 182 135 117 169 71 83 202 80 113 212 210 252 76 205 177 110 214 204 147 141 230 160 94 101 47 224 125 183 26 19 62 129 239 87 88 66 30 107 162 59 190 130 234 189 217 
	Fitness: 44842228

Generacion 82
	Solucion: 232 40 218 198 201 249 97 167 251 213 25 85 43 164 64 153 55 215 144 63 119 37 192 32 126 194 226 3 70 188 109 173 67 45 191 240 82 247 6 170 116 104 23 35 14 206 31 20 203 184 28 114 60 136 211 133 131 78 92 228 245 181 89 18 155 123 49 150 179 99 138 209 10 112 221 102 75 72 143 161 58 146 1 236 158 238 140 106 52 253 223 95 74 96 2 142 127 5 193 57 122 115 242 229 12 41 216 53 199 176 33 121 255 61 8 24 111 248 90 46 56 200 100 152 36 50 246 243 21 65 222 237 165 11 73 195 159 118 39 168 42 156 254 9 51 139 134 124 22 225 0 7 27 38 231 105 219 34 69 13 151 241 149 175 208 154 81 207 171 86 132 163 4 174 68 137 84 17 235 196 79 54 187 93 48 29 172 180 98 108 166 148 178 91 197 103 227 44 220 120 233 157 250 16 186 244 185 128 145 77 15 182 135 117 169 71 83 202 80 113 212 210 252 76 205 177 110 214 204 147 141 230 160 94 101 47 224 125 183 26 19 62 129 239 87 88 66 30 107 162 59 190 130 234 189 217 
	Fitness: 44842228

Generacion 83
	Solucion: 232 40 218 198 201 249 97 167 251 213 25 85 43 164 64 153 55 215 144 63 119 37 192 32 126 194 226 3 70 188 109 173 67 45 191 240 82 247 6 170 116 104 23 35 14 206 31 20 203 184 28 114 60 136 211 133 131 78 92 228 245 181 89 18 155 123 49 150 179 99 138 209 10 112 221 102 75 72 143 161 58 146 1 236 158 238 140 106 52 253 223 95 74 96 2 142 127 5 193 57 122 115 242 229 12 41 216 53 199 176 33 121 255 61 8 24 111 248 90 46 56 200 100 152 36 50 246 243 21 65 222 237 165 11 73 195 159 118 39 168 42 156 254 9 51 139 134 124 22 225 0 7 27 38 231 105 219 34 69 13 151 241 149 175 208 154 81 207 171 86 132 163 4 174 68 137 84 17 235 196 79 54 187 93 48 29 172 180 98 108 166 148 178 91 197 103 227 44 220 120 233 157 250 16 186 244 185 128 145 77 15 182 135 117 169 71 83 202 80 113 212 210 252 76 205 177 110 214 204 147 141 230 160 94 101 47 224 125 183 26 19 62 129 239 87 88 66 30 107 162 59 190 130 234 189 217 
	Fitness: 44842228

Generacion 84
	Solucion: 232 40 218 198 201 249 97 167 251 213 25 85 43 164 64 153 55 215 144 63 119 37 192 32 126 194 226 3 70 188 109 173 67 45 191 240 82 247 6 170 116 104 23 35 14 206 31 20 203 184 28 114 60 136 211 133 131 78 92 228 245 181 89 18 155 123 49 150 179 99 138 209 10 112 221 102 75 72 143 161 58 146 1 236 158 238 140 106 52 253 223 95 74 96 2 142 127 5 193 57 122 115 242 229 12 41 216 53 199 176 33 121 255 61 8 24 111 248 90 46 56 200 100 152 36 50 246 243 21 65 222 237 165 11 73 195 159 118 39 168 42 156 254 9 51 139 134 124 22 225 0 7 27 38 231 105 219 34 69 13 151 241 149 175 208 154 81 207 171 86 132 163 4 174 68 137 84 17 235 196 79 54 187 93 48 29 172 180 98 108 166 148 178 91 197 103 227 44 220 120 233 157 250 16 186 244 185 128 145 77 15 182 135 117 169 71 83 202 80 113 212 210 252 76 205 177 110 214 204 147 141 230 160 94 101 47 224 125 183 26 19 62 129 239 87 88 66 30 107 162 59 190 130 234 189 217 
	Fitness: 44842228

Generacion 85
	Solucion: 232 40 218 198 201 249 97 167 251 213 25 85 43 164 64 153 55 215 144 63 119 37 192 32 126 194 226 3 70 188 109 173 67 45 191 240 82 247 6 170 116 104 23 35 14 206 31 20 203 184 28 114 60 136 211 133 131 78 92 228 245 181 89 18 155 123 49 150 179 99 138 209 10 112 221 102 75 72 143 161 58 146 1 236 158 238 140 106 52 253 223 95 74 96 2 142 127 5 193 57 122 115 242 229 12 41 216 53 199 176 33 121 255 61 8 24 111 248 90 46 56 200 100 152 36 50 246 243 21 65 222 237 165 11 73 195 159 118 39 168 42 156 254 9 51 139 134 124 22 225 0 7 27 38 231 105 219 34 69 13 151 241 149 175 208 154 81 207 171 86 132 163 4 174 68 137 84 17 235 196 79 54 187 93 48 29 172 180 98 108 166 148 178 91 197 103 227 44 220 120 233 157 250 16 186 244 185 128 145 77 15 182 135 117 169 71 83 202 80 113 212 210 252 76 205 177 110 214 204 147 141 230 160 94 101 47 224 125 183 26 19 62 129 239 87 88 66 30 107 162 59 190 130 234 189 217 
	Fitness: 44842228

Generacion 86
	Solucion: 232 40 218 198 201 249 97 167 251 213 25 85 43 164 64 153 55 215 144 63 119 37 192 32 126 194 226 3 70 188 109 173 67 45 191 240 82 247 6 170 116 104 23 35 14 206 31 20 203 184 28 114 60 136 211 133 131 78 92 228 245 181 89 18 155 123 49 150 179 99 138 209 10 112 221 102 75 72 143 161 58 146 1 236 158 238 140 106 52 253 223 95 74 96 2 142 127 5 193 57 122 115 242 229 12 41 216 53 199 176 33 121 255 61 8 24 111 248 90 46 56 200 100 152 36 50 246 243 21 65 222 237 165 11 73 195 159 118 39 168 42 156 254 9 51 139 134 124 22 225 0 7 27 38 231 105 219 34 69 13 151 241 149 175 208 154 81 207 171 86 132 163 4 174 68 137 84 17 235 196 79 54 187 93 48 29 172 180 98 108 166 148 178 91 197 103 227 44 220 120 233 157 250 16 186 244 185 128 145 77 15 182 135 117 169 71 83 202 80 113 212 210 252 76 205 177 110 214 204 147 141 230 160 94 101 47 224 125 183 26 19 62 129 239 87 88 66 30 107 162 59 190 130 234 189 217 
	Fitness: 44842228

Generacion 87
	Solucion: 232 40 218 198 201 249 97 167 251 213 25 85 43 164 64 153 55 215 144 63 119 37 192 32 126 194 226 3 70 188 109 173 67 45 191 240 82 247 6 170 116 104 23 35 14 206 31 20 203 184 28 114 60 136 211 133 131 78 92 228 245 181 89 18 155 123 49 150 179 99 138 209 10 112 221 102 75 72 143 161 58 146 1 236 158 238 140 106 52 253 223 95 74 96 2 142 127 5 193 57 122 115 242 229 12 41 216 53 199 176 33 121 255 61 8 24 111 248 90 46 56 200 100 152 36 50 246 243 21 65 222 237 165 11 73 195 159 118 39 168 42 156 254 9 51 139 134 124 22 225 0 7 27 38 231 105 219 34 69 13 151 241 149 175 208 154 81 207 171 86 132 163 4 174 68 137 84 17 235 196 79 54 187 93 48 29 172 180 98 108 166 148 178 91 197 103 227 44 220 120 233 157 250 16 186 244 185 128 145 77 15 182 135 117 169 71 83 202 80 113 212 210 252 76 205 177 110 214 204 147 141 230 160 94 101 47 224 125 183 26 19 62 129 239 87 88 66 30 107 162 59 190 130 234 189 217 
	Fitness: 44842228

Generacion 88
	Solucion: 232 40 218 198 201 249 97 167 251 213 25 85 43 164 64 153 55 215 144 63 119 37 192 32 126 194 226 3 70 188 109 173 67 45 191 240 82 247 6 170 116 104 23 35 14 206 31 20 203 184 28 114 60 136 211 133 131 78 92 228 245 181 89 18 155 123 49 150 179 99 138 209 10 112 221 102 75 72 143 161 58 146 1 236 158 238 140 106 52 253 223 95 74 96 2 142 127 5 193 57 122 115 242 229 12 41 216 53 199 176 33 121 255 61 8 24 111 248 90 46 56 200 100 152 36 50 246 243 21 65 222 237 165 11 73 195 159 118 39 168 42 156 254 9 51 139 134 124 22 225 0 7 27 38 231 105 219 34 69 13 151 241 149 175 208 154 81 207 171 86 132 163 4 174 68 137 84 17 235 196 79 54 187 93 48 29 172 180 98 108 166 148 178 91 197 103 227 44 220 120 233 157 250 16 186 244 185 128 145 77 15 182 135 117 169 71 83 202 80 113 212 210 252 76 205 177 110 214 204 147 141 230 160 94 101 47 224 125 183 26 19 62 129 239 87 88 66 30 107 162 59 190 130 234 189 217 
	Fitness: 44842228

Generacion 89
	Solucion: 232 40 218 198 201 249 97 167 251 213 25 85 43 164 64 153 55 215 144 63 119 37 192 32 126 194 226 3 70 188 109 173 67 45 191 240 82 247 6 170 116 104 23 35 14 206 31 20 203 184 28 114 60 136 211 133 131 78 92 228 245 181 89 18 155 123 49 150 179 99 138 209 10 112 221 102 75 72 143 161 58 146 1 236 158 238 140 106 52 253 223 95 74 96 2 142 127 5 193 57 122 115 242 229 12 41 216 53 199 176 33 121 255 61 8 24 111 248 90 46 56 200 100 152 36 50 246 243 21 65 222 237 165 11 73 195 159 118 39 168 42 156 254 9 51 139 134 124 22 225 0 7 27 38 231 105 219 34 69 13 151 241 149 175 208 154 81 207 171 86 132 163 4 174 68 137 84 17 235 196 79 54 187 93 48 29 172 180 98 108 166 148 178 91 197 103 227 44 220 120 233 157 250 16 186 244 185 128 145 77 15 182 135 117 169 71 83 202 80 113 212 210 252 76 205 177 110 214 204 147 141 230 160 94 101 47 224 125 183 26 19 62 129 239 87 88 66 30 107 162 59 190 130 234 189 217 
	Fitness: 44842228

Generacion 90
	Solucion: 232 40 218 198 201 249 97 167 251 213 25 85 43 164 64 153 55 215 144 63 119 37 192 32 126 194 226 3 70 188 109 173 67 45 191 240 82 247 6 170 116 104 23 35 14 206 31 20 203 184 28 114 60 136 211 133 131 78 92 228 245 181 89 18 155 123 49 150 179 99 138 209 10 112 221 102 75 72 143 161 58 146 1 236 158 238 140 106 52 253 223 95 74 96 2 142 127 5 193 57 122 115 242 229 12 41 216 53 199 176 33 121 255 61 8 24 111 248 90 46 56 200 100 152 36 50 246 243 21 65 222 237 165 11 73 195 159 118 39 168 42 156 254 9 51 139 134 124 22 225 0 7 27 38 231 105 219 34 69 13 151 241 149 175 208 154 81 207 171 86 132 163 4 174 68 137 84 17 235 196 79 54 187 93 48 29 172 180 98 108 166 148 178 91 197 103 227 44 220 120 233 157 250 16 186 244 185 128 145 77 15 182 135 117 169 71 83 202 80 113 212 210 252 76 205 177 110 214 204 147 141 230 160 94 101 47 224 125 183 26 19 62 129 239 87 88 66 30 107 162 59 190 130 234 189 217 
	Fitness: 44842228

Generacion 91
	Solucion: 232 40 218 198 201 249 97 167 251 213 25 85 43 164 64 153 55 215 144 63 119 37 192 32 126 194 226 3 70 188 109 173 67 45 191 240 82 247 6 170 116 104 23 35 14 206 31 20 203 184 28 114 60 136 211 133 131 78 92 228 245 181 89 18 155 123 49 150 179 99 138 209 10 112 221 102 75 72 143 161 58 146 1 236 158 238 140 106 52 253 223 95 74 96 2 142 127 5 193 57 122 115 242 229 12 41 216 53 199 176 33 121 255 61 8 24 111 248 90 46 56 200 100 152 36 50 246 243 21 65 222 237 165 11 73 195 159 118 39 168 42 156 254 9 51 139 134 124 22 225 0 7 27 38 231 105 219 34 69 13 151 241 149 175 208 154 81 207 171 86 132 163 4 174 68 137 84 17 235 196 79 54 187 93 48 29 172 180 98 108 166 148 178 91 197 103 227 44 220 120 233 157 250 16 186 244 185 128 145 77 15 182 135 117 169 71 83 202 80 113 212 210 252 76 205 177 110 214 204 147 141 230 160 94 101 47 224 125 183 26 19 62 129 239 87 88 66 30 107 162 59 190 130 234 189 217 
	Fitness: 44842228

Generacion 92
	Solucion: 232 40 218 198 201 249 97 167 251 213 25 85 43 164 64 153 55 215 144 63 119 37 192 32 126 194 226 3 70 188 109 173 67 45 191 240 82 247 6 170 116 104 23 35 14 206 31 20 203 184 28 114 60 136 211 133 131 78 92 228 245 181 89 18 155 123 49 150 179 99 138 209 10 112 221 102 75 72 143 161 58 146 1 236 158 238 140 106 52 253 223 95 74 96 2 142 127 5 193 57 122 115 242 229 12 41 216 53 199 176 33 121 255 61 8 24 111 248 90 46 56 200 100 152 36 50 246 243 21 65 222 237 165 11 73 195 159 118 39 168 42 156 254 9 51 139 134 124 22 225 0 7 27 38 231 105 219 34 69 13 151 241 149 175 208 154 81 207 171 86 132 163 4 174 68 137 84 17 235 196 79 54 187 93 48 29 172 180 98 108 166 148 178 91 197 103 227 44 220 120 233 157 250 16 186 244 185 128 145 77 15 182 135 117 169 71 83 202 80 113 212 210 252 76 205 177 110 214 204 147 141 230 160 94 101 47 224 125 183 26 19 62 129 239 87 88 66 30 107 162 59 190 130 234 189 217 
	Fitness: 44842228

Generacion 93
	Solucion: 232 40 218 198 201 249 97 167 251 213 25 85 43 164 64 153 55 215 144 63 119 37 192 32 126 194 226 3 70 188 109 173 67 45 191 240 82 247 6 170 116 104 23 35 14 206 31 20 203 184 28 114 60 136 211 133 131 78 92 228 245 181 89 18 155 123 49 150 179 99 138 209 10 112 221 102 75 72 143 161 58 146 1 236 158 238 140 106 52 253 223 95 74 96 2 142 127 5 193 57 122 115 242 229 12 41 216 53 199 176 33 121 255 61 8 24 111 248 90 46 56 200 100 152 36 50 246 243 21 65 222 237 165 11 73 195 159 118 39 168 42 156 254 9 51 139 134 124 22 225 0 7 27 38 231 105 219 34 69 13 151 241 149 175 208 154 81 207 171 86 132 163 4 174 68 137 84 17 235 196 79 54 187 93 48 29 172 180 98 108 166 148 178 91 197 103 227 44 220 120 233 157 250 16 186 244 185 128 145 77 15 182 135 117 169 71 83 202 80 113 212 210 252 76 205 177 110 214 204 147 141 230 160 94 101 47 224 125 183 26 19 62 129 239 87 88 66 30 107 162 59 190 130 234 189 217 
	Fitness: 44842228

Generacion 94
	Solucion: 232 40 218 198 201 249 97 167 251 213 25 85 43 164 64 153 55 215 144 63 119 37 192 32 126 194 226 3 70 188 109 173 67 45 191 240 82 247 6 170 116 104 23 35 14 206 31 20 203 184 28 114 60 136 211 133 131 78 92 228 245 181 89 18 155 123 49 150 179 99 138 209 10 112 221 102 75 72 143 161 58 146 1 236 158 238 140 106 52 253 223 95 74 96 2 142 127 5 193 57 122 115 242 229 12 41 216 53 199 176 33 121 255 61 8 24 111 248 90 46 56 200 100 152 36 50 246 243 21 65 222 237 165 11 73 195 159 118 39 168 42 156 254 9 51 139 134 124 22 225 0 7 27 38 231 105 219 34 69 13 151 241 149 175 208 154 81 207 171 86 132 163 4 174 68 137 84 17 235 196 79 54 187 93 48 29 172 180 98 108 166 148 178 91 197 103 227 44 220 120 233 157 250 16 186 244 185 128 145 77 15 182 135 117 169 71 83 202 80 113 212 210 252 76 205 177 110 214 204 147 141 230 160 94 101 47 224 125 183 26 19 62 129 239 87 88 66 30 107 162 59 190 130 234 189 217 
	Fitness: 44842228

Generacion 95
	Solucion: 232 40 218 198 201 249 97 167 251 213 25 85 43 164 64 153 55 215 144 63 119 37 192 32 126 194 226 3 70 188 109 173 67 45 191 240 82 247 6 170 116 104 23 35 14 206 31 20 203 184 28 114 60 136 211 133 131 78 92 228 245 181 89 18 155 123 49 150 179 99 138 209 10 112 221 102 75 72 143 161 58 146 1 236 158 238 140 106 52 253 223 95 74 96 2 142 127 5 193 57 122 115 242 229 12 41 216 53 199 176 33 121 255 61 8 24 111 248 90 46 56 200 100 152 36 50 246 243 21 65 222 237 165 11 73 195 159 118 39 168 42 156 254 9 51 139 134 124 22 225 0 7 27 38 231 105 219 34 69 13 151 241 149 175 208 154 81 207 171 86 132 163 4 174 68 137 84 17 235 196 79 54 187 93 48 29 172 180 98 108 166 148 178 91 197 103 227 44 220 120 233 157 250 16 186 244 185 128 145 77 15 182 135 117 169 71 83 202 80 113 212 210 252 76 205 177 110 214 204 147 141 230 160 94 101 47 224 125 183 26 19 62 129 239 87 88 66 30 107 162 59 190 130 234 189 217 
	Fitness: 44842228

Generacion 96
	Solucion: 232 40 218 198 201 249 97 167 251 213 25 85 43 164 64 153 55 215 144 63 119 37 192 32 126 194 226 3 70 188 109 173 67 45 191 240 82 247 6 170 116 104 23 35 14 206 31 20 203 184 28 114 60 136 211 133 131 78 92 228 245 181 89 18 155 123 49 150 179 99 138 209 10 112 221 102 75 72 143 161 58 146 1 236 158 238 140 106 52 253 223 95 74 96 2 142 127 5 193 57 122 115 242 229 12 41 216 53 199 176 33 121 255 61 8 24 111 248 90 46 56 200 100 152 36 50 246 243 21 65 222 237 165 11 73 195 159 118 39 168 42 156 254 9 51 139 134 124 22 225 0 7 27 38 231 105 219 34 69 13 151 241 149 175 208 154 81 207 171 86 132 163 4 174 68 137 84 17 235 196 79 54 187 93 48 29 172 180 98 108 166 148 178 91 197 103 227 44 220 120 233 157 250 16 186 244 185 128 145 77 15 182 135 117 169 71 83 202 80 113 212 210 252 76 205 177 110 214 204 147 141 230 160 94 101 47 224 125 183 26 19 62 129 239 87 88 66 30 107 162 59 190 130 234 189 217 
	Fitness: 44842228

Generacion 97
	Solucion: 232 40 218 198 201 249 97 167 251 213 25 85 43 164 64 153 55 215 144 63 119 37 192 32 126 194 226 3 70 188 109 173 67 45 191 240 82 247 6 170 116 104 23 35 14 206 31 20 203 184 28 114 60 136 211 133 131 78 92 228 245 181 89 18 155 123 49 150 179 99 138 209 10 112 221 102 75 72 143 161 58 146 1 236 158 238 140 106 52 253 223 95 74 96 2 142 127 5 193 57 122 115 242 229 12 41 216 53 199 176 33 121 255 61 8 24 111 248 90 46 56 200 100 152 36 50 246 243 21 65 222 237 165 11 73 195 159 118 39 168 42 156 254 9 51 139 134 124 22 225 0 7 27 38 231 105 219 34 69 13 151 241 149 175 208 154 81 207 171 86 132 163 4 174 68 137 84 17 235 196 79 54 187 93 48 29 172 180 98 108 166 148 178 91 197 103 227 44 220 120 233 157 250 16 186 244 185 128 145 77 15 182 135 117 169 71 83 202 80 113 212 210 252 76 205 177 110 214 204 147 141 230 160 94 101 47 224 125 183 26 19 62 129 239 87 88 66 30 107 162 59 190 130 234 189 217 
	Fitness: 44842228

Generacion 98
	Solucion: 232 40 218 198 201 249 97 167 251 213 25 85 43 164 64 153 55 215 144 63 119 37 192 32 126 194 226 3 70 188 109 173 67 45 191 240 82 247 6 170 116 104 23 35 14 206 31 20 203 184 28 114 60 136 211 133 131 78 92 228 245 181 89 18 155 123 49 150 179 99 138 209 10 112 221 102 75 72 143 161 58 146 1 236 158 238 140 106 52 253 223 95 74 96 2 142 127 5 193 57 122 115 242 229 12 41 216 53 199 176 33 121 255 61 8 24 111 248 90 46 56 200 100 152 36 50 246 243 21 65 222 237 165 11 73 195 159 118 39 168 42 156 254 9 51 139 134 124 22 225 0 7 27 38 231 105 219 34 69 13 151 241 149 175 208 154 81 207 171 86 132 163 4 174 68 137 84 17 235 196 79 54 187 93 48 29 172 180 98 108 166 148 178 91 197 103 227 44 220 120 233 157 250 16 186 244 185 128 145 77 15 182 135 117 169 71 83 202 80 113 212 210 252 76 205 177 110 214 204 147 141 230 160 94 101 47 224 125 183 26 19 62 129 239 87 88 66 30 107 162 59 190 130 234 189 217 
	Fitness: 44842228

Generacion 99
	Solucion: 232 40 218 198 201 249 97 167 251 213 25 85 43 164 64 153 55 215 144 63 119 37 192 32 126 194 226 3 70 188 109 173 67 45 191 240 82 247 6 170 116 104 23 35 14 206 31 20 203 184 28 114 60 136 211 133 131 78 92 228 245 181 89 18 155 123 49 150 179 99 138 209 10 112 221 102 75 72 143 161 58 146 1 236 158 238 140 106 52 253 223 95 74 96 2 142 127 5 193 57 122 115 242 229 12 41 216 53 199 176 33 121 255 61 8 24 111 248 90 46 56 200 100 152 36 50 246 243 21 65 222 237 165 11 73 195 159 118 39 168 42 156 254 9 51 139 134 124 22 225 0 7 27 38 231 105 219 34 69 13 151 241 149 175 208 154 81 207 171 86 132 163 4 174 68 137 84 17 235 196 79 54 187 93 48 29 172 180 98 108 166 148 178 91 197 103 227 44 220 120 233 157 250 16 186 244 185 128 145 77 15 182 135 117 169 71 83 202 80 113 212 210 252 76 205 177 110 214 204 147 141 230 160 94 101 47 224 125 183 26 19 62 129 239 87 88 66 30 107 162 59 190 130 234 189 217 
	Fitness: 44842228

Generacion 100
	Solucion: 232 40 218 198 201 249 97 167 251 213 25 85 43 164 64 153 55 215 144 63 119 37 192 32 126 194 226 3 70 188 109 173 67 45 191 240 82 247 6 170 116 104 23 35 14 206 31 20 203 184 28 114 60 136 211 133 131 78 92 228 245 181 89 18 155 123 49 150 179 99 138 209 10 112 221 102 75 72 143 161 58 146 1 236 158 238 140 106 52 253 223 95 74 96 2 142 127 5 193 57 122 115 242 229 12 41 216 53 199 176 33 121 255 61 8 24 111 248 90 46 56 200 100 152 36 50 246 243 21 65 222 237 165 11 73 195 159 118 39 168 42 156 254 9 51 139 134 124 22 225 0 7 27 38 231 105 219 34 69 13 151 241 149 175 208 154 81 207 171 86 132 163 4 174 68 137 84 17 235 196 79 54 187 93 48 29 172 180 98 108 166 148 178 91 197 103 227 44 220 120 233 157 250 16 186 244 185 128 145 77 15 182 135 117 169 71 83 202 80 113 212 210 252 76 205 177 110 214 204 147 141 230 160 94 101 47 224 125 183 26 19 62 129 239 87 88 66 30 107 162 59 190 130 234 189 217 
	Fitness: 44842228

  --> Tiempo: 4137.85

