  -> Resultados AGEBL-LAMARCKIANA-TORNEO: 
Generacion 1
	Solucion: 186 190 38 15 171 36 4 217 104 113 205 21 207 126 246 208 118 67 234 135 251 79 81 91 243 109 25 19 168 101 203 241 71 173 254 121 150 145 193 16 23 200 143 62 178 48 50 98 94 175 130 106 86 226 165 77 84 40 232 115 195 212 27 198 176 147 33 229 237 96 57 183 124 74 10 220 215 30 138 239 53 89 59 153 44 8 13 180 132 2 156 141 181 149 166 61 157 58 34 253 197 83 225 9 43 46 199 35 60 123 134 228 45 111 90 122 95 244 245 117 76 93 213 3 85 108 112 236 28 191 32 7 250 133 49 221 64 196 73 110 146 75 231 12 154 88 216 1 230 252 187 204 131 99 206 222 42 116 211 233 114 52 29 51 189 69 82 41 137 152 97 201 103 169 174 161 14 172 218 155 202 158 127 22 242 78 179 20 188 151 240 136 56 139 11 63 92 47 140 192 227 167 247 182 159 80 235 210 223 128 100 37 238 102 105 24 125 68 119 214 162 26 17 148 144 87 55 129 0 248 120 66 177 184 70 107 54 65 219 194 18 5 209 170 164 72 31 185 163 39 160 255 6 249 142 224 
	Fitness: 44935430

Generacion 2
	Solucion: 227 178 229 76 248 210 161 171 113 72 184 143 192 214 134 188 96 2 233 78 83 152 224 180 32 167 165 91 140 22 253 216 66 195 49 7 219 186 173 144 69 86 221 58 255 223 14 158 206 197 28 11 52 154 26 241 31 137 108 55 98 103 231 201 106 35 61 250 131 146 110 117 123 100 37 89 5 148 46 64 43 125 236 244 9 182 20 17 40 120 191 95 104 10 68 124 222 24 121 249 198 77 15 29 213 65 18 190 174 147 48 119 34 230 30 45 23 4 189 239 41 242 128 38 208 254 200 107 139 162 245 109 240 62 136 102 156 153 53 215 217 127 47 155 238 179 3 85 132 71 211 138 196 181 97 21 81 199 251 185 247 207 0 218 92 12 204 145 79 51 126 203 50 99 234 74 88 27 205 33 59 101 235 94 115 90 151 226 73 187 105 149 160 170 164 57 122 111 80 56 75 129 252 135 166 142 232 8 130 6 39 93 82 193 112 114 70 150 44 87 169 19 212 172 194 84 25 168 177 63 13 202 163 228 220 54 16 159 175 118 36 1 246 157 116 225 67 209 141 243 176 183 60 133 42 237 
	Fitness: 44878554

Generacion 3
	Solucion: 82 76 241 217 112 21 104 200 38 97 125 247 95 91 53 50 64 101 249 198 143 168 84 130 235 23 136 67 41 205 145 138 196 245 230 226 106 56 222 211 93 176 74 140 110 11 202 47 62 239 147 119 179 16 2 215 115 228 132 162 153 4 252 86 134 149 166 155 33 71 13 185 15 208 220 45 19 26 28 59 190 193 175 181 36 8 89 254 187 172 158 123 156 122 174 244 224 42 90 27 159 31 111 87 225 68 157 24 44 66 201 102 128 173 223 210 188 197 137 0 52 251 96 5 167 7 30 171 146 191 212 195 46 236 113 14 85 209 69 37 118 142 184 229 105 117 57 231 152 204 1 79 121 192 9 248 61 78 227 51 34 65 17 189 88 103 218 194 238 154 131 182 54 216 237 63 92 199 148 233 18 80 107 219 144 20 43 139 99 163 114 72 207 94 124 83 39 213 73 60 160 232 55 250 169 25 109 186 203 170 120 178 234 246 77 164 12 242 58 180 135 49 214 40 255 253 98 221 6 151 32 133 48 108 29 3 243 22 141 177 35 240 75 161 100 70 150 10 129 165 183 116 81 126 206 127 
	Fitness: 44853758

Generacion 4
	Solucion: 82 76 241 217 112 21 104 200 38 97 125 247 95 91 53 50 64 101 249 198 143 168 84 130 235 23 136 67 41 205 145 138 196 245 230 226 106 56 222 211 93 176 74 140 110 11 202 47 62 239 147 119 179 16 2 215 115 228 132 162 153 4 252 86 134 149 166 155 33 71 13 185 15 208 220 45 19 26 28 59 190 193 175 181 36 8 89 254 187 172 158 123 156 122 174 244 224 42 90 27 159 31 111 87 225 68 157 24 44 66 201 102 128 173 223 210 188 197 137 0 52 251 96 5 167 7 30 171 146 191 212 195 46 236 113 14 85 209 69 37 118 142 184 229 105 117 57 231 152 204 1 79 121 192 9 248 61 78 227 51 34 65 17 189 88 103 218 194 238 154 131 182 54 216 237 63 92 199 148 233 18 80 107 219 144 20 43 139 99 163 114 72 207 94 124 83 39 213 73 60 160 232 55 250 169 25 109 186 203 170 120 178 234 246 77 164 12 242 58 180 135 49 214 40 255 253 98 221 6 151 32 133 48 108 29 3 243 22 141 177 35 240 75 161 100 70 150 10 129 165 183 116 81 126 206 127 
	Fitness: 44853758

Generacion 5
	Solucion: 124 45 16 198 211 117 154 59 107 20 42 22 201 152 10 215 115 194 33 47 7 226 149 184 167 62 35 177 241 13 141 137 175 207 246 147 205 171 86 15 25 239 52 54 254 186 190 110 188 69 122 234 232 196 100 81 130 208 28 98 158 103 219 156 120 249 76 134 5 73 90 164 96 48 2 162 88 79 93 251 83 222 39 229 127 181 243 236 50 56 145 128 40 72 57 180 191 129 67 185 109 94 6 38 218 235 106 63 142 240 223 14 174 119 163 55 221 202 64 166 27 140 204 49 114 220 213 135 51 32 66 105 23 53 4 225 99 111 179 212 245 131 12 228 65 157 29 123 248 84 238 227 250 3 197 210 58 155 11 168 187 160 237 97 233 77 8 34 61 68 101 41 19 43 151 71 36 108 153 189 75 192 203 121 9 87 200 102 92 139 46 133 253 136 1 82 206 165 24 247 146 231 244 143 44 18 170 252 78 74 80 104 230 224 217 125 89 159 173 138 193 85 148 26 169 95 182 0 195 216 214 172 242 91 112 199 60 144 21 176 37 17 255 161 113 70 150 209 132 178 183 116 31 126 30 118 
	Fitness: 44848094

Generacion 6
	Solucion: 124 45 16 198 211 117 154 59 107 20 42 22 201 152 10 215 115 194 33 47 7 226 149 184 167 62 35 177 241 13 141 137 175 207 246 147 205 171 86 15 25 239 52 54 254 186 190 110 188 69 122 234 232 196 100 81 130 208 28 98 158 103 219 156 120 249 76 134 5 73 90 164 96 48 2 162 88 79 93 251 83 222 39 229 127 181 243 236 50 56 145 128 40 72 57 180 191 129 67 185 109 94 6 38 218 235 106 63 142 240 223 14 174 119 163 55 221 202 64 166 27 140 204 49 114 220 213 135 51 32 66 105 23 53 4 225 99 111 179 212 245 131 12 228 65 157 29 123 248 84 238 227 250 3 197 210 58 155 11 168 187 160 237 97 233 77 8 34 61 68 101 41 19 43 151 71 36 108 153 189 75 192 203 121 9 87 200 102 92 139 46 133 253 136 1 82 206 165 24 247 146 231 244 143 44 18 170 252 78 74 80 104 230 224 217 125 89 159 173 138 193 85 148 26 169 95 182 0 195 216 214 172 242 91 112 199 60 144 21 176 37 17 255 161 113 70 150 209 132 178 183 116 31 126 30 118 
	Fitness: 44848094

Generacion 7
	Solucion: 124 45 16 198 211 117 154 59 107 20 42 22 201 152 10 215 115 194 33 47 7 226 149 184 167 62 35 177 241 13 141 137 175 207 246 147 205 171 86 15 25 239 52 54 254 186 190 110 188 69 122 234 232 196 100 81 130 208 28 98 158 103 219 156 120 249 76 134 5 73 90 164 96 48 2 162 88 79 93 251 83 222 39 229 127 181 243 236 50 56 145 128 40 72 57 180 191 129 67 185 109 94 6 38 218 235 106 63 142 240 223 14 174 119 163 55 221 202 64 166 27 140 204 49 114 220 213 135 51 32 66 105 23 53 4 225 99 111 179 212 245 131 12 228 65 157 29 123 248 84 238 227 250 3 197 210 58 155 11 168 187 160 237 97 233 77 8 34 61 68 101 41 19 43 151 71 36 108 153 189 75 192 203 121 9 87 200 102 92 139 46 133 253 136 1 82 206 165 24 247 146 231 244 143 44 18 170 252 78 74 80 104 230 224 217 125 89 159 173 138 193 85 148 26 169 95 182 0 195 216 214 172 242 91 112 199 60 144 21 176 37 17 255 161 113 70 150 209 132 178 183 116 31 126 30 118 
	Fitness: 44848094

Generacion 8
	Solucion: 124 45 16 198 211 117 154 59 107 20 42 22 201 152 10 215 115 194 33 47 7 226 149 184 167 62 35 177 241 13 141 137 175 207 246 147 205 171 86 15 25 239 52 54 254 186 190 110 188 69 122 234 232 196 100 81 130 208 28 98 158 103 219 156 120 249 76 134 5 73 90 164 96 48 2 162 88 79 93 251 83 222 39 229 127 181 243 236 50 56 145 128 40 72 57 180 191 129 67 185 109 94 6 38 218 235 106 63 142 240 223 14 174 119 163 55 221 202 64 166 27 140 204 49 114 220 213 135 51 32 66 105 23 53 4 225 99 111 179 212 245 131 12 228 65 157 29 123 248 84 238 227 250 3 197 210 58 155 11 168 187 160 237 97 233 77 8 34 61 68 101 41 19 43 151 71 36 108 153 189 75 192 203 121 9 87 200 102 92 139 46 133 253 136 1 82 206 165 24 247 146 231 244 143 44 18 170 252 78 74 80 104 230 224 217 125 89 159 173 138 193 85 148 26 169 95 182 0 195 216 214 172 242 91 112 199 60 144 21 176 37 17 255 161 113 70 150 209 132 178 183 116 31 126 30 118 
	Fitness: 44848094

Generacion 9
	Solucion: 124 45 16 198 211 117 154 59 107 20 42 22 201 152 10 215 115 194 33 47 7 226 149 184 167 62 35 177 241 13 141 137 175 207 246 147 205 171 86 15 25 239 52 54 254 186 190 110 188 69 122 234 232 196 100 81 130 208 28 98 158 103 219 156 120 249 76 134 5 73 90 164 96 48 2 162 88 79 93 251 83 222 39 229 127 181 243 236 50 56 145 128 40 72 57 180 191 129 67 185 109 94 6 38 218 235 106 63 142 240 223 14 174 119 163 55 221 202 64 166 27 140 204 49 114 220 213 135 51 32 66 105 23 53 4 225 99 111 179 212 245 131 12 228 65 157 29 123 248 84 238 227 250 3 197 210 58 155 11 168 187 160 237 97 233 77 8 34 61 68 101 41 19 43 151 71 36 108 153 189 75 192 203 121 9 87 200 102 92 139 46 133 253 136 1 82 206 165 24 247 146 231 244 143 44 18 170 252 78 74 80 104 230 224 217 125 89 159 173 138 193 85 148 26 169 95 182 0 195 216 214 172 242 91 112 199 60 144 21 176 37 17 255 161 113 70 150 209 132 178 183 116 31 126 30 118 
	Fitness: 44848094

Generacion 10
	Solucion: 124 45 16 198 211 117 154 59 107 20 42 22 201 152 10 215 115 194 33 47 7 226 149 184 167 62 35 177 241 13 141 137 175 207 246 147 205 171 86 15 25 239 52 54 254 186 190 110 188 69 122 234 232 196 100 81 130 208 28 98 158 103 219 156 120 249 76 134 5 73 90 164 96 48 2 162 88 79 93 251 83 222 39 229 127 181 243 236 50 56 145 128 40 72 57 180 191 129 67 185 109 94 6 38 218 235 106 63 142 240 223 14 174 119 163 55 221 202 64 166 27 140 204 49 114 220 213 135 51 32 66 105 23 53 4 225 99 111 179 212 245 131 12 228 65 157 29 123 248 84 238 227 250 3 197 210 58 155 11 168 187 160 237 97 233 77 8 34 61 68 101 41 19 43 151 71 36 108 153 189 75 192 203 121 9 87 200 102 92 139 46 133 253 136 1 82 206 165 24 247 146 231 244 143 44 18 170 252 78 74 80 104 230 224 217 125 89 159 173 138 193 85 148 26 169 95 182 0 195 216 214 172 242 91 112 199 60 144 21 176 37 17 255 161 113 70 150 209 132 178 183 116 31 126 30 118 
	Fitness: 44848094

Generacion 11
	Solucion: 124 45 16 198 211 117 154 59 107 20 42 22 201 152 10 215 115 194 33 47 7 226 149 184 167 62 35 177 241 13 141 137 175 207 246 147 205 171 86 15 25 239 52 54 254 186 190 110 188 69 122 234 232 196 100 81 130 208 28 98 158 103 219 156 120 249 76 134 5 73 90 164 96 48 2 162 88 79 93 251 83 222 39 229 127 181 243 236 50 56 145 128 40 72 57 180 191 129 67 185 109 94 6 38 218 235 106 63 142 240 223 14 174 119 163 55 221 202 64 166 27 140 204 49 114 220 213 135 51 32 66 105 23 53 4 225 99 111 179 212 245 131 12 228 65 157 29 123 248 84 238 227 250 3 197 210 58 155 11 168 187 160 237 97 233 77 8 34 61 68 101 41 19 43 151 71 36 108 153 189 75 192 203 121 9 87 200 102 92 139 46 133 253 136 1 82 206 165 24 247 146 231 244 143 44 18 170 252 78 74 80 104 230 224 217 125 89 159 173 138 193 85 148 26 169 95 182 0 195 216 214 172 242 91 112 199 60 144 21 176 37 17 255 161 113 70 150 209 132 178 183 116 31 126 30 118 
	Fitness: 44848094

Generacion 12
	Solucion: 124 45 16 198 211 117 154 59 107 20 42 22 201 152 10 215 115 194 33 47 7 226 149 184 167 62 35 177 241 13 141 137 175 207 246 147 205 171 86 15 25 239 52 54 254 186 190 110 188 69 122 234 232 196 100 81 130 208 28 98 158 103 219 156 120 249 76 134 5 73 90 164 96 48 2 162 88 79 93 251 83 222 39 229 127 181 243 236 50 56 145 128 40 72 57 180 191 129 67 185 109 94 6 38 218 235 106 63 142 240 223 14 174 119 163 55 221 202 64 166 27 140 204 49 114 220 213 135 51 32 66 105 23 53 4 225 99 111 179 212 245 131 12 228 65 157 29 123 248 84 238 227 250 3 197 210 58 155 11 168 187 160 237 97 233 77 8 34 61 68 101 41 19 43 151 71 36 108 153 189 75 192 203 121 9 87 200 102 92 139 46 133 253 136 1 82 206 165 24 247 146 231 244 143 44 18 170 252 78 74 80 104 230 224 217 125 89 159 173 138 193 85 148 26 169 95 182 0 195 216 214 172 242 91 112 199 60 144 21 176 37 17 255 161 113 70 150 209 132 178 183 116 31 126 30 118 
	Fitness: 44848094

Generacion 13
	Solucion: 124 45 16 198 211 117 154 59 107 20 42 22 201 152 10 215 115 194 33 47 7 226 149 184 167 62 35 177 241 13 141 137 175 207 246 147 205 171 86 15 25 239 52 54 254 186 190 110 188 69 122 234 232 196 100 81 130 208 28 98 158 103 219 156 120 249 76 134 5 73 90 164 96 48 2 162 88 79 93 251 83 222 39 229 127 181 243 236 50 56 145 128 40 72 57 180 191 129 67 185 109 94 6 38 218 235 106 63 142 240 223 14 174 119 163 55 221 202 64 166 27 140 204 49 114 220 213 135 51 32 66 105 23 53 4 225 99 111 179 212 245 131 12 228 65 157 29 123 248 84 238 227 250 3 197 210 58 155 11 168 187 160 237 97 233 77 8 34 61 68 101 41 19 43 151 71 36 108 153 189 75 192 203 121 9 87 200 102 92 139 46 133 253 136 1 82 206 165 24 247 146 231 244 143 44 18 170 252 78 74 80 104 230 224 217 125 89 159 173 138 193 85 148 26 169 95 182 0 195 216 214 172 242 91 112 199 60 144 21 176 37 17 255 161 113 70 150 209 132 178 183 116 31 126 30 118 
	Fitness: 44848094

Generacion 14
	Solucion: 124 45 16 198 211 117 154 59 107 20 42 22 201 152 10 215 115 194 33 47 7 226 149 184 167 62 35 177 241 13 141 137 175 207 246 147 205 171 86 15 25 239 52 54 254 186 190 110 188 69 122 234 232 196 100 81 130 208 28 98 158 103 219 156 120 249 76 134 5 73 90 164 96 48 2 162 88 79 93 251 83 222 39 229 127 181 243 236 50 56 145 128 40 72 57 180 191 129 67 185 109 94 6 38 218 235 106 63 142 240 223 14 174 119 163 55 221 202 64 166 27 140 204 49 114 220 213 135 51 32 66 105 23 53 4 225 99 111 179 212 245 131 12 228 65 157 29 123 248 84 238 227 250 3 197 210 58 155 11 168 187 160 237 97 233 77 8 34 61 68 101 41 19 43 151 71 36 108 153 189 75 192 203 121 9 87 200 102 92 139 46 133 253 136 1 82 206 165 24 247 146 231 244 143 44 18 170 252 78 74 80 104 230 224 217 125 89 159 173 138 193 85 148 26 169 95 182 0 195 216 214 172 242 91 112 199 60 144 21 176 37 17 255 161 113 70 150 209 132 178 183 116 31 126 30 118 
	Fitness: 44848094

Generacion 15
	Solucion: 124 42 184 198 22 117 154 59 107 5 156 16 201 152 10 215 98 194 115 47 7 226 149 19 167 62 33 177 241 13 141 137 175 207 246 147 205 171 85 15 25 239 36 53 254 186 190 110 188 211 122 234 232 196 100 81 130 208 28 45 158 103 219 70 120 249 76 134 68 73 90 164 96 48 2 162 88 79 93 251 51 222 39 229 127 181 244 236 66 56 145 128 189 72 111 180 191 129 67 40 109 94 57 237 210 235 38 63 142 203 223 14 174 119 163 55 221 202 64 185 20 27 204 49 114 220 6 166 228 97 54 135 159 143 173 118 65 255 245 116 227 43 77 87 161 178 126 123 60 240 243 84 104 150 1 165 231 193 92 50 52 172 151 238 214 83 35 170 61 82 250 112 242 17 187 224 41 140 105 69 136 192 8 0 75 160 146 179 32 102 139 44 212 213 113 138 168 106 197 157 247 24 101 125 37 3 248 30 18 9 80 176 230 216 233 252 46 86 209 195 78 182 132 26 169 4 11 91 199 183 121 225 89 21 200 131 206 71 217 253 23 108 155 218 153 34 148 58 29 95 133 74 99 144 12 31 
	Fitness: 44841348

Generacion 16
	Solucion: 124 42 184 198 22 117 154 59 107 5 156 16 201 152 10 215 98 194 115 47 7 226 149 19 167 62 33 177 241 13 141 137 175 207 246 147 205 171 85 15 25 239 36 53 254 186 190 110 188 211 122 234 232 196 100 81 130 208 28 45 158 103 219 70 120 249 76 134 68 73 90 164 96 48 2 162 88 79 93 251 51 222 39 229 127 181 244 236 66 56 145 128 189 72 111 180 191 129 67 40 109 94 57 237 210 235 38 63 142 203 223 14 174 119 163 55 221 202 64 185 20 27 204 49 114 220 6 166 228 97 54 135 159 143 173 118 65 255 245 116 227 43 77 87 161 178 126 123 60 240 243 84 104 150 1 165 231 193 92 50 52 172 151 238 214 83 35 170 61 82 250 112 242 17 187 224 41 140 105 69 136 192 8 0 75 160 146 179 32 102 139 44 212 213 113 138 168 106 197 157 247 24 101 125 37 3 248 30 18 9 80 176 230 216 233 252 46 86 209 195 78 182 132 26 169 4 11 91 199 183 121 225 89 21 200 131 206 71 217 253 23 108 155 218 153 34 148 58 29 95 133 74 99 144 12 31 
	Fitness: 44841348

Generacion 17
	Solucion: 124 42 184 198 22 117 154 59 107 5 156 16 201 152 10 215 98 194 115 47 7 226 149 19 167 62 33 177 241 13 141 137 175 207 246 147 205 171 85 15 25 239 36 53 254 186 190 110 188 211 122 234 232 196 100 81 130 208 28 45 158 103 219 70 120 249 76 134 68 73 90 164 96 48 2 162 88 79 93 251 51 222 39 229 127 181 244 236 66 56 145 128 189 72 111 180 191 129 67 40 109 94 57 237 210 235 38 63 142 203 223 14 174 119 163 55 221 202 64 185 20 27 204 49 114 220 6 166 228 97 54 135 159 143 173 118 65 255 245 116 227 43 77 87 161 178 126 123 60 240 243 84 104 150 1 165 231 193 92 50 52 172 151 238 214 83 35 170 61 82 250 112 242 17 187 224 41 140 105 69 136 192 8 0 75 160 146 179 32 102 139 44 212 213 113 138 168 106 197 157 247 24 101 125 37 3 248 30 18 9 80 176 230 216 233 252 46 86 209 195 78 182 132 26 169 4 11 91 199 183 121 225 89 21 200 131 206 71 217 253 23 108 155 218 153 34 148 58 29 95 133 74 99 144 12 31 
	Fitness: 44841348

Generacion 18
	Solucion: 124 42 184 198 22 117 154 59 107 5 156 16 201 152 10 215 98 194 115 47 7 226 149 19 167 62 33 177 241 13 141 137 175 207 246 147 205 171 85 15 25 239 36 53 254 186 190 110 188 211 122 234 232 196 100 81 130 208 28 45 158 103 219 70 120 249 76 134 68 73 90 164 96 48 2 162 88 79 93 251 51 222 39 229 127 181 244 236 66 56 145 128 189 72 111 180 191 129 67 40 109 94 57 237 210 235 38 63 142 203 223 14 174 119 163 55 221 202 64 185 20 27 204 49 114 220 6 166 228 97 54 135 159 143 173 118 65 255 245 116 227 43 77 87 161 178 126 123 60 240 243 84 104 150 1 165 231 193 92 50 52 172 151 238 214 83 35 170 61 82 250 112 242 17 187 224 41 140 105 69 136 192 8 0 75 160 146 179 32 102 139 44 212 213 113 138 168 106 197 157 247 24 101 125 37 3 248 30 18 9 80 176 230 216 233 252 46 86 209 195 78 182 132 26 169 4 11 91 199 183 121 225 89 21 200 131 206 71 217 253 23 108 155 218 153 34 148 58 29 95 133 74 99 144 12 31 
	Fitness: 44841348

Generacion 19
	Solucion: 124 42 184 198 22 117 154 59 107 5 156 16 201 152 10 215 98 194 115 47 7 226 149 19 167 62 33 177 241 13 141 137 175 207 246 147 205 171 85 15 25 239 36 53 254 186 190 110 188 211 122 234 232 196 100 81 130 208 28 45 158 103 219 70 120 249 76 134 68 73 90 164 96 48 2 162 88 79 93 251 51 222 39 229 127 181 244 236 66 56 145 128 189 72 111 180 191 129 67 40 109 94 57 237 210 235 38 63 142 203 223 14 174 119 163 55 221 202 64 185 20 27 204 49 114 220 6 166 228 97 54 135 159 143 173 118 65 255 245 116 227 43 77 87 161 178 126 123 60 240 243 84 104 150 1 165 231 193 92 50 52 172 151 238 214 83 35 170 61 82 250 112 242 17 187 224 41 140 105 69 136 192 8 0 75 160 146 179 32 102 139 44 212 213 113 138 168 106 197 157 247 24 101 125 37 3 248 30 18 9 80 176 230 216 233 252 46 86 209 195 78 182 132 26 169 4 11 91 199 183 121 225 89 21 200 131 206 71 217 253 23 108 155 218 153 34 148 58 29 95 133 74 99 144 12 31 
	Fitness: 44841348

Generacion 20
	Solucion: 124 42 184 198 22 117 154 59 107 5 156 16 201 152 10 215 98 194 115 47 7 226 149 19 167 62 33 177 241 13 141 137 175 207 246 147 205 171 85 15 25 239 36 53 254 186 190 110 188 211 122 234 232 196 100 81 130 208 28 45 158 103 219 70 120 249 76 134 68 73 90 164 96 48 2 162 88 79 93 251 51 222 39 229 127 181 244 236 66 56 145 128 189 72 111 180 191 129 67 40 109 94 57 237 210 235 38 63 142 203 223 14 174 119 163 55 221 202 64 185 20 27 204 49 114 220 6 166 228 97 54 135 159 143 173 118 65 255 245 116 227 43 77 87 161 178 126 123 60 240 243 84 104 150 1 165 231 193 92 50 52 172 151 238 214 83 35 170 61 82 250 112 242 17 187 224 41 140 105 69 136 192 8 0 75 160 146 179 32 102 139 44 212 213 113 138 168 106 197 157 247 24 101 125 37 3 248 30 18 9 80 176 230 216 233 252 46 86 209 195 78 182 132 26 169 4 11 91 199 183 121 225 89 21 200 131 206 71 217 253 23 108 155 218 153 34 148 58 29 95 133 74 99 144 12 31 
	Fitness: 44841348

Generacion 21
	Solucion: 124 42 184 198 22 117 154 59 107 5 156 16 201 152 10 215 98 194 115 47 7 226 149 19 167 62 33 177 241 13 141 137 175 207 246 147 205 171 85 15 25 239 36 53 254 186 190 110 188 211 122 234 232 196 100 81 130 208 28 45 158 103 219 70 120 249 76 134 68 73 90 164 96 48 2 162 88 79 93 251 51 222 39 229 127 181 244 236 66 56 145 128 189 72 111 180 191 129 67 40 109 94 57 237 210 235 38 63 142 203 223 14 174 119 163 55 221 202 64 185 20 27 204 49 114 220 6 166 228 97 54 135 159 143 173 118 65 255 245 116 227 43 77 87 161 178 126 123 60 240 243 84 104 150 1 165 231 193 92 50 52 172 151 238 214 83 35 170 61 82 250 112 242 17 187 224 41 140 105 69 136 192 8 0 75 160 146 179 32 102 139 44 212 213 113 138 168 106 197 157 247 24 101 125 37 3 248 30 18 9 80 176 230 216 233 252 46 86 209 195 78 182 132 26 169 4 11 91 199 183 121 225 89 21 200 131 206 71 217 253 23 108 155 218 153 34 148 58 29 95 133 74 99 144 12 31 
	Fitness: 44841348

Generacion 22
	Solucion: 124 42 184 198 22 117 154 59 107 5 156 16 201 152 10 215 98 194 115 47 7 226 149 19 167 62 33 177 241 13 141 137 175 207 246 147 205 171 85 15 25 239 36 53 254 186 190 110 188 211 122 234 232 196 100 81 130 208 28 45 158 103 219 70 120 249 76 134 68 73 90 164 96 48 2 162 88 79 93 251 51 222 39 229 127 181 244 236 66 56 145 128 189 72 111 180 191 129 67 40 109 94 57 237 210 235 38 63 142 203 223 14 174 119 163 55 221 202 64 185 20 27 204 49 114 220 6 166 228 97 54 135 159 143 173 118 65 255 245 116 227 43 77 87 161 178 126 123 60 240 243 84 104 150 1 165 231 193 92 50 52 172 151 238 214 83 35 170 61 82 250 112 242 17 187 224 41 140 105 69 136 192 8 0 75 160 146 179 32 102 139 44 212 213 113 138 168 106 197 157 247 24 101 125 37 3 248 30 18 9 80 176 230 216 233 252 46 86 209 195 78 182 132 26 169 4 11 91 199 183 121 225 89 21 200 131 206 71 217 253 23 108 155 218 153 34 148 58 29 95 133 74 99 144 12 31 
	Fitness: 44841348

Generacion 23
	Solucion: 124 42 184 198 22 117 154 59 107 5 156 16 201 152 10 215 98 194 115 47 7 226 149 19 167 62 33 177 241 13 141 137 175 207 246 147 205 171 85 15 25 239 36 53 254 186 190 110 188 211 122 234 232 196 100 81 130 208 28 45 158 103 219 70 120 249 76 134 68 73 90 164 96 48 2 162 88 79 93 251 51 222 39 229 127 181 244 236 66 56 145 128 189 72 111 180 191 129 67 40 109 94 57 237 210 235 38 63 142 203 223 14 174 119 163 55 221 202 64 185 20 27 204 49 114 220 6 166 228 97 54 135 159 143 173 118 65 255 245 116 227 43 77 87 161 178 126 123 60 240 243 84 104 150 1 165 231 193 92 50 52 172 151 238 214 83 35 170 61 82 250 112 242 17 187 224 41 140 105 69 136 192 8 0 75 160 146 179 32 102 139 44 212 213 113 138 168 106 197 157 247 24 101 125 37 3 248 30 18 9 80 176 230 216 233 252 46 86 209 195 78 182 132 26 169 4 11 91 199 183 121 225 89 21 200 131 206 71 217 253 23 108 155 218 153 34 148 58 29 95 133 74 99 144 12 31 
	Fitness: 44841348

Generacion 24
	Solucion: 124 42 184 198 22 117 154 59 107 5 156 16 201 152 10 215 98 194 115 47 7 226 149 19 167 62 33 177 241 13 141 137 175 207 246 147 205 171 85 15 25 239 36 53 254 186 190 110 188 211 122 234 232 196 100 81 130 208 28 45 158 103 219 70 120 249 76 134 68 73 90 164 96 48 2 162 88 79 93 251 51 222 39 229 127 181 244 236 66 56 145 128 189 72 111 180 191 129 67 40 109 94 57 237 210 235 38 63 142 203 223 14 174 119 163 55 221 202 64 185 20 27 204 49 114 220 6 166 228 97 54 135 159 143 173 118 65 255 245 116 227 43 77 87 161 178 126 123 60 240 243 84 104 150 1 165 231 193 92 50 52 172 151 238 214 83 35 170 61 82 250 112 242 17 187 224 41 140 105 69 136 192 8 0 75 160 146 179 32 102 139 44 212 213 113 138 168 106 197 157 247 24 101 125 37 3 248 30 18 9 80 176 230 216 233 252 46 86 209 195 78 182 132 26 169 4 11 91 199 183 121 225 89 21 200 131 206 71 217 253 23 108 155 218 153 34 148 58 29 95 133 74 99 144 12 31 
	Fitness: 44841348

Generacion 25
	Solucion: 124 42 184 198 22 117 154 59 107 5 156 16 201 152 10 215 98 194 115 47 7 226 149 19 167 62 33 177 241 13 141 137 175 207 246 147 205 171 85 15 25 239 36 53 254 186 190 110 188 211 122 234 232 196 100 81 130 208 28 45 158 103 219 70 120 249 76 134 68 73 90 164 96 48 2 162 88 79 93 251 51 222 39 229 127 181 244 236 66 56 145 128 189 72 111 180 191 129 67 40 109 94 57 237 210 235 38 63 142 203 223 14 174 119 163 55 221 202 64 185 20 27 204 49 114 220 6 166 228 97 54 135 159 143 173 118 65 255 245 116 227 43 77 87 161 178 126 123 60 240 243 84 104 150 1 165 231 193 92 50 52 172 151 238 214 83 35 170 61 82 250 112 242 17 187 224 41 140 105 69 136 192 8 0 75 160 146 179 32 102 139 44 212 213 113 138 168 106 197 157 247 24 101 125 37 3 248 30 18 9 80 176 230 216 233 252 46 86 209 195 78 182 132 26 169 4 11 91 199 183 121 225 89 21 200 131 206 71 217 253 23 108 155 218 153 34 148 58 29 95 133 74 99 144 12 31 
	Fitness: 44841348

Generacion 26
	Solucion: 124 42 184 198 22 117 154 59 107 5 156 16 201 152 10 215 98 194 115 47 7 226 149 19 167 62 33 177 241 13 141 137 175 207 246 147 205 171 85 15 25 239 36 53 254 186 190 110 188 211 122 234 232 196 100 81 130 208 28 45 158 103 219 70 120 249 76 134 68 73 90 164 96 48 2 162 88 79 93 251 51 222 39 229 127 181 244 236 66 56 145 128 189 72 111 180 191 129 67 40 109 94 57 237 210 235 38 63 142 203 223 14 174 119 163 55 221 202 64 185 20 27 204 49 114 220 6 166 228 97 54 135 159 143 173 118 65 255 245 116 227 43 77 87 161 178 126 123 60 240 243 84 104 150 1 165 231 193 92 50 52 172 151 238 214 83 35 170 61 82 250 112 242 17 187 224 41 140 105 69 136 192 8 0 75 160 146 179 32 102 139 44 212 213 113 138 168 106 197 157 247 24 101 125 37 3 248 30 18 9 80 176 230 216 233 252 46 86 209 195 78 182 132 26 169 4 11 91 199 183 121 225 89 21 200 131 206 71 217 253 23 108 155 218 153 34 148 58 29 95 133 74 99 144 12 31 
	Fitness: 44841348

Generacion 27
	Solucion: 124 42 184 198 22 117 154 59 107 5 156 16 201 152 10 215 98 194 115 47 7 226 149 19 167 62 33 177 241 13 141 137 175 207 246 147 205 171 85 15 25 239 36 53 254 186 190 110 188 211 122 234 232 196 100 81 130 208 28 45 158 103 219 70 120 249 76 134 68 73 90 164 96 48 2 162 88 79 93 251 51 222 39 229 127 181 244 236 66 56 145 128 189 72 111 180 191 129 67 40 109 94 57 237 210 235 38 63 142 203 223 14 174 119 163 55 221 202 64 185 20 27 204 49 114 220 6 166 228 97 54 135 159 143 173 118 65 255 245 116 227 43 77 87 161 178 126 123 60 240 243 84 104 150 1 165 231 193 92 50 52 172 151 238 214 83 35 170 61 82 250 112 242 17 187 224 41 140 105 69 136 192 8 0 75 160 146 179 32 102 139 44 212 213 113 138 168 106 197 157 247 24 101 125 37 3 248 30 18 9 80 176 230 216 233 252 46 86 209 195 78 182 132 26 169 4 11 91 199 183 121 225 89 21 200 131 206 71 217 253 23 108 155 218 153 34 148 58 29 95 133 74 99 144 12 31 
	Fitness: 44841348

Generacion 28
	Solucion: 124 42 184 198 22 117 154 59 107 5 156 16 201 152 10 215 98 194 115 47 7 226 149 19 167 62 33 177 241 13 141 137 175 207 246 147 205 171 85 15 25 239 36 53 254 186 190 110 188 211 122 234 232 196 100 81 130 208 28 45 158 103 219 70 120 249 76 134 68 73 90 164 96 48 2 162 88 79 93 251 51 222 39 229 127 181 244 236 66 56 145 128 189 72 111 180 191 129 67 40 109 94 57 237 210 235 38 63 142 203 223 14 174 119 163 55 221 202 64 185 20 27 204 49 114 220 6 166 228 97 54 135 159 143 173 118 65 255 245 116 227 43 77 87 161 178 126 123 60 240 243 84 104 150 1 165 231 193 92 50 52 172 151 238 214 83 35 170 61 82 250 112 242 17 187 224 41 140 105 69 136 192 8 0 75 160 146 179 32 102 139 44 212 213 113 138 168 106 197 157 247 24 101 125 37 3 248 30 18 9 80 176 230 216 233 252 46 86 209 195 78 182 132 26 169 4 11 91 199 183 121 225 89 21 200 131 206 71 217 253 23 108 155 218 153 34 148 58 29 95 133 74 99 144 12 31 
	Fitness: 44841348

Generacion 29
	Solucion: 79 100 93 103 36 184 214 145 134 132 207 45 18 175 42 199 117 194 158 16 120 211 11 15 113 30 33 137 222 141 252 53 59 3 5 139 154 85 73 217 166 173 98 254 169 202 247 110 188 171 105 234 232 196 22 81 225 151 28 240 205 25 249 219 70 115 8 76 107 208 244 164 96 48 242 162 88 177 147 62 51 68 39 229 127 181 90 237 66 56 124 128 248 67 157 7 170 111 180 82 108 58 241 131 40 109 213 63 142 9 183 246 174 72 163 55 221 94 64 189 179 43 204 49 29 14 121 37 125 97 236 198 12 143 23 44 65 255 159 130 226 206 215 87 251 54 126 245 60 91 24 84 230 220 78 165 149 239 92 203 52 228 152 238 4 89 35 57 193 153 250 112 2 140 187 1 186 17 227 69 223 192 50 168 75 61 146 190 19 118 122 185 212 176 101 138 0 106 150 32 34 243 95 172 71 20 191 161 41 102 80 160 104 116 233 210 231 136 209 195 123 182 10 224 201 178 197 47 77 21 200 135 46 114 167 86 119 26 13 83 6 253 27 218 235 38 148 216 156 155 133 74 99 144 129 31 
	Fitness: 44834328

Generacion 30
	Solucion: 79 100 93 103 36 184 214 145 134 132 207 45 18 175 42 199 117 194 158 16 120 211 11 15 113 30 33 137 222 141 252 53 59 3 5 139 154 85 73 217 166 173 98 254 169 202 247 110 188 171 105 234 232 196 22 81 225 151 28 240 205 25 249 219 70 115 8 76 107 208 244 164 96 48 242 162 88 177 147 62 51 68 39 229 127 181 90 237 66 56 124 128 248 67 157 7 170 111 180 82 108 58 241 131 40 109 213 63 142 9 183 246 174 72 163 55 221 94 64 189 179 43 204 49 29 14 121 37 125 97 236 198 12 143 23 44 65 255 159 130 226 206 215 87 251 54 126 245 60 91 24 84 230 220 78 165 149 239 92 203 52 228 152 238 4 89 35 57 193 153 250 112 2 140 187 1 186 17 227 69 223 192 50 168 75 61 146 190 19 118 122 185 212 176 101 138 0 106 150 32 34 243 95 172 71 20 191 161 41 102 80 160 104 116 233 210 231 136 209 195 123 182 10 224 201 178 197 47 77 21 200 135 46 114 167 86 119 26 13 83 6 253 27 218 235 38 148 216 156 155 133 74 99 144 129 31 
	Fitness: 44834328

Generacion 31
	Solucion: 79 147 93 102 36 184 214 145 134 132 207 45 18 175 42 199 100 194 158 16 119 179 11 15 211 30 33 136 222 141 252 53 59 3 5 139 154 113 73 217 166 173 83 254 169 202 247 110 188 171 105 234 232 196 22 81 225 151 28 240 205 25 249 219 70 115 8 76 107 208 244 149 96 48 242 162 88 176 122 62 51 85 39 229 127 181 90 237 66 56 124 128 248 67 157 7 170 111 180 82 108 58 241 131 40 109 213 63 142 9 183 246 174 72 163 55 221 94 64 189 190 43 204 49 29 14 121 37 125 97 236 198 12 143 23 185 65 255 159 130 226 206 146 87 251 54 126 245 60 91 24 84 230 220 78 165 164 239 92 203 52 228 152 238 4 89 35 57 193 153 250 112 2 140 187 1 186 17 227 69 223 192 50 168 75 61 215 117 32 235 68 44 212 177 101 138 0 106 150 19 34 243 95 172 71 20 191 161 41 103 80 160 104 116 233 210 231 137 209 195 123 182 10 224 201 178 197 47 77 21 200 135 46 114 167 86 120 26 13 98 6 253 27 218 118 38 148 216 156 155 133 74 99 144 129 31 
	Fitness: 44819960

Generacion 32
	Solucion: 79 147 93 102 36 184 214 145 134 132 207 45 18 175 42 199 100 194 158 16 119 179 11 15 211 30 33 136 222 141 252 53 59 3 5 139 154 113 73 217 166 173 83 254 169 202 247 110 188 171 105 234 232 196 22 81 225 151 28 240 205 25 249 219 70 115 8 76 107 208 244 149 96 48 242 162 88 176 122 62 51 85 39 229 127 181 90 237 66 56 124 128 248 67 157 7 170 111 180 82 108 58 241 131 40 109 213 63 142 9 183 246 174 72 163 55 221 94 64 189 190 43 204 49 29 14 121 37 125 97 236 198 12 143 23 185 65 255 159 130 226 206 146 87 251 54 126 245 60 91 24 84 230 220 78 165 164 239 92 203 52 228 152 238 4 89 35 57 193 153 250 112 2 140 187 1 186 17 227 69 223 192 50 168 75 61 215 117 32 235 68 44 212 177 101 138 0 106 150 19 34 243 95 172 71 20 191 161 41 103 80 160 104 116 233 210 231 137 209 195 123 182 10 224 201 178 197 47 77 21 200 135 46 114 167 86 120 26 13 98 6 253 27 218 118 38 148 216 156 155 133 74 99 144 129 31 
	Fitness: 44819960

Generacion 33
	Solucion: 79 147 93 102 36 184 214 145 134 132 207 45 18 175 42 199 100 194 158 16 119 179 11 15 211 30 33 136 222 141 252 53 59 3 5 139 154 113 73 217 166 173 83 254 169 202 247 110 188 171 105 234 232 196 22 81 225 151 28 240 205 25 249 219 70 115 8 76 107 208 244 149 96 48 242 162 88 176 122 62 51 85 39 229 127 181 90 237 66 56 124 128 248 67 157 7 170 111 180 82 108 58 241 131 40 109 213 63 142 9 183 246 174 72 163 55 221 94 64 189 190 43 204 49 29 14 121 37 125 97 236 198 12 143 23 185 65 255 159 130 226 206 146 87 251 54 126 245 60 91 24 84 230 220 78 165 164 239 92 203 52 228 152 238 4 89 35 57 193 153 250 112 2 140 187 1 186 17 227 69 223 192 50 168 75 61 215 117 32 235 68 44 212 177 101 138 0 106 150 19 34 243 95 172 71 20 191 161 41 103 80 160 104 116 233 210 231 137 209 195 123 182 10 224 201 178 197 47 77 21 200 135 46 114 167 86 120 26 13 98 6 253 27 218 118 38 148 216 156 155 133 74 99 144 129 31 
	Fitness: 44819960

Generacion 34
	Solucion: 79 147 93 102 36 184 214 145 134 132 207 45 18 175 42 199 100 194 158 16 119 179 11 15 211 30 33 136 222 141 252 53 59 3 5 139 154 113 73 217 166 173 83 254 169 202 247 110 188 171 105 234 232 196 22 81 225 151 28 240 205 25 249 219 70 115 8 76 107 208 244 149 96 48 242 162 88 176 122 62 51 85 39 229 127 181 90 237 66 56 124 128 248 67 157 7 170 111 180 82 108 58 241 131 40 109 213 63 142 9 183 246 174 72 163 55 221 94 64 189 190 43 204 49 29 14 121 37 125 97 236 198 12 143 23 185 65 255 159 130 226 206 146 87 251 54 126 245 60 91 24 84 230 220 78 165 164 239 92 203 52 228 152 238 4 89 35 57 193 153 250 112 2 140 187 1 186 17 227 69 223 192 50 168 75 61 215 117 32 235 68 44 212 177 101 138 0 106 150 19 34 243 95 172 71 20 191 161 41 103 80 160 104 116 233 210 231 137 209 195 123 182 10 224 201 178 197 47 77 21 200 135 46 114 167 86 120 26 13 98 6 253 27 218 118 38 148 216 156 155 133 74 99 144 129 31 
	Fitness: 44819960

Generacion 35
	Solucion: 79 147 93 102 36 184 214 145 134 132 207 45 18 175 42 199 100 194 158 16 119 179 11 15 211 30 33 136 222 141 252 53 59 3 5 139 154 113 73 217 166 173 83 254 169 202 247 110 188 171 105 234 232 196 22 81 225 151 28 240 205 25 249 219 70 115 8 76 107 208 244 149 96 48 242 162 88 176 122 62 51 85 39 229 127 181 90 237 66 56 124 128 248 67 157 7 170 111 180 82 108 58 241 131 40 109 213 63 142 9 183 246 174 72 163 55 221 94 64 189 190 43 204 49 29 14 121 37 125 97 236 198 12 143 23 185 65 255 159 130 226 206 146 87 251 54 126 245 60 91 24 84 230 220 78 165 164 239 92 203 52 228 152 238 4 89 35 57 193 153 250 112 2 140 187 1 186 17 227 69 223 192 50 168 75 61 215 117 32 235 68 44 212 177 101 138 0 106 150 19 34 243 95 172 71 20 191 161 41 103 80 160 104 116 233 210 231 137 209 195 123 182 10 224 201 178 197 47 77 21 200 135 46 114 167 86 120 26 13 98 6 253 27 218 118 38 148 216 156 155 133 74 99 144 129 31 
	Fitness: 44819960

Generacion 36
	Solucion: 79 147 93 102 36 184 214 145 134 132 207 45 18 175 42 199 100 194 158 16 119 179 11 15 211 30 33 136 222 141 252 53 59 3 5 139 154 113 73 217 166 173 83 254 169 202 247 110 188 171 105 234 232 196 22 81 225 151 28 240 205 25 249 219 70 115 8 76 107 208 244 149 96 48 242 162 88 176 122 62 51 85 39 229 127 181 90 237 66 56 124 128 248 67 157 7 170 111 180 82 108 58 241 131 40 109 213 63 142 9 183 246 174 72 163 55 221 94 64 189 190 43 204 49 29 14 121 37 125 97 236 198 12 143 23 185 65 255 159 130 226 206 146 87 251 54 126 245 60 91 24 84 230 220 78 165 164 239 92 203 52 228 152 238 4 89 35 57 193 153 250 112 2 140 187 1 186 17 227 69 223 192 50 168 75 61 215 117 32 235 68 44 212 177 101 138 0 106 150 19 34 243 95 172 71 20 191 161 41 103 80 160 104 116 233 210 231 137 209 195 123 182 10 224 201 178 197 47 77 21 200 135 46 114 167 86 120 26 13 98 6 253 27 218 118 38 148 216 156 155 133 74 99 144 129 31 
	Fitness: 44819960

Generacion 37
	Solucion: 79 147 93 102 36 184 214 145 134 132 207 45 18 175 42 199 100 194 158 16 119 179 11 15 211 30 33 136 222 141 252 53 59 3 5 139 154 113 73 217 166 173 83 254 169 202 247 110 188 171 105 234 232 196 22 81 225 151 28 240 205 25 249 219 70 115 8 76 107 208 244 149 96 48 242 162 88 176 122 62 51 85 39 229 127 181 90 237 66 56 124 128 248 67 157 7 170 111 180 82 108 58 241 131 40 109 213 63 142 9 183 246 174 72 163 55 221 94 64 189 190 43 204 49 29 14 121 37 125 97 236 198 12 143 23 185 65 255 159 130 226 206 146 87 251 54 126 245 60 91 24 84 230 220 78 165 164 239 92 203 52 228 152 238 4 89 35 57 193 153 250 112 2 140 187 1 186 17 227 69 223 192 50 168 75 61 215 117 32 235 68 44 212 177 101 138 0 106 150 19 34 243 95 172 71 20 191 161 41 103 80 160 104 116 233 210 231 137 209 195 123 182 10 224 201 178 197 47 77 21 200 135 46 114 167 86 120 26 13 98 6 253 27 218 118 38 148 216 156 155 133 74 99 144 129 31 
	Fitness: 44819960

Generacion 38
	Solucion: 79 147 93 102 36 184 214 145 134 132 207 45 18 175 42 199 100 194 158 16 119 179 11 15 211 30 33 136 222 141 252 53 59 3 5 139 154 113 73 217 166 173 83 254 169 202 247 110 188 171 105 234 232 196 22 81 225 151 28 240 205 25 249 219 70 115 8 76 107 208 244 149 96 48 242 162 88 176 122 62 51 85 39 229 127 181 90 237 66 56 124 128 248 67 157 7 170 111 180 82 108 58 241 131 40 109 213 63 142 9 183 246 174 72 163 55 221 94 64 189 190 43 204 49 29 14 121 37 125 97 236 198 12 143 23 185 65 255 159 130 226 206 146 87 251 54 126 245 60 91 24 84 230 220 78 165 164 239 92 203 52 228 152 238 4 89 35 57 193 153 250 112 2 140 187 1 186 17 227 69 223 192 50 168 75 61 215 117 32 235 68 44 212 177 101 138 0 106 150 19 34 243 95 172 71 20 191 161 41 103 80 160 104 116 233 210 231 137 209 195 123 182 10 224 201 178 197 47 77 21 200 135 46 114 167 86 120 26 13 98 6 253 27 218 118 38 148 216 156 155 133 74 99 144 129 31 
	Fitness: 44819960

Generacion 39
	Solucion: 79 147 93 102 36 184 214 145 134 132 207 45 18 175 42 199 100 194 158 16 119 179 11 15 211 30 33 136 222 141 252 53 59 3 5 139 154 113 73 217 166 173 83 254 169 202 247 110 188 171 105 234 232 196 22 81 225 151 28 240 205 25 249 219 70 115 8 76 107 208 244 149 96 48 242 162 88 176 122 62 51 85 39 229 127 181 90 237 66 56 124 128 248 67 157 7 170 111 180 82 108 58 241 131 40 109 213 63 142 9 183 246 174 72 163 55 221 94 64 189 190 43 204 49 29 14 121 37 125 97 236 198 12 143 23 185 65 255 159 130 226 206 146 87 251 54 126 245 60 91 24 84 230 220 78 165 164 239 92 203 52 228 152 238 4 89 35 57 193 153 250 112 2 140 187 1 186 17 227 69 223 192 50 168 75 61 215 117 32 235 68 44 212 177 101 138 0 106 150 19 34 243 95 172 71 20 191 161 41 103 80 160 104 116 233 210 231 137 209 195 123 182 10 224 201 178 197 47 77 21 200 135 46 114 167 86 120 26 13 98 6 253 27 218 118 38 148 216 156 155 133 74 99 144 129 31 
	Fitness: 44819960

Generacion 40
	Solucion: 79 147 93 102 36 184 214 145 134 132 207 45 18 175 42 199 100 194 158 16 119 179 11 15 211 30 33 136 222 141 252 53 59 3 5 139 154 113 73 217 166 173 83 254 169 202 247 110 188 171 105 234 232 196 22 81 225 151 28 240 205 25 249 219 70 115 8 76 107 208 244 149 96 48 242 162 88 176 122 62 51 85 39 229 127 181 90 237 66 56 124 128 248 67 157 7 170 111 180 82 108 58 241 131 40 109 213 63 142 9 183 246 174 72 163 55 221 94 64 189 190 43 204 49 29 14 121 37 125 97 236 198 12 143 23 185 65 255 159 130 226 206 146 87 251 54 126 245 60 91 24 84 230 220 78 165 164 239 92 203 52 228 152 238 4 89 35 57 193 153 250 112 2 140 187 1 186 17 227 69 223 192 50 168 75 61 215 117 32 235 68 44 212 177 101 138 0 106 150 19 34 243 95 172 71 20 191 161 41 103 80 160 104 116 233 210 231 137 209 195 123 182 10 224 201 178 197 47 77 21 200 135 46 114 167 86 120 26 13 98 6 253 27 218 118 38 148 216 156 155 133 74 99 144 129 31 
	Fitness: 44819960

Generacion 41
	Solucion: 79 147 93 102 36 184 214 145 134 132 207 45 18 175 42 199 100 194 158 16 119 179 11 15 211 30 33 136 222 141 252 53 59 3 5 139 154 113 73 217 166 173 83 254 169 202 247 110 188 171 105 234 232 196 22 81 225 151 28 240 205 25 249 219 70 115 8 76 107 208 244 149 96 48 242 162 88 176 122 62 51 85 39 229 127 181 90 237 66 56 124 128 248 67 157 7 170 111 180 82 108 58 241 131 40 109 213 63 142 9 183 246 174 72 163 55 221 94 64 189 190 43 204 49 29 14 121 37 125 97 236 198 12 143 23 185 65 255 159 130 226 206 146 87 251 54 126 245 60 91 24 84 230 220 78 165 164 239 92 203 52 228 152 238 4 89 35 57 193 153 250 112 2 140 187 1 186 17 227 69 223 192 50 168 75 61 215 117 32 235 68 44 212 177 101 138 0 106 150 19 34 243 95 172 71 20 191 161 41 103 80 160 104 116 233 210 231 137 209 195 123 182 10 224 201 178 197 47 77 21 200 135 46 114 167 86 120 26 13 98 6 253 27 218 118 38 148 216 156 155 133 74 99 144 129 31 
	Fitness: 44819960

Generacion 42
	Solucion: 79 147 93 102 36 184 214 145 134 132 207 45 18 175 42 199 100 194 158 16 119 179 11 15 211 30 33 136 222 141 252 53 59 3 5 139 154 113 73 217 166 173 83 254 169 202 247 110 188 171 105 234 232 196 22 81 225 151 28 240 205 25 249 219 70 115 8 76 107 208 244 149 96 48 242 162 88 176 122 62 51 85 39 229 127 181 90 237 66 56 124 128 248 67 157 7 170 111 180 82 108 58 241 131 40 109 213 63 142 9 183 246 174 72 163 55 221 94 64 189 190 43 204 49 29 14 121 37 125 97 236 198 12 143 23 185 65 255 159 130 226 206 146 87 251 54 126 245 60 91 24 84 230 220 78 165 164 239 92 203 52 228 152 238 4 89 35 57 193 153 250 112 2 140 187 1 186 17 227 69 223 192 50 168 75 61 215 117 32 235 68 44 212 177 101 138 0 106 150 19 34 243 95 172 71 20 191 161 41 103 80 160 104 116 233 210 231 137 209 195 123 182 10 224 201 178 197 47 77 21 200 135 46 114 167 86 120 26 13 98 6 253 27 218 118 38 148 216 156 155 133 74 99 144 129 31 
	Fitness: 44819960

Generacion 43
	Solucion: 79 147 93 102 36 184 214 145 134 132 207 45 18 175 42 199 100 194 158 16 119 179 11 15 211 30 33 136 222 141 252 53 59 3 5 139 154 113 73 217 166 173 83 254 169 202 247 110 188 171 105 234 232 196 22 81 225 151 28 240 205 25 249 219 70 115 8 76 107 208 244 149 96 48 242 162 88 176 122 62 51 85 39 229 127 181 90 237 66 56 124 128 248 67 157 7 170 111 180 82 108 58 241 131 40 109 213 63 142 9 183 246 174 72 163 55 221 94 64 189 190 43 204 49 29 14 121 37 125 97 236 198 12 143 23 185 65 255 159 130 226 206 146 87 251 54 126 245 60 91 24 84 230 220 78 165 164 239 92 203 52 228 152 238 4 89 35 57 193 153 250 112 2 140 187 1 186 17 227 69 223 192 50 168 75 61 215 117 32 235 68 44 212 177 101 138 0 106 150 19 34 243 95 172 71 20 191 161 41 103 80 160 104 116 233 210 231 137 209 195 123 182 10 224 201 178 197 47 77 21 200 135 46 114 167 86 120 26 13 98 6 253 27 218 118 38 148 216 156 155 133 74 99 144 129 31 
	Fitness: 44819960

Generacion 44
	Solucion: 79 147 93 102 36 184 214 145 134 132 207 45 18 175 42 199 100 194 158 16 119 179 11 15 211 30 33 136 222 141 252 53 59 3 5 139 154 113 73 217 166 173 83 254 169 202 247 110 188 171 105 234 232 196 22 81 225 151 28 240 205 25 249 219 70 115 8 76 107 208 244 149 96 48 242 162 88 176 122 62 51 85 39 229 127 181 90 237 66 56 124 128 248 67 157 7 170 111 180 82 108 58 241 131 40 109 213 63 142 9 183 246 174 72 163 55 221 94 64 189 190 43 204 49 29 14 121 37 125 97 236 198 12 143 23 185 65 255 159 130 226 206 146 87 251 54 126 245 60 91 24 84 230 220 78 165 164 239 92 203 52 228 152 238 4 89 35 57 193 153 250 112 2 140 187 1 186 17 227 69 223 192 50 168 75 61 215 117 32 235 68 44 212 177 101 138 0 106 150 19 34 243 95 172 71 20 191 161 41 103 80 160 104 116 233 210 231 137 209 195 123 182 10 224 201 178 197 47 77 21 200 135 46 114 167 86 120 26 13 98 6 253 27 218 118 38 148 216 156 155 133 74 99 144 129 31 
	Fitness: 44819960

Generacion 45
	Solucion: 79 147 93 102 36 184 214 145 134 132 207 45 18 175 42 199 100 194 158 16 119 179 11 15 211 30 33 136 222 141 252 53 59 3 5 139 154 113 73 217 166 173 83 254 169 202 247 110 188 171 105 234 232 196 22 81 225 151 28 240 205 25 249 219 70 115 8 76 107 208 244 149 96 48 242 162 88 176 122 62 51 85 39 229 127 181 90 237 66 56 124 128 248 67 157 7 170 111 180 82 108 58 241 131 40 109 213 63 142 9 183 246 174 72 163 55 221 94 64 189 190 43 204 49 29 14 121 37 125 97 236 198 12 143 23 185 65 255 159 130 226 206 146 87 251 54 126 245 60 91 24 84 230 220 78 165 164 239 92 203 52 228 152 238 4 89 35 57 193 153 250 112 2 140 187 1 186 17 227 69 223 192 50 168 75 61 215 117 32 235 68 44 212 177 101 138 0 106 150 19 34 243 95 172 71 20 191 161 41 103 80 160 104 116 233 210 231 137 209 195 123 182 10 224 201 178 197 47 77 21 200 135 46 114 167 86 120 26 13 98 6 253 27 218 118 38 148 216 156 155 133 74 99 144 129 31 
	Fitness: 44819960

Generacion 46
	Solucion: 79 147 93 102 36 184 214 145 134 132 207 45 18 175 42 199 100 194 158 16 119 179 11 15 211 30 33 136 222 141 252 53 59 3 5 139 154 113 73 217 166 173 83 254 169 202 247 110 188 171 105 234 232 196 22 81 225 151 28 240 205 25 249 219 70 115 8 76 107 208 244 149 96 48 242 162 88 176 122 62 51 85 39 229 127 181 90 237 66 56 124 128 248 67 157 7 170 111 180 82 108 58 241 131 40 109 213 63 142 9 183 246 174 72 163 55 221 94 64 189 190 43 204 49 29 14 121 37 125 97 236 198 12 143 23 185 65 255 159 130 226 206 146 87 251 54 126 245 60 91 24 84 230 220 78 165 164 239 92 203 52 228 152 238 4 89 35 57 193 153 250 112 2 140 187 1 186 17 227 69 223 192 50 168 75 61 215 117 32 235 68 44 212 177 101 138 0 106 150 19 34 243 95 172 71 20 191 161 41 103 80 160 104 116 233 210 231 137 209 195 123 182 10 224 201 178 197 47 77 21 200 135 46 114 167 86 120 26 13 98 6 253 27 218 118 38 148 216 156 155 133 74 99 144 129 31 
	Fitness: 44819960

Generacion 47
	Solucion: 79 147 93 102 36 184 214 145 134 132 207 45 18 175 42 199 100 194 158 16 119 179 11 15 211 30 33 136 222 141 252 53 59 3 5 139 154 113 73 217 166 173 83 254 169 202 247 110 188 171 105 234 232 196 22 81 225 151 28 240 205 25 249 219 70 115 8 76 107 208 244 149 96 48 242 162 88 176 122 62 51 85 39 229 127 181 90 237 66 56 124 128 248 67 157 7 170 111 180 82 108 58 241 131 40 109 213 63 142 9 183 246 174 72 163 55 221 94 64 189 190 43 204 49 29 14 121 37 125 97 236 198 12 143 23 185 65 255 159 130 226 206 146 87 251 54 126 245 60 91 24 84 230 220 78 165 164 239 92 203 52 228 152 238 4 89 35 57 193 153 250 112 2 140 187 1 186 17 227 69 223 192 50 168 75 61 215 117 32 235 68 44 212 177 101 138 0 106 150 19 34 243 95 172 71 20 191 161 41 103 80 160 104 116 233 210 231 137 209 195 123 182 10 224 201 178 197 47 77 21 200 135 46 114 167 86 120 26 13 98 6 253 27 218 118 38 148 216 156 155 133 74 99 144 129 31 
	Fitness: 44819960

Generacion 48
	Solucion: 79 147 93 102 36 184 214 145 134 132 207 45 18 175 42 199 100 194 158 16 119 179 11 15 211 30 33 136 222 141 252 53 59 3 5 139 154 113 73 217 166 173 83 254 169 202 247 110 188 171 105 234 232 196 22 81 225 151 28 240 205 25 249 219 70 115 8 76 107 208 244 149 96 48 242 162 88 176 122 62 51 85 39 229 127 181 90 237 66 56 124 128 248 67 157 7 170 111 180 82 108 58 241 131 40 109 213 63 142 9 183 246 174 72 163 55 221 94 64 189 190 43 204 49 29 14 121 37 125 97 236 198 12 143 23 185 65 255 159 130 226 206 146 87 251 54 126 245 60 91 24 84 230 220 78 165 164 239 92 203 52 228 152 238 4 89 35 57 193 153 250 112 2 140 187 1 186 17 227 69 223 192 50 168 75 61 215 117 32 235 68 44 212 177 101 138 0 106 150 19 34 243 95 172 71 20 191 161 41 103 80 160 104 116 233 210 231 137 209 195 123 182 10 224 201 178 197 47 77 21 200 135 46 114 167 86 120 26 13 98 6 253 27 218 118 38 148 216 156 155 133 74 99 144 129 31 
	Fitness: 44819960

Generacion 49
	Solucion: 79 147 93 102 36 184 214 145 134 132 207 45 18 175 42 199 100 194 158 16 119 179 11 15 211 30 33 136 222 141 252 53 59 3 5 139 154 113 73 217 166 173 83 254 169 202 247 110 188 171 105 234 232 196 22 81 225 151 28 240 205 25 249 219 70 115 8 76 107 208 244 149 96 48 242 162 88 176 122 62 51 85 39 229 127 181 90 237 66 56 124 128 248 67 157 7 170 111 180 82 108 58 241 131 40 109 213 63 142 9 183 246 174 72 163 55 221 94 64 189 190 43 204 49 29 14 121 37 125 97 236 198 12 143 23 185 65 255 159 130 226 206 146 87 251 54 126 245 60 91 24 84 230 220 78 165 164 239 92 203 52 228 152 238 4 89 35 57 193 153 250 112 2 140 187 1 186 17 227 69 223 192 50 168 75 61 215 117 32 235 68 44 212 177 101 138 0 106 150 19 34 243 95 172 71 20 191 161 41 103 80 160 104 116 233 210 231 137 209 195 123 182 10 224 201 178 197 47 77 21 200 135 46 114 167 86 120 26 13 98 6 253 27 218 118 38 148 216 156 155 133 74 99 144 129 31 
	Fitness: 44819960

Generacion 50
	Solucion: 79 147 93 102 36 184 214 145 134 132 207 45 18 175 42 199 100 194 158 16 119 179 11 15 211 30 33 136 222 141 252 53 59 3 5 139 154 113 73 217 166 173 83 254 169 202 247 110 188 171 105 234 232 196 22 81 225 151 28 240 205 25 249 219 70 115 8 76 107 208 244 149 96 48 242 162 88 176 122 62 51 85 39 229 127 181 90 237 66 56 124 128 248 67 157 7 170 111 180 82 108 58 241 131 40 109 213 63 142 9 183 246 174 72 163 55 221 94 64 189 190 43 204 49 29 14 121 37 125 97 236 198 12 143 23 185 65 255 159 130 226 206 146 87 251 54 126 245 60 91 24 84 230 220 78 165 164 239 92 203 52 228 152 238 4 89 35 57 193 153 250 112 2 140 187 1 186 17 227 69 223 192 50 168 75 61 215 117 32 235 68 44 212 177 101 138 0 106 150 19 34 243 95 172 71 20 191 161 41 103 80 160 104 116 233 210 231 137 209 195 123 182 10 224 201 178 197 47 77 21 200 135 46 114 167 86 120 26 13 98 6 253 27 218 118 38 148 216 156 155 133 74 99 144 129 31 
	Fitness: 44819960

Generacion 51
	Solucion: 79 147 93 102 36 184 214 145 134 132 207 45 18 175 42 199 100 194 158 16 119 179 11 15 211 30 33 136 222 141 252 53 59 3 5 139 154 113 73 217 166 173 83 254 169 202 247 110 188 171 105 234 232 196 22 81 225 151 28 240 205 25 249 219 70 115 8 76 107 208 244 149 96 48 242 162 88 176 122 62 51 85 39 229 127 181 90 237 66 56 124 128 248 67 157 7 170 111 180 82 108 58 241 131 40 109 213 63 142 9 183 246 174 72 163 55 221 94 64 189 190 43 204 49 29 14 121 37 125 97 236 198 12 143 23 185 65 255 159 130 226 206 146 87 251 54 126 245 60 91 24 84 230 220 78 165 164 239 92 203 52 228 152 238 4 89 35 57 193 153 250 112 2 140 187 1 186 17 227 69 223 192 50 168 75 61 215 117 32 235 68 44 212 177 101 138 0 106 150 19 34 243 95 172 71 20 191 161 41 103 80 160 104 116 233 210 231 137 209 195 123 182 10 224 201 178 197 47 77 21 200 135 46 114 167 86 120 26 13 98 6 253 27 218 118 38 148 216 156 155 133 74 99 144 129 31 
	Fitness: 44819960

Generacion 52
	Solucion: 242 147 93 102 36 184 214 145 79 117 207 45 18 175 42 199 132 194 158 16 119 179 11 15 211 30 33 136 222 141 252 53 59 3 5 139 154 113 73 217 166 173 83 254 169 202 247 110 188 171 105 234 232 196 22 98 225 151 28 240 205 25 249 219 71 115 8 76 107 208 244 149 68 48 80 162 88 176 122 62 51 85 39 229 127 181 90 237 65 56 124 128 248 67 210 7 170 111 180 82 108 58 241 131 160 109 213 63 142 9 183 246 174 72 163 55 221 94 64 189 96 43 204 49 29 14 121 37 125 191 236 123 12 143 23 185 66 255 159 81 226 206 146 87 251 54 126 245 60 91 24 84 230 41 78 165 164 239 92 203 52 228 152 238 4 89 35 57 193 209 250 112 2 140 187 190 186 17 227 69 223 192 137 168 75 61 215 1 32 235 130 44 212 116 101 138 0 106 150 19 34 243 95 172 70 20 97 114 220 233 134 40 104 177 10 157 231 50 153 195 198 182 103 224 201 178 197 47 77 21 200 135 46 161 167 86 120 26 13 100 6 253 27 218 118 38 148 216 156 155 133 74 99 144 129 31 
	Fitness: 44812956

Generacion 53
	Solucion: 242 147 93 102 36 184 214 145 79 117 207 45 18 175 42 199 132 194 158 16 119 179 11 15 211 30 33 136 222 141 252 53 59 3 5 139 154 113 73 217 166 173 83 254 169 202 247 110 188 171 105 234 232 196 22 98 225 151 28 240 205 25 249 219 71 115 8 76 107 208 244 149 68 48 80 162 88 176 122 62 51 85 39 229 127 181 90 237 65 56 124 128 248 67 210 7 170 111 180 82 108 58 241 131 160 109 213 63 142 9 183 246 174 72 163 55 221 94 64 189 96 43 204 49 29 14 121 37 125 191 236 123 12 143 23 185 66 255 159 81 226 206 146 87 251 54 126 245 60 91 24 84 230 41 78 165 164 239 92 203 52 228 152 238 4 89 35 57 193 209 250 112 2 140 187 190 186 17 227 69 223 192 137 168 75 61 215 1 32 235 130 44 212 116 101 138 0 106 150 19 34 243 95 172 70 20 97 114 220 233 134 40 104 177 10 157 231 50 153 195 198 182 103 224 201 178 197 47 77 21 200 135 46 161 167 86 120 26 13 100 6 253 27 218 118 38 148 216 156 155 133 74 99 144 129 31 
	Fitness: 44812956

Generacion 54
	Solucion: 242 147 93 102 36 184 214 145 79 117 207 45 18 175 42 199 132 194 158 16 119 179 11 15 211 30 33 136 222 141 252 53 59 3 5 139 154 113 73 217 166 173 83 254 169 202 247 110 188 171 105 234 232 196 22 98 225 151 28 240 205 25 249 219 71 115 8 76 107 208 244 149 68 48 80 162 88 176 122 62 51 85 39 229 127 181 90 237 65 56 124 128 248 67 210 7 170 111 180 82 108 58 241 131 160 109 213 63 142 9 183 246 174 72 163 55 221 94 64 189 96 43 204 49 29 14 121 37 125 191 236 123 12 143 23 185 66 255 159 81 226 206 146 87 251 54 126 245 60 91 24 84 230 41 78 165 164 239 92 203 52 228 152 238 4 89 35 57 193 209 250 112 2 140 187 190 186 17 227 69 223 192 137 168 75 61 215 1 32 235 130 44 212 116 101 138 0 106 150 19 34 243 95 172 70 20 97 114 220 233 134 40 104 177 10 157 231 50 153 195 198 182 103 224 201 178 197 47 77 21 200 135 46 161 167 86 120 26 13 100 6 253 27 218 118 38 148 216 156 155 133 74 99 144 129 31 
	Fitness: 44812956

Generacion 55
	Solucion: 242 147 93 102 36 184 214 145 79 117 207 45 18 175 42 199 132 194 158 16 119 179 11 15 211 30 33 136 222 141 252 53 59 3 5 139 154 113 73 217 166 173 83 254 169 202 247 110 188 171 105 234 232 196 22 98 225 151 28 240 205 25 249 219 71 115 8 76 107 208 244 149 68 48 80 162 88 176 122 62 51 85 39 229 127 181 90 237 65 56 124 128 248 67 210 7 170 111 180 82 108 58 241 131 160 109 213 63 142 9 183 246 174 72 163 55 221 94 64 189 96 43 204 49 29 14 121 37 125 191 236 123 12 143 23 185 66 255 159 81 226 206 146 87 251 54 126 245 60 91 24 84 230 41 78 165 164 239 92 203 52 228 152 238 4 89 35 57 193 209 250 112 2 140 187 190 186 17 227 69 223 192 137 168 75 61 215 1 32 235 130 44 212 116 101 138 0 106 150 19 34 243 95 172 70 20 97 114 220 233 134 40 104 177 10 157 231 50 153 195 198 182 103 224 201 178 197 47 77 21 200 135 46 161 167 86 120 26 13 100 6 253 27 218 118 38 148 216 156 155 133 74 99 144 129 31 
	Fitness: 44812956

Generacion 56
	Solucion: 242 147 93 102 36 184 214 145 79 117 207 45 18 175 42 199 132 194 158 16 119 179 11 15 211 30 33 136 222 141 252 53 59 3 5 139 154 113 73 217 166 173 83 254 169 202 247 110 188 171 105 234 232 196 22 98 225 151 28 240 205 25 249 219 71 115 8 76 107 208 244 149 68 48 80 162 88 176 122 62 51 85 39 229 127 181 90 237 65 56 124 128 248 67 210 7 170 111 180 82 108 58 241 131 160 109 213 63 142 9 183 246 174 72 163 55 221 94 64 189 96 43 204 49 29 14 121 37 125 191 236 123 12 143 23 185 66 255 159 81 226 206 146 87 251 54 126 245 60 91 24 84 230 41 78 165 164 239 92 203 52 228 152 238 4 89 35 57 193 209 250 112 2 140 187 190 186 17 227 69 223 192 137 168 75 61 215 1 32 235 130 44 212 116 101 138 0 106 150 19 34 243 95 172 70 20 97 114 220 233 134 40 104 177 10 157 231 50 153 195 198 182 103 224 201 178 197 47 77 21 200 135 46 161 167 86 120 26 13 100 6 253 27 218 118 38 148 216 156 155 133 74 99 144 129 31 
	Fitness: 44812956

Generacion 57
	Solucion: 242 147 93 102 36 184 214 145 79 117 207 45 18 175 42 199 132 194 158 16 119 179 11 15 211 30 33 136 222 141 252 53 59 3 5 139 154 113 73 217 166 173 83 254 169 202 247 110 188 171 105 234 232 196 22 98 225 151 28 240 205 25 249 219 71 115 8 76 107 208 244 149 68 48 80 162 88 176 122 62 51 85 39 229 127 181 90 237 65 56 124 128 248 67 210 7 170 111 180 82 108 58 241 131 160 109 213 63 142 9 183 246 174 72 163 55 221 94 64 189 96 43 204 49 29 14 121 37 125 191 236 123 12 143 23 185 66 255 159 81 226 206 146 87 251 54 126 245 60 91 24 84 230 41 78 165 164 239 92 203 52 228 152 238 4 89 35 57 193 209 250 112 2 140 187 190 186 17 227 69 223 192 137 168 75 61 215 1 32 235 130 44 212 116 101 138 0 106 150 19 34 243 95 172 70 20 97 114 220 233 134 40 104 177 10 157 231 50 153 195 198 182 103 224 201 178 197 47 77 21 200 135 46 161 167 86 120 26 13 100 6 253 27 218 118 38 148 216 156 155 133 74 99 144 129 31 
	Fitness: 44812956

Generacion 58
	Solucion: 242 147 93 102 36 184 214 145 79 117 207 45 18 175 42 199 132 194 158 16 119 179 11 15 211 30 33 136 222 141 252 53 59 3 5 139 154 113 73 217 166 173 83 254 169 202 247 110 188 171 105 234 232 196 22 98 225 151 28 240 205 25 249 219 71 115 8 76 107 208 244 149 68 48 80 162 88 176 122 62 51 85 39 229 127 181 90 237 65 56 124 128 248 67 210 7 170 111 180 82 108 58 241 131 160 109 213 63 142 9 183 246 174 72 163 55 221 94 64 189 96 43 204 49 29 14 121 37 125 191 236 123 12 143 23 185 66 255 159 81 226 206 146 87 251 54 126 245 60 91 24 84 230 41 78 165 164 239 92 203 52 228 152 238 4 89 35 57 193 209 250 112 2 140 187 190 186 17 227 69 223 192 137 168 75 61 215 1 32 235 130 44 212 116 101 138 0 106 150 19 34 243 95 172 70 20 97 114 220 233 134 40 104 177 10 157 231 50 153 195 198 182 103 224 201 178 197 47 77 21 200 135 46 161 167 86 120 26 13 100 6 253 27 218 118 38 148 216 156 155 133 74 99 144 129 31 
	Fitness: 44812956

Generacion 59
	Solucion: 242 147 93 102 36 184 214 145 79 117 207 45 18 175 42 199 132 194 158 16 119 179 11 15 211 30 33 136 222 141 252 53 59 3 5 139 154 113 73 217 166 173 83 254 169 202 247 110 188 171 105 234 232 196 22 98 225 151 28 240 205 25 249 219 71 115 8 76 107 208 244 149 68 48 80 162 88 176 122 62 51 85 39 229 127 181 90 237 65 56 124 128 248 67 210 7 170 111 180 82 108 58 241 131 160 109 213 63 142 9 183 246 174 72 163 55 221 94 64 189 96 43 204 49 29 14 121 37 125 191 236 123 12 143 23 185 66 255 159 81 226 206 146 87 251 54 126 245 60 91 24 84 230 41 78 165 164 239 92 203 52 228 152 238 4 89 35 57 193 209 250 112 2 140 187 190 186 17 227 69 223 192 137 168 75 61 215 1 32 235 130 44 212 116 101 138 0 106 150 19 34 243 95 172 70 20 97 114 220 233 134 40 104 177 10 157 231 50 153 195 198 182 103 224 201 178 197 47 77 21 200 135 46 161 167 86 120 26 13 100 6 253 27 218 118 38 148 216 156 155 133 74 99 144 129 31 
	Fitness: 44812956

Generacion 60
	Solucion: 242 147 93 102 36 184 214 145 79 117 207 45 18 175 42 199 132 194 158 16 119 179 11 15 211 30 33 136 222 141 252 53 59 3 5 139 154 113 73 217 166 173 83 254 169 202 247 110 188 171 105 234 232 196 22 98 225 151 28 240 205 25 249 219 71 115 8 76 107 208 244 149 68 48 80 162 88 176 122 62 51 85 39 229 127 181 90 237 65 56 124 128 248 67 210 7 170 111 180 82 108 58 241 131 160 109 213 63 142 9 183 246 174 72 163 55 221 94 64 189 96 43 204 49 29 14 121 37 125 191 236 123 12 143 23 185 66 255 159 81 226 206 146 87 251 54 126 245 60 91 24 84 230 41 78 165 164 239 92 203 52 228 152 238 4 89 35 57 193 209 250 112 2 140 187 190 186 17 227 69 223 192 137 168 75 61 215 1 32 235 130 44 212 116 101 138 0 106 150 19 34 243 95 172 70 20 97 114 220 233 134 40 104 177 10 157 231 50 153 195 198 182 103 224 201 178 197 47 77 21 200 135 46 161 167 86 120 26 13 100 6 253 27 218 118 38 148 216 156 155 133 74 99 144 129 31 
	Fitness: 44812956

Generacion 61
	Solucion: 242 147 93 102 36 184 214 145 79 117 207 45 18 175 42 199 132 194 158 16 119 179 11 15 211 30 33 136 222 141 252 53 59 3 5 139 154 113 73 217 166 173 83 254 169 202 247 110 188 171 105 234 232 196 22 98 225 151 28 240 205 25 249 219 71 115 8 76 107 208 244 149 68 48 80 162 88 176 122 62 51 85 39 229 127 181 90 237 65 56 124 128 248 67 210 7 170 111 180 82 108 58 241 131 160 109 213 63 142 9 183 246 174 72 163 55 221 94 64 189 96 43 204 49 29 14 121 37 125 191 236 123 12 143 23 185 66 255 159 81 226 206 146 87 251 54 126 245 60 91 24 84 230 41 78 165 164 239 92 203 52 228 152 238 4 89 35 57 193 209 250 112 2 140 187 190 186 17 227 69 223 192 137 168 75 61 215 1 32 235 130 44 212 116 101 138 0 106 150 19 34 243 95 172 70 20 97 114 220 233 134 40 104 177 10 157 231 50 153 195 198 182 103 224 201 178 197 47 77 21 200 135 46 161 167 86 120 26 13 100 6 253 27 218 118 38 148 216 156 155 133 74 99 144 129 31 
	Fitness: 44812956

Generacion 62
	Solucion: 242 147 93 102 36 184 214 145 79 117 207 45 18 175 42 199 132 194 158 16 119 179 11 15 211 30 33 136 222 141 252 53 59 3 5 139 154 113 73 217 166 173 83 254 169 202 247 110 188 171 105 234 232 196 22 98 225 151 28 240 205 25 249 219 71 115 8 76 107 208 244 149 68 48 80 162 88 176 122 62 51 85 39 229 127 181 90 237 65 56 124 128 248 67 210 7 170 111 180 82 108 58 241 131 160 109 213 63 142 9 183 246 174 72 163 55 221 94 64 189 96 43 204 49 29 14 121 37 125 191 236 123 12 143 23 185 66 255 159 81 226 206 146 87 251 54 126 245 60 91 24 84 230 41 78 165 164 239 92 203 52 228 152 238 4 89 35 57 193 209 250 112 2 140 187 190 186 17 227 69 223 192 137 168 75 61 215 1 32 235 130 44 212 116 101 138 0 106 150 19 34 243 95 172 70 20 97 114 220 233 134 40 104 177 10 157 231 50 153 195 198 182 103 224 201 178 197 47 77 21 200 135 46 161 167 86 120 26 13 100 6 253 27 218 118 38 148 216 156 155 133 74 99 144 129 31 
	Fitness: 44812956

Generacion 63
	Solucion: 242 147 93 102 36 184 214 145 79 117 207 45 18 175 42 199 132 194 158 16 119 179 11 15 211 30 33 136 222 141 252 53 59 3 5 139 154 113 73 217 166 173 83 254 169 202 247 110 188 171 105 234 232 196 22 98 225 151 28 240 205 25 249 219 71 115 8 76 107 208 244 149 68 48 80 162 88 176 122 62 51 85 39 229 127 181 90 237 65 56 124 128 248 67 210 7 170 111 180 82 108 58 241 131 160 109 213 63 142 9 183 246 174 72 163 55 221 94 64 189 96 43 204 49 29 14 121 37 125 191 236 123 12 143 23 185 66 255 159 81 226 206 146 87 251 54 126 245 60 91 24 84 230 41 78 165 164 239 92 203 52 228 152 238 4 89 35 57 193 209 250 112 2 140 187 190 186 17 227 69 223 192 137 168 75 61 215 1 32 235 130 44 212 116 101 138 0 106 150 19 34 243 95 172 70 20 97 114 220 233 134 40 104 177 10 157 231 50 153 195 198 182 103 224 201 178 197 47 77 21 200 135 46 161 167 86 120 26 13 100 6 253 27 218 118 38 148 216 156 155 133 74 99 144 129 31 
	Fitness: 44812956

Generacion 64
	Solucion: 242 147 93 102 36 184 214 145 79 117 207 45 18 175 42 199 132 194 158 16 119 179 11 15 211 30 33 136 222 141 252 53 59 3 5 139 154 113 73 217 166 173 83 254 169 202 247 110 188 171 105 234 232 196 22 98 225 151 28 240 205 25 249 219 71 115 8 76 107 208 244 149 68 48 80 162 88 176 122 62 51 85 39 229 127 181 90 237 65 56 124 128 248 67 210 7 170 111 180 82 108 58 241 131 160 109 213 63 142 9 183 246 174 72 163 55 221 94 64 189 96 43 204 49 29 14 121 37 125 191 236 123 12 143 23 185 66 255 159 81 226 206 146 87 251 54 126 245 60 91 24 84 230 41 78 165 164 239 92 203 52 228 152 238 4 89 35 57 193 209 250 112 2 140 187 190 186 17 227 69 223 192 137 168 75 61 215 1 32 235 130 44 212 116 101 138 0 106 150 19 34 243 95 172 70 20 97 114 220 233 134 40 104 177 10 157 231 50 153 195 198 182 103 224 201 178 197 47 77 21 200 135 46 161 167 86 120 26 13 100 6 253 27 218 118 38 148 216 156 155 133 74 99 144 129 31 
	Fitness: 44812956

Generacion 65
	Solucion: 242 147 93 102 36 184 214 145 79 117 207 45 18 175 42 199 132 194 158 16 119 179 11 15 211 30 33 136 222 141 252 53 59 3 5 139 154 113 73 217 166 173 83 254 169 202 247 110 188 171 105 234 232 196 22 98 225 151 28 240 205 25 249 219 71 115 8 76 107 208 244 149 68 48 80 162 88 176 122 62 51 85 39 229 127 181 90 237 65 56 124 128 248 67 210 7 170 111 180 82 108 58 241 131 160 109 213 63 142 9 183 246 174 72 163 55 221 94 64 189 96 43 204 49 29 14 121 37 125 191 236 123 12 143 23 185 66 255 159 81 226 206 146 87 251 54 126 245 60 91 24 84 230 41 78 165 164 239 92 203 52 228 152 238 4 89 35 57 193 209 250 112 2 140 187 190 186 17 227 69 223 192 137 168 75 61 215 1 32 235 130 44 212 116 101 138 0 106 150 19 34 243 95 172 70 20 97 114 220 233 134 40 104 177 10 157 231 50 153 195 198 182 103 224 201 178 197 47 77 21 200 135 46 161 167 86 120 26 13 100 6 253 27 218 118 38 148 216 156 155 133 74 99 144 129 31 
	Fitness: 44812956

Generacion 66
	Solucion: 242 147 93 102 36 184 214 145 79 117 207 45 18 175 42 199 132 194 158 16 119 179 11 15 211 30 33 136 222 141 252 53 59 3 5 139 154 113 73 217 166 173 83 254 169 202 247 110 188 171 105 234 232 196 22 98 225 151 28 240 205 25 249 219 71 115 8 76 107 208 244 149 68 48 80 162 88 176 122 62 51 85 39 229 127 181 90 237 65 56 124 128 248 67 210 7 170 111 180 82 108 58 241 131 160 109 213 63 142 9 183 246 174 72 163 55 221 94 64 189 96 43 204 49 29 14 121 37 125 191 236 123 12 143 23 185 66 255 159 81 226 206 146 87 251 54 126 245 60 91 24 84 230 41 78 165 164 239 92 203 52 228 152 238 4 89 35 57 193 209 250 112 2 140 187 190 186 17 227 69 223 192 137 168 75 61 215 1 32 235 130 44 212 116 101 138 0 106 150 19 34 243 95 172 70 20 97 114 220 233 134 40 104 177 10 157 231 50 153 195 198 182 103 224 201 178 197 47 77 21 200 135 46 161 167 86 120 26 13 100 6 253 27 218 118 38 148 216 156 155 133 74 99 144 129 31 
	Fitness: 44812956

Generacion 67
	Solucion: 242 147 93 102 36 184 214 145 79 117 207 45 18 175 42 199 132 194 158 16 119 179 11 15 211 30 33 136 222 141 252 53 59 3 5 139 154 113 73 217 166 173 83 254 169 202 247 110 188 171 105 234 232 196 22 98 225 151 28 240 205 25 249 219 71 115 8 76 107 208 244 149 68 48 80 162 88 176 122 62 51 85 39 229 127 181 90 237 65 56 124 128 248 67 210 7 170 111 180 82 108 58 241 131 160 109 213 63 142 9 183 246 174 72 163 55 221 94 64 189 96 43 204 49 29 14 121 37 125 191 236 123 12 143 23 185 66 255 159 81 226 206 146 87 251 54 126 245 60 91 24 84 230 41 78 165 164 239 92 203 52 228 152 238 4 89 35 57 193 209 250 112 2 140 187 190 186 17 227 69 223 192 137 168 75 61 215 1 32 235 130 44 212 116 101 138 0 106 150 19 34 243 95 172 70 20 97 114 220 233 134 40 104 177 10 157 231 50 153 195 198 182 103 224 201 178 197 47 77 21 200 135 46 161 167 86 120 26 13 100 6 253 27 218 118 38 148 216 156 155 133 74 99 144 129 31 
	Fitness: 44812956

Generacion 68
	Solucion: 242 147 93 102 36 184 214 145 79 117 207 45 18 175 42 199 132 194 158 16 119 179 11 15 211 30 33 136 222 141 252 53 59 3 5 139 154 113 73 217 166 173 83 254 169 202 247 110 188 171 105 234 232 196 22 98 225 151 28 240 205 25 249 219 71 115 8 76 107 208 244 149 68 48 80 162 88 176 122 62 51 85 39 229 127 181 90 237 65 56 124 128 248 67 210 7 170 111 180 82 108 58 241 131 160 109 213 63 142 9 183 246 174 72 163 55 221 94 64 189 96 43 204 49 29 14 121 37 125 191 236 123 12 143 23 185 66 255 159 81 226 206 146 87 251 54 126 245 60 91 24 84 230 41 78 165 164 239 92 203 52 228 152 238 4 89 35 57 193 209 250 112 2 140 187 190 186 17 227 69 223 192 137 168 75 61 215 1 32 235 130 44 212 116 101 138 0 106 150 19 34 243 95 172 70 20 97 114 220 233 134 40 104 177 10 157 231 50 153 195 198 182 103 224 201 178 197 47 77 21 200 135 46 161 167 86 120 26 13 100 6 253 27 218 118 38 148 216 156 155 133 74 99 144 129 31 
	Fitness: 44812956

Generacion 69
	Solucion: 242 147 93 102 36 184 214 145 79 117 207 45 18 175 42 199 132 194 158 16 119 179 11 15 211 30 33 136 222 141 252 53 59 3 5 139 154 113 73 217 166 173 83 254 169 202 247 110 188 171 105 234 232 196 22 98 225 151 28 240 205 25 249 219 71 115 8 76 107 208 244 149 68 48 80 162 88 176 122 62 51 85 39 229 127 181 90 237 65 56 124 128 248 67 210 7 170 111 180 82 108 58 241 131 160 109 213 63 142 9 183 246 174 72 163 55 221 94 64 189 96 43 204 49 29 14 121 37 125 191 236 123 12 143 23 185 66 255 159 81 226 206 146 87 251 54 126 245 60 91 24 84 230 41 78 165 164 239 92 203 52 228 152 238 4 89 35 57 193 209 250 112 2 140 187 190 186 17 227 69 223 192 137 168 75 61 215 1 32 235 130 44 212 116 101 138 0 106 150 19 34 243 95 172 70 20 97 114 220 233 134 40 104 177 10 157 231 50 153 195 198 182 103 224 201 178 197 47 77 21 200 135 46 161 167 86 120 26 13 100 6 253 27 218 118 38 148 216 156 155 133 74 99 144 129 31 
	Fitness: 44812956

Generacion 70
	Solucion: 242 147 93 102 36 184 214 145 79 117 207 45 18 175 42 199 132 194 158 16 119 179 11 15 211 30 33 136 222 141 252 53 59 3 5 139 154 113 73 217 166 173 83 254 169 202 247 110 188 171 105 234 232 196 22 98 225 151 28 240 205 25 249 219 71 115 8 76 107 208 244 149 68 48 80 162 88 176 122 62 51 85 39 229 127 181 90 237 65 56 124 128 248 67 210 7 170 111 180 82 108 58 241 131 160 109 213 63 142 9 183 246 174 72 163 55 221 94 64 189 96 43 204 49 29 14 121 37 125 191 236 123 12 143 23 185 66 255 159 81 226 206 146 87 251 54 126 245 60 91 24 84 230 41 78 165 164 239 92 203 52 228 152 238 4 89 35 57 193 209 250 112 2 140 187 190 186 17 227 69 223 192 137 168 75 61 215 1 32 235 130 44 212 116 101 138 0 106 150 19 34 243 95 172 70 20 97 114 220 233 134 40 104 177 10 157 231 50 153 195 198 182 103 224 201 178 197 47 77 21 200 135 46 161 167 86 120 26 13 100 6 253 27 218 118 38 148 216 156 155 133 74 99 144 129 31 
	Fitness: 44812956

Generacion 71
	Solucion: 242 147 93 102 36 184 214 145 79 117 207 45 18 175 42 199 132 194 158 16 119 179 11 15 211 30 33 136 222 141 252 53 59 3 5 139 154 113 73 217 166 173 83 254 169 202 247 110 188 171 105 234 232 196 22 98 225 151 28 240 205 25 249 219 71 115 8 76 107 208 244 149 68 48 80 162 88 176 122 62 51 85 39 229 127 181 90 237 65 56 124 128 248 67 210 7 170 111 180 82 108 58 241 131 160 109 213 63 142 9 183 246 174 72 163 55 221 94 64 189 96 43 204 49 29 14 121 37 125 191 236 123 12 143 23 185 66 255 159 81 226 206 146 87 251 54 126 245 60 91 24 84 230 41 78 165 164 239 92 203 52 228 152 238 4 89 35 57 193 209 250 112 2 140 187 190 186 17 227 69 223 192 137 168 75 61 215 1 32 235 130 44 212 116 101 138 0 106 150 19 34 243 95 172 70 20 97 114 220 233 134 40 104 177 10 157 231 50 153 195 198 182 103 224 201 178 197 47 77 21 200 135 46 161 167 86 120 26 13 100 6 253 27 218 118 38 148 216 156 155 133 74 99 144 129 31 
	Fitness: 44812956

Generacion 72
	Solucion: 242 147 93 102 36 184 214 145 79 117 207 45 18 175 42 199 132 194 158 16 119 179 11 15 211 30 33 136 222 141 252 53 59 3 5 139 154 113 73 217 166 173 83 254 169 202 247 110 188 171 105 234 232 196 22 98 225 151 28 240 205 25 249 219 71 115 8 76 107 208 244 149 68 48 80 162 88 176 122 62 51 85 39 229 127 181 90 237 65 56 124 128 248 67 210 7 170 111 180 82 108 58 241 131 160 109 213 63 142 9 183 246 174 72 163 55 221 94 64 189 96 43 204 49 29 14 121 37 125 191 236 123 12 143 23 185 66 255 159 81 226 206 146 87 251 54 126 245 60 91 24 84 230 41 78 165 164 239 92 203 52 228 152 238 4 89 35 57 193 209 250 112 2 140 187 190 186 17 227 69 223 192 137 168 75 61 215 1 32 235 130 44 212 116 101 138 0 106 150 19 34 243 95 172 70 20 97 114 220 233 134 40 104 177 10 157 231 50 153 195 198 182 103 224 201 178 197 47 77 21 200 135 46 161 167 86 120 26 13 100 6 253 27 218 118 38 148 216 156 155 133 74 99 144 129 31 
	Fitness: 44812956

Generacion 73
	Solucion: 242 147 93 102 36 184 214 145 79 117 207 45 18 175 42 199 132 194 158 16 119 179 11 15 211 30 33 136 222 141 252 53 59 3 5 139 154 113 73 217 166 173 83 254 169 202 247 110 188 171 105 234 232 196 22 98 225 151 28 240 205 25 249 219 71 115 8 76 107 208 244 149 68 48 80 162 88 176 122 62 51 85 39 229 127 181 90 237 65 56 124 128 248 67 210 7 170 111 180 82 108 58 241 131 160 109 213 63 142 9 183 246 174 72 163 55 221 94 64 189 96 43 204 49 29 14 121 37 125 191 236 123 12 143 23 185 66 255 159 81 226 206 146 87 251 54 126 245 60 91 24 84 230 41 78 165 164 239 92 203 52 228 152 238 4 89 35 57 193 209 250 112 2 140 187 190 186 17 227 69 223 192 137 168 75 61 215 1 32 235 130 44 212 116 101 138 0 106 150 19 34 243 95 172 70 20 97 114 220 233 134 40 104 177 10 157 231 50 153 195 198 182 103 224 201 178 197 47 77 21 200 135 46 161 167 86 120 26 13 100 6 253 27 218 118 38 148 216 156 155 133 74 99 144 129 31 
	Fitness: 44812956

Generacion 74
	Solucion: 242 147 93 102 36 184 214 145 79 117 207 45 18 175 42 199 132 194 158 16 119 179 11 15 211 30 33 136 222 141 252 53 59 3 5 139 154 113 73 217 166 173 83 254 169 202 247 110 188 171 105 234 232 196 22 98 225 151 28 240 205 25 249 219 71 115 8 76 107 208 244 149 68 48 80 162 88 176 122 62 51 85 39 229 127 181 90 237 65 56 124 128 248 67 210 7 170 111 180 82 108 58 241 131 160 109 213 63 142 9 183 246 174 72 163 55 221 94 64 189 96 43 204 49 29 14 121 37 125 191 236 123 12 143 23 185 66 255 159 81 226 206 146 87 251 54 126 245 60 91 24 84 230 41 78 165 164 239 92 203 52 228 152 238 4 89 35 57 193 209 250 112 2 140 187 190 186 17 227 69 223 192 137 168 75 61 215 1 32 235 130 44 212 116 101 138 0 106 150 19 34 243 95 172 70 20 97 114 220 233 134 40 104 177 10 157 231 50 153 195 198 182 103 224 201 178 197 47 77 21 200 135 46 161 167 86 120 26 13 100 6 253 27 218 118 38 148 216 156 155 133 74 99 144 129 31 
	Fitness: 44812956

Generacion 75
	Solucion: 242 147 93 102 36 184 214 145 79 117 207 45 18 175 42 199 132 194 158 16 119 179 11 15 211 30 33 136 222 141 252 53 59 3 5 139 154 113 73 217 166 173 83 254 169 202 247 110 188 171 105 234 232 196 22 98 225 151 28 240 205 25 249 219 71 115 8 76 107 208 244 149 68 48 80 162 88 176 122 62 51 85 39 229 127 181 90 237 65 56 124 128 248 67 210 7 170 111 180 82 108 58 241 131 160 109 213 63 142 9 183 246 174 72 163 55 221 94 64 189 96 43 204 49 29 14 121 37 125 191 236 123 12 143 23 185 66 255 159 81 226 206 146 87 251 54 126 245 60 91 24 84 230 41 78 165 164 239 92 203 52 228 152 238 4 89 35 57 193 209 250 112 2 140 187 190 186 17 227 69 223 192 137 168 75 61 215 1 32 235 130 44 212 116 101 138 0 106 150 19 34 243 95 172 70 20 97 114 220 233 134 40 104 177 10 157 231 50 153 195 198 182 103 224 201 178 197 47 77 21 200 135 46 161 167 86 120 26 13 100 6 253 27 218 118 38 148 216 156 155 133 74 99 144 129 31 
	Fitness: 44812956

Generacion 76
	Solucion: 242 147 93 102 36 184 214 145 79 117 207 45 18 175 42 199 132 194 158 16 119 179 11 15 211 30 33 136 222 141 252 53 59 3 5 139 154 113 73 217 166 173 83 254 169 202 247 110 188 171 105 234 232 196 22 98 225 151 28 240 205 25 249 219 71 115 8 76 107 208 244 149 68 48 80 162 88 176 122 62 51 85 39 229 127 181 90 237 65 56 124 128 248 67 210 7 170 111 180 82 108 58 241 131 160 109 213 63 142 9 183 246 174 72 163 55 221 94 64 189 96 43 204 49 29 14 121 37 125 191 236 123 12 143 23 185 66 255 159 81 226 206 146 87 251 54 126 245 60 91 24 84 230 41 78 165 164 239 92 203 52 228 152 238 4 89 35 57 193 209 250 112 2 140 187 190 186 17 227 69 223 192 137 168 75 61 215 1 32 235 130 44 212 116 101 138 0 106 150 19 34 243 95 172 70 20 97 114 220 233 134 40 104 177 10 157 231 50 153 195 198 182 103 224 201 178 197 47 77 21 200 135 46 161 167 86 120 26 13 100 6 253 27 218 118 38 148 216 156 155 133 74 99 144 129 31 
	Fitness: 44812956

Generacion 77
	Solucion: 242 147 93 102 36 184 214 145 79 117 207 45 18 175 42 199 132 194 158 16 119 179 11 15 211 30 33 136 222 141 252 53 59 3 5 139 154 113 73 217 166 173 83 254 169 202 247 110 188 171 105 234 232 196 22 98 225 151 28 240 205 25 249 219 71 115 8 76 107 208 244 149 68 48 80 162 88 176 122 62 51 85 39 229 127 181 90 237 65 56 124 128 248 67 210 7 170 111 180 82 108 58 241 131 160 109 213 63 142 9 183 246 174 72 163 55 221 94 64 189 96 43 204 49 29 14 121 37 125 191 236 123 12 143 23 185 66 255 159 81 226 206 146 87 251 54 126 245 60 91 24 84 230 41 78 165 164 239 92 203 52 228 152 238 4 89 35 57 193 209 250 112 2 140 187 190 186 17 227 69 223 192 137 168 75 61 215 1 32 235 130 44 212 116 101 138 0 106 150 19 34 243 95 172 70 20 97 114 220 233 134 40 104 177 10 157 231 50 153 195 198 182 103 224 201 178 197 47 77 21 200 135 46 161 167 86 120 26 13 100 6 253 27 218 118 38 148 216 156 155 133 74 99 144 129 31 
	Fitness: 44812956

Generacion 78
	Solucion: 242 147 93 102 36 184 214 145 79 117 207 45 18 175 42 199 132 194 158 16 119 179 11 15 211 30 33 136 222 141 252 53 59 3 5 139 154 113 73 217 166 173 83 254 169 202 247 110 188 171 105 234 232 196 22 98 225 151 28 240 205 25 249 219 71 115 8 76 107 208 244 149 68 48 80 162 88 176 122 62 51 85 39 229 127 181 90 237 65 56 124 128 248 67 210 7 170 111 180 82 108 58 241 131 160 109 213 63 142 9 183 246 174 72 163 55 221 94 64 189 96 43 204 49 29 14 121 37 125 191 236 123 12 143 23 185 66 255 159 81 226 206 146 87 251 54 126 245 60 91 24 84 230 41 78 165 164 239 92 203 52 228 152 238 4 89 35 57 193 209 250 112 2 140 187 190 186 17 227 69 223 192 137 168 75 61 215 1 32 235 130 44 212 116 101 138 0 106 150 19 34 243 95 172 70 20 97 114 220 233 134 40 104 177 10 157 231 50 153 195 198 182 103 224 201 178 197 47 77 21 200 135 46 161 167 86 120 26 13 100 6 253 27 218 118 38 148 216 156 155 133 74 99 144 129 31 
	Fitness: 44812956

Generacion 79
	Solucion: 242 147 93 102 36 184 214 145 79 117 207 45 18 175 42 199 132 194 158 16 119 179 11 15 211 30 33 136 222 141 252 53 59 3 5 139 154 113 73 217 166 173 83 254 169 202 247 110 188 171 105 234 232 196 22 98 225 151 28 240 205 25 249 219 71 115 8 76 107 208 244 149 68 48 80 162 88 176 122 62 51 85 39 229 127 181 90 237 65 56 124 128 248 67 210 7 170 111 180 82 108 58 241 131 160 109 213 63 142 9 183 246 174 72 163 55 221 94 64 189 96 43 204 49 29 14 121 37 125 191 236 123 12 143 23 185 66 255 159 81 226 206 146 87 251 54 126 245 60 91 24 84 230 41 78 165 164 239 92 203 52 228 152 238 4 89 35 57 193 209 250 112 2 140 187 190 186 17 227 69 223 192 137 168 75 61 215 1 32 235 130 44 212 116 101 138 0 106 150 19 34 243 95 172 70 20 97 114 220 233 134 40 104 177 10 157 231 50 153 195 198 182 103 224 201 178 197 47 77 21 200 135 46 161 167 86 120 26 13 100 6 253 27 218 118 38 148 216 156 155 133 74 99 144 129 31 
	Fitness: 44812956

Generacion 80
	Solucion: 242 147 93 102 36 184 214 145 79 117 207 45 18 175 42 199 132 194 158 16 119 179 11 15 211 30 33 136 222 141 252 53 59 3 5 139 154 113 73 217 166 173 83 254 169 202 247 110 188 171 105 234 232 196 22 98 225 151 28 240 205 25 249 219 71 115 8 76 107 208 244 149 68 48 80 162 88 176 122 62 51 85 39 229 127 181 90 237 65 56 124 128 248 67 210 7 170 111 180 82 108 58 241 131 160 109 213 63 142 9 183 246 174 72 163 55 221 94 64 189 96 43 204 49 29 14 121 37 125 191 236 123 12 143 23 185 66 255 159 81 226 206 146 87 251 54 126 245 60 91 24 84 230 41 78 165 164 239 92 203 52 228 152 238 4 89 35 57 193 209 250 112 2 140 187 190 186 17 227 69 223 192 137 168 75 61 215 1 32 235 130 44 212 116 101 138 0 106 150 19 34 243 95 172 70 20 97 114 220 233 134 40 104 177 10 157 231 50 153 195 198 182 103 224 201 178 197 47 77 21 200 135 46 161 167 86 120 26 13 100 6 253 27 218 118 38 148 216 156 155 133 74 99 144 129 31 
	Fitness: 44812956

Generacion 81
	Solucion: 242 147 93 102 36 184 214 145 79 117 207 45 18 175 42 199 132 194 158 16 119 179 11 15 211 30 33 136 222 141 252 53 59 3 5 139 154 113 73 217 166 173 83 254 169 202 247 110 188 171 105 234 232 196 22 98 225 151 28 240 205 25 249 219 71 115 8 76 107 208 244 149 68 48 80 162 88 176 122 62 51 85 39 229 127 181 90 237 65 56 124 128 248 67 210 7 170 111 180 82 108 58 241 131 160 109 213 63 142 9 183 246 174 72 163 55 221 94 64 189 96 43 204 49 29 14 121 37 125 191 236 123 12 143 23 185 66 255 159 81 226 206 146 87 251 54 126 245 60 91 24 84 230 41 78 165 164 239 92 203 52 228 152 238 4 89 35 57 193 209 250 112 2 140 187 190 186 17 227 69 223 192 137 168 75 61 215 1 32 235 130 44 212 116 101 138 0 106 150 19 34 243 95 172 70 20 97 114 220 233 134 40 104 177 10 157 231 50 153 195 198 182 103 224 201 178 197 47 77 21 200 135 46 161 167 86 120 26 13 100 6 253 27 218 118 38 148 216 156 155 133 74 99 144 129 31 
	Fitness: 44812956

Generacion 82
	Solucion: 242 147 93 102 36 184 214 145 79 117 207 45 18 175 42 199 132 194 158 16 119 179 11 15 211 30 33 136 222 141 252 53 59 3 5 139 154 113 73 217 166 173 83 254 169 202 247 110 188 171 105 234 232 196 22 98 225 151 28 240 205 25 249 219 71 115 8 76 107 208 244 149 68 48 80 162 88 176 122 62 51 85 39 229 127 181 90 237 65 56 124 128 248 67 210 7 170 111 180 82 108 58 241 131 160 109 213 63 142 9 183 246 174 72 163 55 221 94 64 189 96 43 204 49 29 14 121 37 125 191 236 123 12 143 23 185 66 255 159 81 226 206 146 87 251 54 126 245 60 91 24 84 230 41 78 165 164 239 92 203 52 228 152 238 4 89 35 57 193 209 250 112 2 140 187 190 186 17 227 69 223 192 137 168 75 61 215 1 32 235 130 44 212 116 101 138 0 106 150 19 34 243 95 172 70 20 97 114 220 233 134 40 104 177 10 157 231 50 153 195 198 182 103 224 201 178 197 47 77 21 200 135 46 161 167 86 120 26 13 100 6 253 27 218 118 38 148 216 156 155 133 74 99 144 129 31 
	Fitness: 44812956

Generacion 83
	Solucion: 242 147 93 102 36 184 214 145 79 117 207 45 18 175 42 199 132 194 158 16 119 179 11 15 211 30 33 136 222 141 252 53 59 3 5 139 154 113 73 217 166 173 83 254 169 202 247 110 188 171 105 234 232 196 22 98 225 151 28 240 205 25 249 219 71 115 8 76 107 208 244 149 68 48 80 162 88 176 122 62 51 85 39 229 127 181 90 237 65 56 124 128 248 67 210 7 170 111 180 82 108 58 241 131 160 109 213 63 142 9 183 246 174 72 163 55 221 94 64 189 96 43 204 49 29 14 121 37 125 191 236 123 12 143 23 185 66 255 159 81 226 206 146 87 251 54 126 245 60 91 24 84 230 41 78 165 164 239 92 203 52 228 152 238 4 89 35 57 193 209 250 112 2 140 187 190 186 17 227 69 223 192 137 168 75 61 215 1 32 235 130 44 212 116 101 138 0 106 150 19 34 243 95 172 70 20 97 114 220 233 134 40 104 177 10 157 231 50 153 195 198 182 103 224 201 178 197 47 77 21 200 135 46 161 167 86 120 26 13 100 6 253 27 218 118 38 148 216 156 155 133 74 99 144 129 31 
	Fitness: 44812956

Generacion 84
	Solucion: 242 147 93 102 36 184 214 145 79 117 207 45 18 175 42 199 132 194 158 16 119 179 11 15 211 30 33 136 222 141 252 53 59 3 5 139 154 113 73 217 166 173 83 254 169 202 247 110 188 171 105 234 232 196 22 98 225 151 28 240 205 25 249 219 71 115 8 76 107 208 244 149 68 48 80 162 88 176 122 62 51 85 39 229 127 181 90 237 65 56 124 128 248 67 210 7 170 111 180 82 108 58 241 131 160 109 213 63 142 9 183 246 174 72 163 55 221 94 64 189 96 43 204 49 29 14 121 37 125 191 236 123 12 143 23 185 66 255 159 81 226 206 146 87 251 54 126 245 60 91 24 84 230 41 78 165 164 239 92 203 52 228 152 238 4 89 35 57 193 209 250 112 2 140 187 190 186 17 227 69 223 192 137 168 75 61 215 1 32 235 130 44 212 116 101 138 0 106 150 19 34 243 95 172 70 20 97 114 220 233 134 40 104 177 10 157 231 50 153 195 198 182 103 224 201 178 197 47 77 21 200 135 46 161 167 86 120 26 13 100 6 253 27 218 118 38 148 216 156 155 133 74 99 144 129 31 
	Fitness: 44812956

Generacion 85
	Solucion: 242 147 93 102 36 184 214 145 79 117 207 45 18 175 42 199 132 194 158 16 119 179 11 15 211 30 33 136 222 141 252 53 59 3 5 139 154 113 73 217 166 173 83 254 169 202 247 110 188 171 105 234 232 196 22 98 225 151 28 240 205 25 249 219 71 115 8 76 107 208 244 149 68 48 80 162 88 176 122 62 51 85 39 229 127 181 90 237 65 56 124 128 248 67 210 7 170 111 180 82 108 58 241 131 160 109 213 63 142 9 183 246 174 72 163 55 221 94 64 189 96 43 204 49 29 14 121 37 125 191 236 123 12 143 23 185 66 255 159 81 226 206 146 87 251 54 126 245 60 91 24 84 230 41 78 165 164 239 92 203 52 228 152 238 4 89 35 57 193 209 250 112 2 140 187 190 186 17 227 69 223 192 137 168 75 61 215 1 32 235 130 44 212 116 101 138 0 106 150 19 34 243 95 172 70 20 97 114 220 233 134 40 104 177 10 157 231 50 153 195 198 182 103 224 201 178 197 47 77 21 200 135 46 161 167 86 120 26 13 100 6 253 27 218 118 38 148 216 156 155 133 74 99 144 129 31 
	Fitness: 44812956

Generacion 86
	Solucion: 242 147 93 102 36 184 214 145 79 117 207 45 18 175 42 199 132 194 158 16 119 179 11 15 211 30 33 136 222 141 252 53 59 3 5 139 154 113 73 217 166 173 83 254 169 202 247 110 188 171 105 234 232 196 22 98 225 151 28 240 205 25 249 219 71 115 8 76 107 208 244 149 68 48 80 162 88 176 122 62 51 85 39 229 127 181 90 237 65 56 124 128 248 67 210 7 170 111 180 82 108 58 241 131 160 109 213 63 142 9 183 246 174 72 163 55 221 94 64 189 96 43 204 49 29 14 121 37 125 191 236 123 12 143 23 185 66 255 159 81 226 206 146 87 251 54 126 245 60 91 24 84 230 41 78 165 164 239 92 203 52 228 152 238 4 89 35 57 193 209 250 112 2 140 187 190 186 17 227 69 223 192 137 168 75 61 215 1 32 235 130 44 212 116 101 138 0 106 150 19 34 243 95 172 70 20 97 114 220 233 134 40 104 177 10 157 231 50 153 195 198 182 103 224 201 178 197 47 77 21 200 135 46 161 167 86 120 26 13 100 6 253 27 218 118 38 148 216 156 155 133 74 99 144 129 31 
	Fitness: 44812956

Generacion 87
	Solucion: 242 147 93 102 36 184 214 145 79 117 207 45 18 175 42 199 132 194 158 16 119 179 11 15 211 30 33 136 222 141 252 53 59 3 5 139 154 113 73 217 166 173 83 254 169 202 247 110 188 171 105 234 232 196 22 98 225 151 28 240 205 25 249 219 71 115 8 76 107 208 244 149 68 48 80 162 88 176 122 62 51 85 39 229 127 181 90 237 65 56 124 128 248 67 210 7 170 111 180 82 108 58 241 131 160 109 213 63 142 9 183 246 174 72 163 55 221 94 64 189 96 43 204 49 29 14 121 37 125 191 236 123 12 143 23 185 66 255 159 81 226 206 146 87 251 54 126 245 60 91 24 84 230 41 78 165 164 239 92 203 52 228 152 238 4 89 35 57 193 209 250 112 2 140 187 190 186 17 227 69 223 192 137 168 75 61 215 1 32 235 130 44 212 116 101 138 0 106 150 19 34 243 95 172 70 20 97 114 220 233 134 40 104 177 10 157 231 50 153 195 198 182 103 224 201 178 197 47 77 21 200 135 46 161 167 86 120 26 13 100 6 253 27 218 118 38 148 216 156 155 133 74 99 144 129 31 
	Fitness: 44812956

Generacion 88
	Solucion: 242 147 93 102 36 184 214 145 79 117 207 45 18 175 42 199 132 194 158 16 119 179 11 15 211 30 33 136 222 141 252 53 59 3 5 139 154 113 73 217 166 173 83 254 169 202 247 110 188 171 105 234 232 196 22 98 225 151 28 240 205 25 249 219 71 115 8 76 107 208 244 149 68 48 80 162 88 176 122 62 51 85 39 229 127 181 90 237 65 56 124 128 248 67 210 7 170 111 180 82 108 58 241 131 160 109 213 63 142 9 183 246 174 72 163 55 221 94 64 189 96 43 204 49 29 14 121 37 125 191 236 123 12 143 23 185 66 255 159 81 226 206 146 87 251 54 126 245 60 91 24 84 230 41 78 165 164 239 92 203 52 228 152 238 4 89 35 57 193 209 250 112 2 140 187 190 186 17 227 69 223 192 137 168 75 61 215 1 32 235 130 44 212 116 101 138 0 106 150 19 34 243 95 172 70 20 97 114 220 233 134 40 104 177 10 157 231 50 153 195 198 182 103 224 201 178 197 47 77 21 200 135 46 161 167 86 120 26 13 100 6 253 27 218 118 38 148 216 156 155 133 74 99 144 129 31 
	Fitness: 44812956

Generacion 89
	Solucion: 242 147 93 102 36 184 214 145 79 117 207 45 18 175 42 199 132 194 158 16 119 179 11 15 211 30 33 136 222 141 252 53 59 3 5 139 154 113 73 217 166 173 83 254 169 202 247 110 188 171 105 234 232 196 22 98 225 151 28 240 205 25 249 219 71 115 8 76 107 208 244 149 68 48 80 162 88 176 122 62 51 85 39 229 127 181 90 237 65 56 124 128 248 67 210 7 170 111 180 82 108 58 241 131 160 109 213 63 142 9 183 246 174 72 163 55 221 94 64 189 96 43 204 49 29 14 121 37 125 191 236 123 12 143 23 185 66 255 159 81 226 206 146 87 251 54 126 245 60 91 24 84 230 41 78 165 164 239 92 203 52 228 152 238 4 89 35 57 193 209 250 112 2 140 187 190 186 17 227 69 223 192 137 168 75 61 215 1 32 235 130 44 212 116 101 138 0 106 150 19 34 243 95 172 70 20 97 114 220 233 134 40 104 177 10 157 231 50 153 195 198 182 103 224 201 178 197 47 77 21 200 135 46 161 167 86 120 26 13 100 6 253 27 218 118 38 148 216 156 155 133 74 99 144 129 31 
	Fitness: 44812956

Generacion 90
	Solucion: 242 147 93 102 36 184 214 145 79 117 207 45 18 175 42 199 132 194 158 16 119 179 11 15 211 30 33 136 222 141 252 53 59 3 5 139 154 113 73 217 166 173 83 254 169 202 247 110 188 171 105 234 232 196 22 98 225 151 28 240 205 25 249 219 71 115 8 76 107 208 244 149 68 48 80 162 88 176 122 62 51 85 39 229 127 181 90 237 65 56 124 128 248 67 210 7 170 111 180 82 108 58 241 131 160 109 213 63 142 9 183 246 174 72 163 55 221 94 64 189 96 43 204 49 29 14 121 37 125 191 236 123 12 143 23 185 66 255 159 81 226 206 146 87 251 54 126 245 60 91 24 84 230 41 78 165 164 239 92 203 52 228 152 238 4 89 35 57 193 209 250 112 2 140 187 190 186 17 227 69 223 192 137 168 75 61 215 1 32 235 130 44 212 116 101 138 0 106 150 19 34 243 95 172 70 20 97 114 220 233 134 40 104 177 10 157 231 50 153 195 198 182 103 224 201 178 197 47 77 21 200 135 46 161 167 86 120 26 13 100 6 253 27 218 118 38 148 216 156 155 133 74 99 144 129 31 
	Fitness: 44812956

Generacion 91
	Solucion: 242 147 93 102 36 184 214 145 79 117 207 45 18 175 42 199 132 194 158 16 119 179 11 15 211 30 33 136 222 141 252 53 59 3 5 139 154 113 73 217 166 173 83 254 169 202 247 110 188 171 105 234 232 196 22 98 225 151 28 240 205 25 249 219 71 115 8 76 107 208 244 149 68 48 80 162 88 176 122 62 51 85 39 229 127 181 90 237 65 56 124 128 248 67 210 7 170 111 180 82 108 58 241 131 160 109 213 63 142 9 183 246 174 72 163 55 221 94 64 189 96 43 204 49 29 14 121 37 125 191 236 123 12 143 23 185 66 255 159 81 226 206 146 87 251 54 126 245 60 91 24 84 230 41 78 165 164 239 92 203 52 228 152 238 4 89 35 57 193 209 250 112 2 140 187 190 186 17 227 69 223 192 137 168 75 61 215 1 32 235 130 44 212 116 101 138 0 106 150 19 34 243 95 172 70 20 97 114 220 233 134 40 104 177 10 157 231 50 153 195 198 182 103 224 201 178 197 47 77 21 200 135 46 161 167 86 120 26 13 100 6 253 27 218 118 38 148 216 156 155 133 74 99 144 129 31 
	Fitness: 44812956

Generacion 92
	Solucion: 242 147 93 102 36 184 214 145 79 117 207 45 18 175 42 199 132 194 158 16 119 179 11 15 211 30 33 136 222 141 252 53 59 3 5 139 154 113 73 217 166 173 83 254 169 202 247 110 188 171 105 234 232 196 22 98 225 151 28 240 205 25 249 219 71 115 8 76 107 208 244 149 68 48 80 162 88 176 122 62 51 85 39 229 127 181 90 237 65 56 124 128 248 67 210 7 170 111 180 82 108 58 241 131 160 109 213 63 142 9 183 246 174 72 163 55 221 94 64 189 96 43 204 49 29 14 121 37 125 191 236 123 12 143 23 185 66 255 159 81 226 206 146 87 251 54 126 245 60 91 24 84 230 41 78 165 164 239 92 203 52 228 152 238 4 89 35 57 193 209 250 112 2 140 187 190 186 17 227 69 223 192 137 168 75 61 215 1 32 235 130 44 212 116 101 138 0 106 150 19 34 243 95 172 70 20 97 114 220 233 134 40 104 177 10 157 231 50 153 195 198 182 103 224 201 178 197 47 77 21 200 135 46 161 167 86 120 26 13 100 6 253 27 218 118 38 148 216 156 155 133 74 99 144 129 31 
	Fitness: 44812956

Generacion 93
	Solucion: 242 147 93 102 36 184 214 145 79 117 207 45 18 175 42 199 132 194 158 16 119 179 11 15 211 30 33 136 222 141 252 53 59 3 5 139 154 113 73 217 166 173 83 254 169 202 247 110 188 171 105 234 232 196 22 98 225 151 28 240 205 25 249 219 71 115 8 76 107 208 244 149 68 48 80 162 88 176 122 62 51 85 39 229 127 181 90 237 65 56 124 128 248 67 210 7 170 111 180 82 108 58 241 131 160 109 213 63 142 9 183 246 174 72 163 55 221 94 64 189 96 43 204 49 29 14 121 37 125 191 236 123 12 143 23 185 66 255 159 81 226 206 146 87 251 54 126 245 60 91 24 84 230 41 78 165 164 239 92 203 52 228 152 238 4 89 35 57 193 209 250 112 2 140 187 190 186 17 227 69 223 192 137 168 75 61 215 1 32 235 130 44 212 116 101 138 0 106 150 19 34 243 95 172 70 20 97 114 220 233 134 40 104 177 10 157 231 50 153 195 198 182 103 224 201 178 197 47 77 21 200 135 46 161 167 86 120 26 13 100 6 253 27 218 118 38 148 216 156 155 133 74 99 144 129 31 
	Fitness: 44812956

Generacion 94
	Solucion: 242 147 93 102 36 184 214 145 79 117 207 45 18 175 42 199 132 194 158 16 119 179 11 15 211 30 33 136 222 141 252 53 59 3 5 139 154 113 73 217 166 173 83 254 169 202 247 110 188 171 105 234 232 196 22 98 225 151 28 240 205 25 249 219 71 115 8 76 107 208 244 149 68 48 80 162 88 176 122 62 51 85 39 229 127 181 90 237 65 56 124 128 248 67 210 7 170 111 180 82 108 58 241 131 160 109 213 63 142 9 183 246 174 72 163 55 221 94 64 189 96 43 204 49 29 14 121 37 125 191 236 123 12 143 23 185 66 255 159 81 226 206 146 87 251 54 126 245 60 91 24 84 230 41 78 165 164 239 92 203 52 228 152 238 4 89 35 57 193 209 250 112 2 140 187 190 186 17 227 69 223 192 137 168 75 61 215 1 32 235 130 44 212 116 101 138 0 106 150 19 34 243 95 172 70 20 97 114 220 233 134 40 104 177 10 157 231 50 153 195 198 182 103 224 201 178 197 47 77 21 200 135 46 161 167 86 120 26 13 100 6 253 27 218 118 38 148 216 156 155 133 74 99 144 129 31 
	Fitness: 44812956

Generacion 95
	Solucion: 242 147 93 102 36 184 214 145 79 117 207 45 18 175 42 199 132 194 158 16 119 179 11 15 211 30 33 136 222 141 252 53 59 3 5 139 154 113 73 217 166 173 83 254 169 202 247 110 188 171 105 234 232 196 22 98 225 151 28 240 205 25 249 219 71 115 8 76 107 208 244 149 68 48 80 162 88 176 122 62 51 85 39 229 127 181 90 237 65 56 124 128 248 67 210 7 170 111 180 82 108 58 241 131 160 109 213 63 142 9 183 246 174 72 163 55 221 94 64 189 96 43 204 49 29 14 121 37 125 191 236 123 12 143 23 185 66 255 159 81 226 206 146 87 251 54 126 245 60 91 24 84 230 41 78 165 164 239 92 203 52 228 152 238 4 89 35 57 193 209 250 112 2 140 187 190 186 17 227 69 223 192 137 168 75 61 215 1 32 235 130 44 212 116 101 138 0 106 150 19 34 243 95 172 70 20 97 114 220 233 134 40 104 177 10 157 231 50 153 195 198 182 103 224 201 178 197 47 77 21 200 135 46 161 167 86 120 26 13 100 6 253 27 218 118 38 148 216 156 155 133 74 99 144 129 31 
	Fitness: 44812956

Generacion 96
	Solucion: 242 147 93 102 36 184 214 145 79 117 207 45 18 175 42 199 132 194 158 16 119 179 11 15 211 30 33 136 222 141 252 53 59 3 5 139 154 113 73 217 166 173 83 254 169 202 247 110 188 171 105 234 232 196 22 98 225 151 28 240 205 25 249 219 71 115 8 76 107 208 244 149 68 48 80 162 88 176 122 62 51 85 39 229 127 181 90 237 65 56 124 128 248 67 210 7 170 111 180 82 108 58 241 131 160 109 213 63 142 9 183 246 174 72 163 55 221 94 64 189 96 43 204 49 29 14 121 37 125 191 236 123 12 143 23 185 66 255 159 81 226 206 146 87 251 54 126 245 60 91 24 84 230 41 78 165 164 239 92 203 52 228 152 238 4 89 35 57 193 209 250 112 2 140 187 190 186 17 227 69 223 192 137 168 75 61 215 1 32 235 130 44 212 116 101 138 0 106 150 19 34 243 95 172 70 20 97 114 220 233 134 40 104 177 10 157 231 50 153 195 198 182 103 224 201 178 197 47 77 21 200 135 46 161 167 86 120 26 13 100 6 253 27 218 118 38 148 216 156 155 133 74 99 144 129 31 
	Fitness: 44812956

Generacion 97
	Solucion: 242 147 93 102 36 184 214 145 79 117 207 45 18 175 42 199 132 194 158 16 119 179 11 15 211 30 33 136 222 141 252 53 59 3 5 139 154 113 73 217 166 173 83 254 169 202 247 110 188 171 105 234 232 196 22 98 225 151 28 240 205 25 249 219 71 115 8 76 107 208 244 149 68 48 80 162 88 176 122 62 51 85 39 229 127 181 90 237 65 56 124 128 248 67 210 7 170 111 180 82 108 58 241 131 160 109 213 63 142 9 183 246 174 72 163 55 221 94 64 189 96 43 204 49 29 14 121 37 125 191 236 123 12 143 23 185 66 255 159 81 226 206 146 87 251 54 126 245 60 91 24 84 230 41 78 165 164 239 92 203 52 228 152 238 4 89 35 57 193 209 250 112 2 140 187 190 186 17 227 69 223 192 137 168 75 61 215 1 32 235 130 44 212 116 101 138 0 106 150 19 34 243 95 172 70 20 97 114 220 233 134 40 104 177 10 157 231 50 153 195 198 182 103 224 201 178 197 47 77 21 200 135 46 161 167 86 120 26 13 100 6 253 27 218 118 38 148 216 156 155 133 74 99 144 129 31 
	Fitness: 44812956

Generacion 98
	Solucion: 242 147 93 102 36 184 214 145 79 117 207 45 18 175 42 199 132 194 158 16 119 179 11 15 211 30 33 136 222 141 252 53 59 3 5 139 154 113 73 217 166 173 83 254 169 202 247 110 188 171 105 234 232 196 22 98 225 151 28 240 205 25 249 219 71 115 8 76 107 208 244 149 68 48 80 162 88 176 122 62 51 85 39 229 127 181 90 237 65 56 124 128 248 67 210 7 170 111 180 82 108 58 241 131 160 109 213 63 142 9 183 246 174 72 163 55 221 94 64 189 96 43 204 49 29 14 121 37 125 191 236 123 12 143 23 185 66 255 159 81 226 206 146 87 251 54 126 245 60 91 24 84 230 41 78 165 164 239 92 203 52 228 152 238 4 89 35 57 193 209 250 112 2 140 187 190 186 17 227 69 223 192 137 168 75 61 215 1 32 235 130 44 212 116 101 138 0 106 150 19 34 243 95 172 70 20 97 114 220 233 134 40 104 177 10 157 231 50 153 195 198 182 103 224 201 178 197 47 77 21 200 135 46 161 167 86 120 26 13 100 6 253 27 218 118 38 148 216 156 155 133 74 99 144 129 31 
	Fitness: 44812956

Generacion 99
	Solucion: 242 147 93 102 36 184 214 145 79 117 207 45 18 175 42 199 132 194 158 16 119 179 11 15 211 30 33 136 222 141 252 53 59 3 5 139 154 113 73 217 166 173 83 254 169 202 247 110 188 171 105 234 232 196 22 98 225 151 28 240 205 25 249 219 71 115 8 76 107 208 244 149 68 48 80 162 88 176 122 62 51 85 39 229 127 181 90 237 65 56 124 128 248 67 210 7 170 111 180 82 108 58 241 131 160 109 213 63 142 9 183 246 174 72 163 55 221 94 64 189 96 43 204 49 29 14 121 37 125 191 236 123 12 143 23 185 66 255 159 81 226 206 146 87 251 54 126 245 60 91 24 84 230 41 78 165 164 239 92 203 52 228 152 238 4 89 35 57 193 209 250 112 2 140 187 190 186 17 227 69 223 192 137 168 75 61 215 1 32 235 130 44 212 116 101 138 0 106 150 19 34 243 95 172 70 20 97 114 220 233 134 40 104 177 10 157 231 50 153 195 198 182 103 224 201 178 197 47 77 21 200 135 46 161 167 86 120 26 13 100 6 253 27 218 118 38 148 216 156 155 133 74 99 144 129 31 
	Fitness: 44812956

Generacion 100
	Solucion: 242 147 93 102 36 184 214 145 79 117 207 45 18 175 42 199 132 194 158 16 119 179 11 15 211 30 33 136 222 141 252 53 59 3 5 139 154 113 73 217 166 173 83 254 169 202 247 110 188 171 105 234 232 196 22 98 225 151 28 240 205 25 249 219 71 115 8 76 107 208 244 149 68 48 80 162 88 176 122 62 51 85 39 229 127 181 90 237 65 56 124 128 248 67 210 7 170 111 180 82 108 58 241 131 160 109 213 63 142 9 183 246 174 72 163 55 221 94 64 189 96 43 204 49 29 14 121 37 125 191 236 123 12 143 23 185 66 255 159 81 226 206 146 87 251 54 126 245 60 91 24 84 230 41 78 165 164 239 92 203 52 228 152 238 4 89 35 57 193 209 250 112 2 140 187 190 186 17 227 69 223 192 137 168 75 61 215 1 32 235 130 44 212 116 101 138 0 106 150 19 34 243 95 172 70 20 97 114 220 233 134 40 104 177 10 157 231 50 153 195 198 182 103 224 201 178 197 47 77 21 200 135 46 161 167 86 120 26 13 100 6 253 27 218 118 38 148 216 156 155 133 74 99 144 129 31 
	Fitness: 44812956

  --> Tiempo: 4113.41

