
  -> Resultados AG-LAMARCKIANA: 
Generacion 1
	Solucion: 16 49 249 88 200 243 212 214 2 210 94 81 162 217 239 109 52 140 46 56 121 4 234 12 60 254 138 129 43 157 170 84 123 127 15 172 29 147 150 237 174 54 153 197 187 41 204 64 6 182 185 247 101 133 69 96 195 189 114 116 34 229 71 191 232 225 23 8 177 77 21 222 19 26 219 99 58 164 142 73 63 91 240 251 192 103 106 167 136 144 118 66 42 85 5 134 78 70 246 171 24 36 126 241 211 151 107 48 7 11 9 112 10 244 186 90 149 57 194 242 175 203 154 213 86 131 226 65 178 155 17 31 120 207 215 87 181 135 0 92 55 79 168 59 80 208 190 32 53 245 113 209 216 108 51 76 139 18 169 160 199 148 75 14 218 223 115 238 233 255 152 27 248 125 141 156 230 158 89 224 201 176 40 104 196 20 198 227 231 180 183 72 61 38 74 37 82 95 128 119 67 206 130 30 105 205 13 221 117 173 202 235 188 39 143 193 124 132 98 45 165 25 47 250 159 252 228 236 166 179 111 97 83 122 35 1 220 110 102 62 44 68 253 137 28 184 3 93 50 161 163 145 146 100 33 22 
	Fitness: 44952160

Generacion 2
	Solucion: 19 73 218 90 178 81 88 227 12 236 124 163 206 1 25 141 172 129 210 120 146 14 86 158 167 29 103 144 59 200 96 175 77 148 170 21 185 118 193 55 42 150 10 122 16 4 40 126 67 224 46 107 152 133 8 247 6 223 38 180 251 182 52 238 143 64 212 215 84 99 197 63 137 116 69 233 176 44 50 203 230 95 255 92 242 155 189 109 245 221 114 33 79 110 248 214 235 54 174 49 34 231 136 198 20 164 173 121 127 147 111 68 93 113 30 35 123 157 94 239 36 39 51 252 135 153 165 201 100 115 250 196 213 234 65 56 117 72 243 211 190 48 83 216 145 7 22 209 205 15 207 140 226 102 41 204 228 159 156 71 202 253 0 132 220 134 194 9 106 101 43 217 244 24 82 47 195 208 232 66 246 98 112 37 58 74 108 149 80 130 249 27 3 169 91 2 125 240 225 76 53 229 75 160 183 18 179 32 61 241 11 171 162 139 191 186 105 5 188 192 151 23 97 70 17 161 26 85 142 119 131 57 166 87 28 177 104 154 181 187 168 199 45 254 138 13 31 60 222 62 89 128 78 184 219 237 
	Fitness: 44862842

Generacion 3
	Solucion: 105 69 157 103 185 71 183 150 2 84 251 110 81 50 187 138 164 12 120 135 4 96 90 205 160 142 155 52 153 207 168 241 62 39 26 237 232 208 147 230 108 125 228 86 47 217 33 254 215 24 9 60 181 29 177 43 116 123 202 133 19 101 113 247 98 211 220 56 130 239 95 234 75 15 77 194 58 172 159 245 226 196 198 37 16 67 162 190 128 73 22 64 195 23 146 7 199 92 236 126 78 114 197 40 212 3 70 246 45 68 176 250 189 57 186 216 36 61 93 14 38 171 192 18 145 111 46 158 48 44 97 30 8 74 165 191 249 184 182 88 17 166 5 59 252 31 213 156 53 225 80 173 94 91 229 238 244 1 203 79 49 218 140 224 124 223 100 6 233 0 109 27 115 143 82 121 214 65 89 127 201 210 85 104 112 129 28 55 66 180 227 72 99 10 139 21 175 167 87 102 76 206 136 13 248 204 178 221 117 151 134 179 188 41 32 193 107 131 54 219 149 25 63 148 200 235 243 11 119 169 255 170 83 122 161 242 141 240 209 118 231 222 253 137 154 152 20 132 34 106 163 51 144 174 35 42 
	Fitness: 44840032

Generacion 4
	Solucion: 105 69 157 103 185 71 183 150 2 84 251 110 81 50 187 138 164 12 120 135 4 96 90 205 160 142 155 52 153 207 168 241 62 39 26 237 232 208 147 230 108 125 228 86 47 217 33 254 215 24 9 60 181 29 177 43 116 123 202 133 19 101 113 247 98 211 220 56 130 239 95 234 75 15 77 194 58 172 159 245 226 196 198 37 16 67 162 190 128 73 22 64 195 23 146 7 199 92 236 126 78 114 197 40 212 3 70 246 45 68 176 250 189 57 186 216 36 61 93 14 38 171 192 18 145 111 46 158 48 44 97 30 8 74 165 191 249 184 182 88 17 166 5 59 252 31 213 156 53 225 80 173 94 91 229 238 244 1 203 79 49 218 140 224 124 223 100 6 233 0 109 27 115 143 82 121 214 65 89 127 201 210 85 104 112 129 28 55 66 180 227 72 99 10 139 21 175 167 87 102 76 206 136 13 248 204 178 221 117 151 134 179 188 41 32 193 107 131 54 219 149 25 63 148 200 235 243 11 119 169 255 170 83 122 161 242 141 240 209 118 231 222 253 137 154 152 20 132 34 106 163 51 144 174 35 42 
	Fitness: 44840032

Generacion 5
	Solucion: 105 69 157 103 185 71 183 150 2 84 251 110 81 50 187 138 164 12 120 135 4 96 90 205 160 142 155 52 153 207 168 241 62 39 26 237 232 208 147 230 108 125 228 86 47 217 33 254 215 24 9 60 181 29 177 43 116 123 202 133 19 101 113 247 98 211 220 56 130 239 95 234 75 15 77 194 58 172 159 245 226 196 198 37 16 67 162 190 128 73 22 64 195 23 146 7 199 92 236 126 78 114 197 40 212 3 70 246 45 68 176 250 189 57 186 216 36 61 93 14 38 171 192 18 145 111 46 158 48 44 97 30 8 74 165 191 249 184 182 88 17 166 5 59 252 31 213 156 53 225 80 173 94 91 229 238 244 1 203 79 49 218 140 224 124 223 100 6 233 0 109 27 115 143 82 121 214 65 89 127 201 210 85 104 112 129 28 55 66 180 227 72 99 10 139 21 175 167 87 102 76 206 136 13 248 204 178 221 117 151 134 179 188 41 32 193 107 131 54 219 149 25 63 148 200 235 243 11 119 169 255 170 83 122 161 242 141 240 209 118 231 222 253 137 154 152 20 132 34 106 163 51 144 174 35 42 
	Fitness: 44840032

Generacion 6
	Solucion: 105 69 157 103 185 71 183 150 2 84 251 110 81 50 187 138 164 12 120 135 4 96 90 205 160 142 155 52 153 207 168 241 62 39 26 237 232 208 147 230 108 125 228 86 47 217 33 254 215 24 9 60 181 29 177 43 116 123 202 133 19 101 113 247 98 211 220 56 130 239 95 234 75 15 77 194 58 172 159 245 226 196 198 37 16 67 162 190 128 73 22 64 195 23 146 7 199 92 236 126 78 114 197 40 212 3 70 246 45 68 176 250 189 57 186 216 36 61 93 14 38 171 192 18 145 111 46 158 48 44 97 30 8 74 165 191 249 184 182 88 17 166 5 59 252 31 213 156 53 225 80 173 94 91 229 238 244 1 203 79 49 218 140 224 124 223 100 6 233 0 109 27 115 143 82 121 214 65 89 127 201 210 85 104 112 129 28 55 66 180 227 72 99 10 139 21 175 167 87 102 76 206 136 13 248 204 178 221 117 151 134 179 188 41 32 193 107 131 54 219 149 25 63 148 200 235 243 11 119 169 255 170 83 122 161 242 141 240 209 118 231 222 253 137 154 152 20 132 34 106 163 51 144 174 35 42 
	Fitness: 44840032

Generacion 7
	Solucion: 105 69 157 103 185 71 183 150 2 84 251 110 81 50 187 138 164 12 120 135 4 96 90 205 160 142 155 52 153 207 168 241 62 39 26 237 232 208 147 230 108 125 228 86 47 217 33 254 215 24 9 60 181 29 177 43 116 123 202 133 19 101 113 247 98 211 220 56 130 239 95 234 75 15 77 194 58 172 159 245 226 196 198 37 16 67 162 190 128 73 22 64 195 23 146 7 199 92 236 126 78 114 197 40 212 3 70 246 45 68 176 250 189 57 186 216 36 61 93 14 38 171 192 18 145 111 46 158 48 44 97 30 8 74 165 191 249 184 182 88 17 166 5 59 252 31 213 156 53 225 80 173 94 91 229 238 244 1 203 79 49 218 140 224 124 223 100 6 233 0 109 27 115 143 82 121 214 65 89 127 201 210 85 104 112 129 28 55 66 180 227 72 99 10 139 21 175 167 87 102 76 206 136 13 248 204 178 221 117 151 134 179 188 41 32 193 107 131 54 219 149 25 63 148 200 235 243 11 119 169 255 170 83 122 161 242 141 240 209 118 231 222 253 137 154 152 20 132 34 106 163 51 144 174 35 42 
	Fitness: 44840032

Generacion 8
	Solucion: 14 251 26 118 157 69 150 185 105 2 183 110 82 255 187 138 164 12 120 135 4 96 90 205 160 142 155 52 153 207 168 241 62 88 50 237 232 209 147 230 108 125 228 86 47 217 33 71 215 24 9 60 181 29 177 43 116 123 202 133 19 101 113 7 99 211 220 56 130 222 39 234 75 95 77 194 224 172 159 245 243 196 198 37 16 67 162 190 128 58 22 64 214 23 195 146 199 137 236 126 78 114 197 40 212 3 92 246 45 68 176 70 189 57 55 216 36 61 79 186 38 171 192 93 49 111 46 158 117 44 97 30 8 54 165 191 249 184 182 238 17 167 5 59 252 31 213 156 53 225 81 173 94 91 229 247 244 18 203 253 250 218 140 84 124 223 100 6 233 145 109 27 115 143 74 121 1 65 89 0 201 210 85 104 112 129 28 254 66 180 227 72 98 10 139 21 175 41 87 102 76 206 136 13 248 204 178 221 48 151 134 179 188 73 32 193 107 131 127 219 149 25 63 148 200 235 226 11 119 169 15 170 83 122 161 242 141 240 208 103 231 239 80 166 154 152 20 132 34 106 163 51 144 174 35 42 
	Fitness: 44836570

Generacion 9
	Solucion: 150 103 12 157 120 90 251 185 14 110 96 135 255 82 105 187 205 138 69 183 164 2 26 4 160 142 155 52 153 207 168 241 62 73 50 237 232 209 147 230 108 125 228 86 47 217 33 71 215 24 9 60 181 29 177 43 116 123 202 133 19 101 113 7 99 211 220 56 130 222 39 234 75 95 77 194 224 172 159 245 243 196 198 37 16 67 162 190 128 58 22 64 163 23 195 146 214 42 231 126 132 114 197 40 212 78 236 246 34 68 176 70 154 57 55 216 36 61 79 186 38 171 152 199 49 111 46 158 117 44 97 30 8 3 165 191 192 92 182 238 93 167 5 59 252 31 45 156 53 225 17 173 94 91 229 247 244 81 203 253 250 218 249 140 124 223 100 6 233 145 109 27 115 143 74 189 213 65 89 239 201 210 85 104 112 129 28 0 66 180 227 72 98 10 139 21 175 41 87 102 76 206 136 13 248 204 178 221 48 151 134 179 188 184 32 193 107 131 127 219 149 25 63 148 88 235 226 11 137 169 254 170 83 54 161 242 141 240 106 118 119 174 15 84 122 166 121 208 35 18 200 51 144 80 20 1 
	Fitness: 44828052

Generacion 10
	Solucion: 150 103 12 157 120 90 251 185 14 110 96 135 255 82 105 187 205 138 69 183 164 2 26 4 160 142 155 52 153 207 168 241 62 73 50 237 232 209 147 230 108 125 228 86 47 217 33 71 215 24 9 60 181 29 177 43 116 123 202 133 19 101 113 7 99 211 220 56 130 222 39 234 75 95 77 194 224 172 159 245 243 196 198 37 16 67 162 190 128 58 22 64 163 23 195 146 214 42 231 126 132 114 197 40 212 78 236 246 34 68 176 70 154 57 55 216 36 61 79 186 38 171 152 199 49 111 46 158 117 44 97 30 8 3 165 191 192 92 182 238 93 167 5 59 252 31 45 156 53 225 17 173 94 91 229 247 244 81 203 253 250 218 249 140 124 223 100 6 233 145 109 27 115 143 74 189 213 65 89 239 201 210 85 104 112 129 28 0 66 180 227 72 98 10 139 21 175 41 87 102 76 206 136 13 248 204 178 221 48 151 134 179 188 184 32 193 107 131 127 219 149 25 63 148 88 235 226 11 137 169 254 170 83 54 161 242 141 240 106 118 119 174 15 84 122 166 121 208 35 18 200 51 144 80 20 1 
	Fitness: 44828052

Generacion 11
	Solucion: 150 103 12 157 120 90 251 185 14 110 96 135 255 82 105 187 205 138 69 183 164 2 26 4 160 142 155 52 153 207 168 241 62 73 50 237 232 209 147 230 108 125 228 86 47 217 33 71 215 24 9 60 181 29 177 43 116 123 202 133 19 101 113 7 99 211 220 56 130 222 39 234 75 95 77 194 224 172 159 245 243 196 198 37 16 67 162 190 128 58 22 64 163 23 195 146 214 42 231 126 132 114 197 40 212 78 236 246 34 68 176 70 154 57 55 216 36 61 79 186 38 171 152 199 49 111 46 158 117 44 97 30 8 3 165 191 192 92 182 238 93 167 5 59 252 31 45 156 53 225 17 173 94 91 229 247 244 81 203 253 250 218 249 140 124 223 100 6 233 145 109 27 115 143 74 189 213 65 89 239 201 210 85 104 112 129 28 0 66 180 227 72 98 10 139 21 175 41 87 102 76 206 136 13 248 204 178 221 48 151 134 179 188 184 32 193 107 131 127 219 149 25 63 148 88 235 226 11 137 169 254 170 83 54 161 242 141 240 106 118 119 174 15 84 122 166 121 208 35 18 200 51 144 80 20 1 
	Fitness: 44828052

Generacion 12
	Solucion: 150 103 12 157 120 90 251 185 14 110 96 135 255 82 105 187 205 138 69 183 164 2 26 4 160 142 155 52 153 207 168 241 62 73 50 237 232 209 147 230 108 125 228 86 47 217 33 71 215 24 9 60 181 29 177 43 116 123 202 133 19 101 113 7 99 211 220 56 130 222 39 234 75 95 77 194 224 172 159 245 243 196 198 37 16 67 162 190 128 58 22 64 163 23 195 146 214 42 231 126 132 114 197 40 212 78 236 246 34 68 176 70 154 57 55 216 36 61 79 186 38 171 152 199 49 111 46 158 117 44 97 30 8 3 165 191 192 92 182 238 93 167 5 59 252 31 45 156 53 225 17 173 94 91 229 247 244 81 203 253 250 218 249 140 124 223 100 6 233 145 109 27 115 143 74 189 213 65 89 239 201 210 85 104 112 129 28 0 66 180 227 72 98 10 139 21 175 41 87 102 76 206 136 13 248 204 178 221 48 151 134 179 188 184 32 193 107 131 127 219 149 25 63 148 88 235 226 11 137 169 254 170 83 54 161 242 141 240 106 118 119 174 15 84 122 166 121 208 35 18 200 51 144 80 20 1 
	Fitness: 44828052

Generacion 13
	Solucion: 172 190 123 170 142 187 202 153 105 138 69 228 183 140 235 11 150 2 120 135 4 95 90 205 128 157 198 52 164 159 168 241 26 9 50 237 22 208 147 248 92 45 160 113 254 110 33 71 200 207 41 103 86 13 177 43 116 230 217 133 19 101 30 96 99 196 220 56 130 125 39 7 75 15 78 194 82 211 60 245 226 239 181 37 16 67 162 250 63 73 215 64 27 255 8 17 146 178 115 46 21 223 141 40 236 109 218 233 182 124 197 126 12 224 186 246 36 229 5 66 80 206 247 161 131 31 152 87 65 225 29 158 79 6 151 23 47 10 209 129 44 232 176 203 179 89 77 231 204 112 240 175 102 195 137 59 234 94 83 180 97 139 253 57 108 48 216 249 61 38 42 68 201 62 189 98 121 145 227 18 166 14 244 122 118 165 134 55 20 70 0 212 167 85 72 91 74 104 1 93 143 136 173 199 171 148 219 117 251 243 100 81 188 88 58 24 144 111 132 238 149 155 54 3 221 84 107 127 154 119 214 242 35 25 32 28 114 193 156 210 252 53 163 191 174 192 49 213 184 185 76 51 169 34 222 106 
	Fitness: 44819510

Generacion 14
	Solucion: 172 190 123 170 142 187 202 153 105 138 69 228 183 140 235 11 150 2 120 135 4 95 90 205 128 157 198 52 164 159 168 241 26 9 50 237 22 208 147 248 92 45 160 113 254 110 33 71 200 207 41 103 86 13 177 43 116 230 217 133 19 101 30 96 99 196 220 56 130 125 39 7 75 15 78 194 82 211 60 245 226 239 181 37 16 67 162 250 63 73 215 64 27 255 8 17 146 178 115 46 21 223 141 40 236 109 218 233 182 124 197 126 12 224 186 246 36 229 5 66 80 206 247 161 131 31 152 87 65 225 29 158 79 6 151 23 47 10 209 129 44 232 176 203 179 89 77 231 204 112 240 175 102 195 137 59 234 94 83 180 97 139 253 57 108 48 216 249 61 38 42 68 201 62 189 98 121 145 227 18 166 14 244 122 118 165 134 55 20 70 0 212 167 85 72 91 74 104 1 93 143 136 173 199 171 148 219 117 251 243 100 81 188 88 58 24 144 111 132 238 149 155 54 3 221 84 107 127 154 119 214 242 35 25 32 28 114 193 156 210 252 53 163 191 174 192 49 213 184 185 76 51 169 34 222 106 
	Fitness: 44819510

Generacion 15
	Solucion: 99 150 29 12 103 198 81 120 14 251 96 135 255 183 105 185 187 138 84 157 110 73 26 54 160 164 155 142 153 207 168 241 62 52 50 237 232 209 147 230 90 125 2 86 47 217 33 71 215 24 133 60 181 205 177 43 116 123 228 9 19 101 108 7 202 211 113 56 130 222 4 234 75 95 77 194 224 172 159 245 243 196 220 37 16 67 162 190 128 41 22 64 178 23 163 195 214 42 146 126 231 184 197 40 20 78 219 246 34 68 176 65 122 57 55 216 36 61 79 186 38 171 152 199 49 111 46 158 117 44 212 30 131 3 93 191 114 192 92 238 165 167 5 59 252 31 45 156 53 225 17 174 94 91 229 247 244 97 203 253 250 218 249 173 124 223 100 6 233 35 109 27 236 143 74 189 132 70 89 239 201 210 85 104 112 129 28 0 66 180 227 72 182 10 139 21 175 82 254 102 115 206 58 13 170 204 39 221 18 141 134 179 137 83 32 193 107 8 140 76 149 166 63 213 145 235 98 11 121 169 248 69 87 25 161 226 151 80 242 240 88 127 119 208 148 136 118 1 188 106 48 51 144 15 200 154 
	Fitness: 44817096

Generacion 16
	Solucion: 81 29 251 96 187 254 183 73 120 110 12 26 103 157 15 138 198 135 99 185 105 67 84 54 160 164 155 142 153 207 168 241 217 52 50 237 232 209 147 230 90 125 2 86 196 63 33 71 215 24 133 60 181 205 177 41 116 123 228 9 19 101 108 7 202 211 113 56 130 222 4 234 75 95 77 194 224 172 159 245 243 46 220 37 16 150 162 190 128 43 22 64 47 178 163 195 144 23 146 208 231 180 197 40 20 148 169 246 34 214 176 126 122 57 55 216 36 78 79 68 38 171 152 186 49 111 62 223 117 42 212 61 131 119 219 191 114 192 92 238 165 167 5 59 93 31 45 156 53 225 17 174 94 91 229 247 244 252 203 253 250 218 249 173 124 158 100 6 233 149 109 35 236 143 74 189 132 70 89 239 201 210 85 65 112 129 28 0 97 184 227 72 182 140 139 21 175 66 30 102 44 206 166 13 10 204 39 221 18 141 115 136 199 98 188 193 226 27 104 1 3 151 118 106 170 11 248 134 121 154 87 200 83 32 161 240 76 213 69 179 25 145 235 137 48 80 58 88 82 107 242 51 255 8 127 14 
	Fitness: 44813340

Generacion 17
	Solucion: 81 29 251 96 187 254 183 73 120 110 12 26 103 157 15 138 198 135 99 185 105 67 84 54 160 164 155 142 153 207 168 241 217 52 50 237 232 209 147 230 90 125 2 86 196 63 33 71 215 24 133 60 181 205 177 41 116 123 228 9 19 101 108 7 202 211 113 56 130 222 4 234 75 95 77 194 224 172 159 245 243 46 220 37 16 150 162 190 128 43 22 64 47 178 163 195 144 23 146 208 231 180 197 40 20 148 169 246 34 214 176 126 122 57 55 216 36 78 79 68 38 171 152 186 49 111 62 223 117 42 212 61 131 119 219 191 114 192 92 238 165 167 5 59 93 31 45 156 53 225 17 174 94 91 229 247 244 252 203 253 250 218 249 173 124 158 100 6 233 149 109 35 236 143 74 189 132 70 89 239 201 210 85 65 112 129 28 0 97 184 227 72 182 140 139 21 175 66 30 102 44 206 166 13 10 204 39 221 18 141 115 136 199 98 188 193 226 27 104 1 3 151 118 106 170 11 248 134 121 154 87 200 83 32 161 240 76 213 69 179 25 145 235 137 48 80 58 88 82 107 242 51 255 8 127 14 
	Fitness: 44813340

Generacion 18
	Solucion: 81 29 251 96 187 254 183 73 120 110 12 26 103 157 15 138 198 135 99 185 105 67 84 54 160 164 155 142 153 207 168 241 217 52 50 237 232 209 147 230 90 125 2 86 196 63 33 71 215 24 133 60 181 205 177 41 116 123 228 9 19 101 108 7 202 211 113 56 130 222 4 234 75 95 77 194 224 172 159 245 243 46 220 37 16 150 162 190 128 43 22 64 47 178 163 195 144 23 146 208 231 180 197 40 20 148 169 246 34 214 176 126 122 57 55 216 36 78 79 68 38 171 152 186 49 111 62 223 117 42 212 61 131 119 219 191 114 192 92 238 165 167 5 59 93 31 45 156 53 225 17 174 94 91 229 247 244 252 203 253 250 218 249 173 124 158 100 6 233 149 109 35 236 143 74 189 132 70 89 239 201 210 85 65 112 129 28 0 97 184 227 72 182 140 139 21 175 66 30 102 44 206 166 13 10 204 39 221 18 141 115 136 199 98 188 193 226 27 104 1 3 151 118 106 170 11 248 134 121 154 87 200 83 32 161 240 76 213 69 179 25 145 235 137 48 80 58 88 82 107 242 51 255 8 127 14 
	Fitness: 44813340

Generacion 19
	Solucion: 81 29 251 96 187 254 183 73 120 110 12 26 103 157 15 138 198 135 99 185 105 67 84 54 160 164 155 142 153 207 168 241 217 52 50 237 232 209 147 230 90 125 2 86 196 63 33 71 215 24 133 60 181 205 177 41 116 123 228 9 19 101 108 7 202 211 113 56 130 222 4 234 75 95 77 194 224 172 159 245 243 46 220 37 16 150 162 190 128 43 22 64 47 178 163 195 144 23 146 208 231 180 197 40 20 148 169 246 34 214 176 126 122 57 55 216 36 78 79 68 38 171 152 186 49 111 62 223 117 42 212 61 131 119 219 191 114 192 92 238 165 167 5 59 93 31 45 156 53 225 17 174 94 91 229 247 244 252 203 253 250 218 249 173 124 158 100 6 233 149 109 35 236 143 74 189 132 70 89 239 201 210 85 65 112 129 28 0 97 184 227 72 182 140 139 21 175 66 30 102 44 206 166 13 10 204 39 221 18 141 115 136 199 98 188 193 226 27 104 1 3 151 118 106 170 11 248 134 121 154 87 200 83 32 161 240 76 213 69 179 25 145 235 137 48 80 58 88 82 107 242 51 255 8 127 14 
	Fitness: 44813340

Generacion 20
	Solucion: 81 29 251 96 187 254 183 73 120 110 12 26 103 157 15 138 198 135 99 185 105 67 84 54 160 164 155 142 153 207 168 241 217 52 50 237 232 209 147 230 90 125 2 86 196 63 33 71 215 24 133 60 181 205 177 41 116 123 228 9 19 101 108 7 202 211 113 56 130 222 4 234 75 95 77 194 224 172 159 245 243 46 220 37 16 150 162 190 128 43 22 64 47 178 163 195 144 23 146 208 231 180 197 40 20 148 169 246 34 214 176 126 122 57 55 216 36 78 79 68 38 171 152 186 49 111 62 223 117 42 212 61 131 119 219 191 114 192 92 238 165 167 5 59 93 31 45 156 53 225 17 174 94 91 229 247 244 252 203 253 250 218 249 173 124 158 100 6 233 149 109 35 236 143 74 189 132 70 89 239 201 210 85 65 112 129 28 0 97 184 227 72 182 140 139 21 175 66 30 102 44 206 166 13 10 204 39 221 18 141 115 136 199 98 188 193 226 27 104 1 3 151 118 106 170 11 248 134 121 154 87 200 83 32 161 240 76 213 69 179 25 145 235 137 48 80 58 88 82 107 242 51 255 8 127 14 
	Fitness: 44813340

Generacion 21
	Solucion: 81 29 251 96 187 254 183 73 120 110 12 26 103 157 15 138 198 135 99 185 105 67 84 54 160 164 155 142 153 207 168 241 217 52 50 237 232 209 147 230 90 125 2 86 196 63 33 71 215 24 133 60 181 205 177 41 116 123 228 9 19 101 108 7 202 211 113 56 130 222 4 234 75 95 77 194 224 172 159 245 243 46 220 37 16 150 162 190 128 43 22 64 47 178 163 195 144 23 146 208 231 180 197 40 20 148 169 246 34 214 176 126 122 57 55 216 36 78 79 68 38 171 152 186 49 111 62 223 117 42 212 61 131 119 219 191 114 192 92 238 165 167 5 59 93 31 45 156 53 225 17 174 94 91 229 247 244 252 203 253 250 218 249 173 124 158 100 6 233 149 109 35 236 143 74 189 132 70 89 239 201 210 85 65 112 129 28 0 97 184 227 72 182 140 139 21 175 66 30 102 44 206 166 13 10 204 39 221 18 141 115 136 199 98 188 193 226 27 104 1 3 151 118 106 170 11 248 134 121 154 87 200 83 32 161 240 76 213 69 179 25 145 235 137 48 80 58 88 82 107 242 51 255 8 127 14 
	Fitness: 44813340

Generacion 22
	Solucion: 81 29 251 96 187 254 183 73 120 110 12 26 103 157 15 138 198 135 99 185 105 67 84 54 160 164 155 142 153 207 168 241 217 52 50 237 232 209 147 230 90 125 2 86 196 63 33 71 215 24 133 60 181 205 177 41 116 123 228 9 19 101 108 7 202 211 113 56 130 222 4 234 75 95 77 194 224 172 159 245 243 46 220 37 16 150 162 190 128 43 22 64 47 178 163 195 144 23 146 208 231 180 197 40 20 148 169 246 34 214 176 126 122 57 55 216 36 78 79 68 38 171 152 186 49 111 62 223 117 42 212 61 131 119 219 191 114 192 92 238 165 167 5 59 93 31 45 156 53 225 17 174 94 91 229 247 244 252 203 253 250 218 249 173 124 158 100 6 233 149 109 35 236 143 74 189 132 70 89 239 201 210 85 65 112 129 28 0 97 184 227 72 182 140 139 21 175 66 30 102 44 206 166 13 10 204 39 221 18 141 115 136 199 98 188 193 226 27 104 1 3 151 118 106 170 11 248 134 121 154 87 200 83 32 161 240 76 213 69 179 25 145 235 137 48 80 58 88 82 107 242 51 255 8 127 14 
	Fitness: 44813340

Generacion 23
	Solucion: 81 29 251 96 187 254 183 73 120 110 12 26 103 157 15 138 198 135 99 185 105 67 84 54 160 164 155 142 153 207 168 241 217 52 50 237 232 209 147 230 90 125 2 86 196 63 33 71 215 24 133 60 181 205 177 41 116 123 228 9 19 101 108 7 202 211 113 56 130 222 4 234 75 95 77 194 224 172 159 245 243 46 220 37 16 150 162 190 128 43 22 64 47 178 163 195 144 23 146 208 231 180 197 40 20 148 169 246 34 214 176 126 122 57 55 216 36 78 79 68 38 171 152 186 49 111 62 223 117 42 212 61 131 119 219 191 114 192 92 238 165 167 5 59 93 31 45 156 53 225 17 174 94 91 229 247 244 252 203 253 250 218 249 173 124 158 100 6 233 149 109 35 236 143 74 189 132 70 89 239 201 210 85 65 112 129 28 0 97 184 227 72 182 140 139 21 175 66 30 102 44 206 166 13 10 204 39 221 18 141 115 136 199 98 188 193 226 27 104 1 3 151 118 106 170 11 248 134 121 154 87 200 83 32 161 240 76 213 69 179 25 145 235 137 48 80 58 88 82 107 242 51 255 8 127 14 
	Fitness: 44813340

Generacion 24
	Solucion: 81 29 251 96 187 254 183 73 120 110 12 26 103 157 15 138 198 135 99 185 105 67 84 54 160 164 155 142 153 207 168 241 217 52 50 237 232 209 147 230 90 125 2 86 196 63 33 71 215 24 133 60 181 205 177 41 116 123 228 9 19 101 108 7 202 211 113 56 130 222 4 234 75 95 77 194 224 172 159 245 243 46 220 37 16 150 162 190 128 43 22 64 47 178 163 195 144 23 146 208 231 180 197 40 20 148 169 246 34 214 176 126 122 57 55 216 36 78 79 68 38 171 152 186 49 111 62 223 117 42 212 61 131 119 219 191 114 192 92 238 165 167 5 59 93 31 45 156 53 225 17 174 94 91 229 247 244 252 203 253 250 218 249 173 124 158 100 6 233 149 109 35 236 143 74 189 132 70 89 239 201 210 85 65 112 129 28 0 97 184 227 72 182 140 139 21 175 66 30 102 44 206 166 13 10 204 39 221 18 141 115 136 199 98 188 193 226 27 104 1 3 151 118 106 170 11 248 134 121 154 87 200 83 32 161 240 76 213 69 179 25 145 235 137 48 80 58 88 82 107 242 51 255 8 127 14 
	Fitness: 44813340

Generacion 25
	Solucion: 81 29 251 96 187 254 183 73 120 110 12 26 103 157 15 138 198 135 99 185 105 67 84 54 160 164 155 142 153 207 168 241 217 52 50 237 232 209 147 230 90 125 2 86 196 63 33 71 215 24 133 60 181 205 177 41 116 123 228 9 19 101 108 7 202 211 113 56 130 222 4 234 75 95 77 194 224 172 159 245 243 46 220 37 16 150 162 190 128 43 22 64 47 178 163 195 144 23 146 208 231 180 197 40 20 148 169 246 34 214 176 126 122 57 55 216 36 78 79 68 38 171 152 186 49 111 62 223 117 42 212 61 131 119 219 191 114 192 92 238 165 167 5 59 93 31 45 156 53 225 17 174 94 91 229 247 244 252 203 253 250 218 249 173 124 158 100 6 233 149 109 35 236 143 74 189 132 70 89 239 201 210 85 65 112 129 28 0 97 184 227 72 182 140 139 21 175 66 30 102 44 206 166 13 10 204 39 221 18 141 115 136 199 98 188 193 226 27 104 1 3 151 118 106 170 11 248 134 121 154 87 200 83 32 161 240 76 213 69 179 25 145 235 137 48 80 58 88 82 107 242 51 255 8 127 14 
	Fitness: 44813340

Generacion 26
	Solucion: 98 7 29 78 81 254 90 73 120 93 12 26 103 157 15 232 183 135 187 196 105 96 50 54 113 164 215 142 209 230 168 177 160 67 84 155 138 207 147 24 198 125 153 86 52 217 33 71 185 2 9 60 181 205 241 228 116 123 63 133 19 101 108 237 202 41 251 56 130 222 4 234 75 110 211 194 224 172 159 245 243 46 220 37 16 150 162 190 128 43 22 64 236 151 178 163 144 23 146 208 231 180 195 40 20 148 169 246 203 214 176 126 122 57 55 216 8 34 79 68 38 171 152 186 49 111 62 223 117 235 212 42 131 119 219 197 114 192 92 238 165 167 5 59 31 14 255 156 53 225 17 174 94 179 229 247 244 252 191 61 250 218 249 173 124 158 100 6 233 149 109 35 253 143 74 189 132 70 89 239 201 210 85 65 112 129 28 0 213 184 227 72 182 140 139 21 175 66 30 102 44 206 166 13 10 204 39 221 18 141 115 136 199 99 188 193 200 97 104 1 3 91 118 106 77 11 248 134 121 95 87 170 83 32 161 240 76 47 69 27 25 145 226 137 48 36 58 88 82 107 242 51 45 80 127 154 
	Fitness: 44809848

Generacion 27
	Solucion: 98 7 29 78 81 254 90 73 120 93 12 26 103 157 15 232 183 135 187 196 105 96 50 54 113 164 215 142 209 230 168 177 160 67 84 155 138 207 147 24 198 125 153 86 52 217 33 71 185 2 9 60 181 205 241 228 116 123 63 133 19 101 108 237 202 41 251 56 130 222 4 234 75 110 211 194 224 172 159 245 243 46 220 37 16 150 162 190 128 43 22 64 236 151 178 163 144 23 146 208 231 180 195 40 20 148 169 246 203 214 176 126 122 57 55 216 8 34 79 68 38 171 152 186 49 111 62 223 117 235 212 42 131 119 219 197 114 192 92 238 165 167 5 59 31 14 255 156 53 225 17 174 94 179 229 247 244 252 191 61 250 218 249 173 124 158 100 6 233 149 109 35 253 143 74 189 132 70 89 239 201 210 85 65 112 129 28 0 213 184 227 72 182 140 139 21 175 66 30 102 44 206 166 13 10 204 39 221 18 141 115 136 199 99 188 193 200 97 104 1 3 91 118 106 77 11 248 134 121 95 87 170 83 32 161 240 76 47 69 27 25 145 226 137 48 36 58 88 82 107 242 51 45 80 127 154 
	Fitness: 44809848

Generacion 28
	Solucion: 153 29 90 99 69 254 105 73 120 52 12 26 103 125 15 248 96 135 187 196 200 157 50 41 82 164 215 142 209 230 168 177 160 67 237 140 138 205 147 39 198 183 110 86 207 217 33 71 170 2 9 60 181 251 241 228 116 123 63 133 19 101 92 7 202 190 113 56 130 222 4 234 75 95 77 194 224 172 159 245 243 46 220 37 16 150 162 211 128 43 22 64 47 178 163 180 144 23 146 208 231 195 197 40 236 148 169 246 34 214 176 165 122 57 240 216 201 137 79 107 38 192 152 171 49 126 62 223 117 42 212 61 131 134 72 76 114 239 112 238 175 35 206 59 227 145 255 156 186 225 17 174 94 14 229 247 244 119 54 253 0 218 87 203 124 158 100 6 78 149 204 55 10 210 74 97 132 70 89 13 68 143 184 102 108 161 28 121 189 80 173 45 53 83 139 106 151 30 118 129 235 5 155 191 226 21 219 221 18 141 115 136 199 98 188 193 233 27 104 1 3 31 66 109 93 11 232 252 250 179 249 185 65 32 182 166 242 84 167 24 25 36 44 20 48 85 58 88 81 91 213 51 111 8 127 154 
	Fitness: 44804224

Generacion 29
	Solucion: 153 29 90 99 69 254 105 73 120 52 12 26 103 125 15 248 96 135 187 196 200 157 50 41 82 164 215 142 209 230 168 177 160 67 237 140 138 205 147 39 198 183 110 86 207 217 33 71 170 2 9 60 181 251 241 228 116 123 63 133 19 101 92 7 202 190 113 56 130 222 4 234 75 95 77 194 224 172 159 245 243 46 220 37 16 150 162 211 128 43 22 64 47 178 163 180 144 23 146 208 231 195 197 40 236 148 169 246 34 214 176 165 122 57 240 216 201 137 79 107 38 192 152 171 49 126 62 223 117 42 212 61 131 134 72 76 114 239 112 238 175 35 206 59 227 145 255 156 186 225 17 174 94 14 229 247 244 119 54 253 0 218 87 203 124 158 100 6 78 149 204 55 10 210 74 97 132 70 89 13 68 143 184 102 108 161 28 121 189 80 173 45 53 83 139 106 151 30 118 129 235 5 155 191 226 21 219 221 18 141 115 136 199 98 188 193 233 27 104 1 3 31 66 109 93 11 232 252 250 179 249 185 65 32 182 166 242 84 167 24 25 36 44 20 48 85 58 88 81 91 213 51 111 8 127 154 
	Fitness: 44804224

Generacion 30
	Solucion: 153 29 90 99 69 254 105 73 120 52 12 26 103 125 15 248 96 135 187 196 200 157 50 41 82 164 215 142 209 230 168 177 160 67 237 140 138 205 147 39 198 183 110 86 207 217 33 71 170 2 9 60 181 251 241 228 116 123 63 133 19 101 92 7 202 190 113 56 130 222 4 234 75 95 77 194 224 172 159 245 243 46 220 37 16 150 162 211 128 43 22 64 47 178 163 180 144 23 146 208 231 195 197 40 236 148 169 246 34 214 176 165 122 57 240 216 201 137 79 107 38 192 152 171 49 126 62 223 117 42 212 61 131 134 72 76 114 239 112 238 175 35 206 59 227 145 255 156 186 225 17 174 94 14 229 247 244 119 54 253 0 218 87 203 124 158 100 6 78 149 204 55 10 210 74 97 132 70 89 13 68 143 184 102 108 161 28 121 189 80 173 45 53 83 139 106 151 30 118 129 235 5 155 191 226 21 219 221 18 141 115 136 199 98 188 193 233 27 104 1 3 31 66 109 93 11 232 252 250 179 249 185 65 32 182 166 242 84 167 24 25 36 44 20 48 85 58 88 81 91 213 51 111 8 127 154 
	Fitness: 44804224

Generacion 31
	Solucion: 92 153 101 52 248 99 105 254 120 77 12 73 103 125 82 96 183 135 187 196 90 200 50 69 128 164 243 157 194 230 168 26 160 67 7 140 138 189 64 39 198 29 95 86 209 142 33 71 170 2 9 191 181 113 241 228 116 123 63 133 19 223 60 237 202 41 251 56 130 206 4 234 75 110 211 217 224 172 159 245 215 46 220 37 16 150 162 177 15 43 22 147 236 151 178 83 74 23 146 114 174 38 182 111 20 148 169 49 246 6 44 208 122 242 55 35 163 47 226 68 5 171 152 186 106 218 62 145 166 42 221 61 131 197 216 176 213 207 214 238 165 167 239 59 31 13 255 156 53 225 17 184 45 179 229 192 18 252 119 108 250 126 249 173 124 158 100 190 36 149 109 65 247 143 24 205 112 104 89 180 193 210 117 144 51 10 14 231 30 219 175 253 195 72 212 21 80 66 203 102 98 222 85 28 78 204 232 227 244 141 115 137 0 79 139 93 199 97 70 1 3 91 118 40 136 11 54 34 121 94 87 185 27 32 161 240 81 134 155 201 107 84 188 235 57 233 58 88 76 25 48 132 129 8 127 154 
	Fitness: 44803374

Generacion 32
	Solucion: 92 153 101 52 248 99 105 254 120 77 12 73 103 125 82 96 183 135 187 196 90 200 50 69 128 164 243 157 194 230 168 26 160 67 7 140 138 189 64 39 198 29 95 86 209 142 33 71 170 2 9 191 181 113 241 228 116 123 63 133 19 223 60 237 202 41 251 56 130 206 4 234 75 110 211 217 224 172 159 245 215 46 220 37 16 150 162 177 15 43 22 147 236 151 178 83 74 23 146 114 174 38 182 111 20 148 169 49 246 6 44 208 122 242 55 35 163 47 226 68 5 171 152 186 106 218 62 145 166 42 221 61 131 197 216 176 213 207 214 238 165 167 239 59 31 13 255 156 53 225 17 184 45 179 229 192 18 252 119 108 250 126 249 173 124 158 100 190 36 149 109 65 247 143 24 205 112 104 89 180 193 210 117 144 51 10 14 231 30 219 175 253 195 72 212 21 80 66 203 102 98 222 85 28 78 204 232 227 244 141 115 137 0 79 139 93 199 97 70 1 3 91 118 40 136 11 54 34 121 94 87 185 27 32 161 240 81 134 155 201 107 84 188 235 57 233 58 88 76 25 48 132 129 8 127 154 
	Fitness: 44803374

Generacion 33
	Solucion: 92 153 101 52 248 99 105 254 120 77 12 73 103 125 82 96 183 135 187 196 90 200 50 69 128 164 243 157 194 230 168 26 160 67 7 140 138 189 64 39 198 29 95 86 209 142 33 71 170 2 9 191 181 113 241 228 116 123 63 133 19 223 60 237 202 41 251 56 130 206 4 234 75 110 211 217 224 172 159 245 215 46 220 37 16 150 162 177 15 43 22 147 236 151 178 83 74 23 146 114 174 38 182 111 20 148 169 49 246 6 44 208 122 242 55 35 163 47 226 68 5 171 152 186 106 218 62 145 166 42 221 61 131 197 216 176 213 207 214 238 165 167 239 59 31 13 255 156 53 225 17 184 45 179 229 192 18 252 119 108 250 126 249 173 124 158 100 190 36 149 109 65 247 143 24 205 112 104 89 180 193 210 117 144 51 10 14 231 30 219 175 253 195 72 212 21 80 66 203 102 98 222 85 28 78 204 232 227 244 141 115 137 0 79 139 93 199 97 70 1 3 91 118 40 136 11 54 34 121 94 87 185 27 32 161 240 81 134 155 201 107 84 188 235 57 233 58 88 76 25 48 132 129 8 127 154 
	Fitness: 44803374

Generacion 34
	Solucion: 135 99 101 153 248 209 105 254 120 52 12 73 103 108 82 96 183 78 187 196 90 140 50 69 128 164 243 157 194 230 168 26 160 67 7 200 138 189 65 39 198 29 95 86 93 142 33 71 170 2 9 211 181 113 241 228 116 123 63 133 19 223 60 237 202 41 251 56 130 206 4 234 75 110 191 217 224 172 159 245 215 46 220 37 16 150 162 177 15 43 22 147 214 27 178 92 74 23 146 114 83 38 0 111 20 148 169 49 246 6 44 225 122 242 55 208 163 236 47 35 5 171 151 186 106 218 62 145 166 42 221 174 131 197 216 176 213 207 137 238 165 167 239 59 31 13 255 156 53 152 97 184 45 179 229 226 1 252 119 77 250 126 249 173 124 158 100 190 36 149 109 64 247 54 24 205 112 222 89 115 193 210 117 144 51 10 14 231 30 219 175 253 195 72 212 21 80 66 203 102 98 104 85 28 61 204 232 227 244 141 68 192 182 79 139 185 199 17 70 18 3 91 118 40 136 11 143 34 121 94 87 125 180 32 161 240 81 134 155 201 107 84 188 235 57 233 58 88 76 25 48 132 129 8 127 154 
	Fitness: 44799328

Generacion 35
	Solucion: 135 99 101 153 248 209 105 254 120 52 12 73 103 108 82 96 183 78 187 196 90 140 50 69 128 164 243 157 194 230 168 26 160 67 7 200 138 189 65 39 198 29 95 86 93 142 33 71 170 2 9 211 181 113 241 228 116 123 63 133 19 223 60 237 202 41 251 56 130 206 4 234 75 110 191 217 224 172 159 245 215 46 220 37 16 150 162 177 15 43 22 147 214 27 178 92 74 23 146 114 83 38 0 111 20 148 169 49 246 6 44 225 122 242 55 208 163 236 47 35 5 171 151 186 106 218 62 145 166 42 221 174 131 197 216 176 213 207 137 238 165 167 239 59 31 13 255 156 53 152 97 184 45 179 229 226 1 252 119 77 250 126 249 173 124 158 100 190 36 149 109 64 247 54 24 205 112 222 89 115 193 210 117 144 51 10 14 231 30 219 175 253 195 72 212 21 80 66 203 102 98 104 85 28 61 204 232 227 244 141 68 192 182 79 139 185 199 17 70 18 3 91 118 40 136 11 143 34 121 94 87 125 180 32 161 240 81 134 155 201 107 84 188 235 57 233 58 88 76 25 48 132 129 8 127 154 
	Fitness: 44799328

Generacion 36
	Solucion: 135 99 101 153 248 209 105 254 120 52 12 73 103 108 82 96 183 78 187 196 90 140 50 69 128 164 243 157 194 230 168 26 160 67 7 200 138 189 65 39 198 29 95 86 93 142 33 71 170 2 9 211 181 113 241 228 116 123 63 133 19 223 60 237 202 41 251 56 130 206 4 234 75 110 191 217 224 172 159 245 215 46 220 37 16 150 162 177 15 43 22 147 214 27 178 92 74 23 146 114 83 38 0 111 20 148 169 49 246 6 44 225 122 242 55 208 163 236 47 35 5 171 151 186 106 218 62 145 166 42 221 174 131 197 216 176 213 207 137 238 165 167 239 59 31 13 255 156 53 152 97 184 45 179 229 226 1 252 119 77 250 126 249 173 124 158 100 190 36 149 109 64 247 54 24 205 112 222 89 115 193 210 117 144 51 10 14 231 30 219 175 253 195 72 212 21 80 66 203 102 98 104 85 28 61 204 232 227 244 141 68 192 182 79 139 185 199 17 70 18 3 91 118 40 136 11 143 34 121 94 87 125 180 32 161 240 81 134 155 201 107 84 188 235 57 233 58 88 76 25 48 132 129 8 127 154 
	Fitness: 44799328

Generacion 37
	Solucion: 135 99 101 153 248 209 105 254 120 52 12 73 103 108 82 96 183 78 187 196 90 140 50 69 128 164 243 157 194 230 168 26 160 67 7 200 138 189 65 39 198 29 95 86 93 142 33 71 170 2 9 211 181 113 241 228 116 123 63 133 19 223 60 237 202 41 251 56 130 206 4 234 75 110 191 217 224 172 159 245 215 46 220 37 16 150 162 177 15 43 22 147 214 27 178 92 74 23 146 114 83 38 0 111 20 148 169 49 246 6 44 225 122 242 55 208 163 236 47 35 5 171 151 186 106 218 62 145 166 42 221 174 131 197 216 176 213 207 137 238 165 167 239 59 31 13 255 156 53 152 97 184 45 179 229 226 1 252 119 77 250 126 249 173 124 158 100 190 36 149 109 64 247 54 24 205 112 222 89 115 193 210 117 144 51 10 14 231 30 219 175 253 195 72 212 21 80 66 203 102 98 104 85 28 61 204 232 227 244 141 68 192 182 79 139 185 199 17 70 18 3 91 118 40 136 11 143 34 121 94 87 125 180 32 161 240 81 134 155 201 107 84 188 235 57 233 58 88 76 25 48 132 129 8 127 154 
	Fitness: 44799328

Generacion 38
	Solucion: 135 99 101 153 248 209 105 254 120 52 12 73 103 108 82 96 183 78 187 196 90 140 50 69 128 164 243 157 194 230 168 26 160 67 7 200 138 189 65 39 198 29 95 86 93 142 33 71 170 2 9 211 181 113 241 228 116 123 63 133 19 223 60 237 202 41 251 56 130 206 4 234 75 110 191 217 224 172 159 245 215 46 220 37 16 150 162 177 15 43 22 147 214 27 178 92 74 23 146 114 83 38 0 111 20 148 169 49 246 6 44 225 122 242 55 208 163 236 47 35 5 171 151 186 106 218 62 145 166 42 221 174 131 197 216 176 213 207 137 238 165 167 239 59 31 13 255 156 53 152 97 184 45 179 229 226 1 252 119 77 250 126 249 173 124 158 100 190 36 149 109 64 247 54 24 205 112 222 89 115 193 210 117 144 51 10 14 231 30 219 175 253 195 72 212 21 80 66 203 102 98 104 85 28 61 204 232 227 244 141 68 192 182 79 139 185 199 17 70 18 3 91 118 40 136 11 143 34 121 94 87 125 180 32 161 240 81 134 155 201 107 84 188 235 57 233 58 88 76 25 48 132 129 8 127 154 
	Fitness: 44799328

Generacion 39
	Solucion: 135 99 101 153 248 209 105 254 120 52 12 73 103 108 82 96 183 78 187 196 90 140 50 69 128 164 243 157 194 230 168 26 160 67 7 200 138 189 65 39 198 29 95 86 93 142 33 71 170 2 9 211 181 113 241 228 116 123 63 133 19 223 60 237 202 41 251 56 130 206 4 234 75 110 191 217 224 172 159 245 215 46 220 37 16 150 162 177 15 43 22 147 214 27 178 92 74 23 146 114 83 38 0 111 20 148 169 49 246 6 44 225 122 242 55 208 163 236 47 35 5 171 151 186 106 218 62 145 166 42 221 174 131 197 216 176 213 207 137 238 165 167 239 59 31 13 255 156 53 152 97 184 45 179 229 226 1 252 119 77 250 126 249 173 124 158 100 190 36 149 109 64 247 54 24 205 112 222 89 115 193 210 117 144 51 10 14 231 30 219 175 253 195 72 212 21 80 66 203 102 98 104 85 28 61 204 232 227 244 141 68 192 182 79 139 185 199 17 70 18 3 91 118 40 136 11 143 34 121 94 87 125 180 32 161 240 81 134 155 201 107 84 188 235 57 233 58 88 76 25 48 132 129 8 127 154 
	Fitness: 44799328

Generacion 40
	Solucion: 135 99 101 153 248 209 105 254 120 52 12 73 103 108 82 96 183 78 187 196 90 140 50 69 128 164 243 157 194 230 168 26 160 67 7 200 138 189 65 39 198 29 95 86 93 142 33 71 170 2 9 211 181 113 241 228 116 123 63 133 19 223 60 237 202 41 251 56 130 206 4 234 75 110 191 217 224 172 159 245 215 46 220 37 16 150 162 177 15 43 22 147 214 27 178 92 74 23 146 114 83 38 0 111 20 148 169 49 246 6 44 225 122 242 55 208 163 236 47 35 5 171 151 186 106 218 62 145 166 42 221 174 131 197 216 176 213 207 137 238 165 167 239 59 31 13 255 156 53 152 97 184 45 179 229 226 1 252 119 77 250 126 249 173 124 158 100 190 36 149 109 64 247 54 24 205 112 222 89 115 193 210 117 144 51 10 14 231 30 219 175 253 195 72 212 21 80 66 203 102 98 104 85 28 61 204 232 227 244 141 68 192 182 79 139 185 199 17 70 18 3 91 118 40 136 11 143 34 121 94 87 125 180 32 161 240 81 134 155 201 107 84 188 235 57 233 58 88 76 25 48 132 129 8 127 154 
	Fitness: 44799328

Generacion 41
	Solucion: 135 99 101 153 248 209 105 254 120 52 12 73 103 108 82 96 183 78 187 196 90 140 50 69 128 164 243 157 194 230 168 26 160 67 7 200 138 189 65 39 198 29 95 86 93 142 33 71 170 2 9 211 181 113 241 228 116 123 63 133 19 223 60 237 202 41 251 56 130 206 4 234 75 110 191 217 224 172 159 245 215 46 220 37 16 150 162 177 15 43 22 147 214 27 178 92 74 23 146 114 83 38 0 111 20 148 169 49 246 6 44 225 122 242 55 208 163 236 47 35 5 171 151 186 106 218 62 145 166 42 221 174 131 197 216 176 213 207 137 238 165 167 239 59 31 13 255 156 53 152 97 184 45 179 229 226 1 252 119 77 250 126 249 173 124 158 100 190 36 149 109 64 247 54 24 205 112 222 89 115 193 210 117 144 51 10 14 231 30 219 175 253 195 72 212 21 80 66 203 102 98 104 85 28 61 204 232 227 244 141 68 192 182 79 139 185 199 17 70 18 3 91 118 40 136 11 143 34 121 94 87 125 180 32 161 240 81 134 155 201 107 84 188 235 57 233 58 88 76 25 48 132 129 8 127 154 
	Fitness: 44799328

Generacion 42
	Solucion: 135 99 101 153 248 209 105 254 120 52 12 73 103 108 82 96 183 78 187 196 90 140 50 69 128 164 243 157 194 230 168 26 160 67 7 200 138 189 65 39 198 29 95 86 93 142 33 71 170 2 9 211 181 113 241 228 116 123 63 133 19 223 60 237 202 41 251 56 130 206 4 234 75 110 191 217 224 172 159 245 215 46 220 37 16 150 162 177 15 43 22 147 214 27 178 92 74 23 146 114 83 38 0 111 20 148 169 49 246 6 44 225 122 242 55 208 163 236 47 35 5 171 151 186 106 218 62 145 166 42 221 174 131 197 216 176 213 207 137 238 165 167 239 59 31 13 255 156 53 152 97 184 45 179 229 226 1 252 119 77 250 126 249 173 124 158 100 190 36 149 109 64 247 54 24 205 112 222 89 115 193 210 117 144 51 10 14 231 30 219 175 253 195 72 212 21 80 66 203 102 98 104 85 28 61 204 232 227 244 141 68 192 182 79 139 185 199 17 70 18 3 91 118 40 136 11 143 34 121 94 87 125 180 32 161 240 81 134 155 201 107 84 188 235 57 233 58 88 76 25 48 132 129 8 127 154 
	Fitness: 44799328

Generacion 43
	Solucion: 135 99 101 153 248 209 105 254 120 52 12 73 103 108 82 96 183 78 187 196 90 140 50 69 128 164 243 157 194 230 168 26 160 67 7 200 138 189 65 39 198 29 95 86 93 142 33 71 170 2 9 211 181 113 241 228 116 123 63 133 19 223 60 237 202 41 251 56 130 206 4 234 75 110 191 217 224 172 159 245 215 46 220 37 16 150 162 177 15 43 22 147 214 27 178 92 74 23 146 114 83 38 0 111 20 148 169 49 246 6 44 225 122 242 55 208 163 236 47 35 5 171 151 186 106 218 62 145 166 42 221 174 131 197 216 176 213 207 137 238 165 167 239 59 31 13 255 156 53 152 97 184 45 179 229 226 1 252 119 77 250 126 249 173 124 158 100 190 36 149 109 64 247 54 24 205 112 222 89 115 193 210 117 144 51 10 14 231 30 219 175 253 195 72 212 21 80 66 203 102 98 104 85 28 61 204 232 227 244 141 68 192 182 79 139 185 199 17 70 18 3 91 118 40 136 11 143 34 121 94 87 125 180 32 161 240 81 134 155 201 107 84 188 235 57 233 58 88 76 25 48 132 129 8 127 154 
	Fitness: 44799328

Generacion 44
	Solucion: 135 99 101 153 248 209 105 254 120 52 12 73 103 108 82 96 183 78 187 196 90 140 50 69 128 164 243 157 194 230 168 26 160 67 7 200 138 189 65 39 198 29 95 86 93 142 33 71 170 2 9 211 181 113 241 228 116 123 63 133 19 223 60 237 202 41 251 56 130 206 4 234 75 110 191 217 224 172 159 245 215 46 220 37 16 150 162 177 15 43 22 147 214 27 178 92 74 23 146 114 83 38 0 111 20 148 169 49 246 6 44 225 122 242 55 208 163 236 47 35 5 171 151 186 106 218 62 145 166 42 221 174 131 197 216 176 213 207 137 238 165 167 239 59 31 13 255 156 53 152 97 184 45 179 229 226 1 252 119 77 250 126 249 173 124 158 100 190 36 149 109 64 247 54 24 205 112 222 89 115 193 210 117 144 51 10 14 231 30 219 175 253 195 72 212 21 80 66 203 102 98 104 85 28 61 204 232 227 244 141 68 192 182 79 139 185 199 17 70 18 3 91 118 40 136 11 143 34 121 94 87 125 180 32 161 240 81 134 155 201 107 84 188 235 57 233 58 88 76 25 48 132 129 8 127 154 
	Fitness: 44799328

Generacion 45
	Solucion: 135 99 101 153 248 209 105 254 120 52 12 73 103 108 82 96 183 78 187 196 90 140 50 69 128 164 243 157 194 230 168 26 160 67 7 200 138 189 65 39 198 29 95 86 93 142 33 71 170 2 9 211 181 113 241 228 116 123 63 133 19 223 60 237 202 41 251 56 130 206 4 234 75 110 191 217 224 172 159 245 215 46 220 37 16 150 162 177 15 43 22 147 214 27 178 92 74 23 146 114 83 38 0 111 20 148 169 49 246 6 44 225 122 242 55 208 163 236 47 35 5 171 151 186 106 218 62 145 166 42 221 174 131 197 216 176 213 207 137 238 165 167 239 59 31 13 255 156 53 152 97 184 45 179 229 226 1 252 119 77 250 126 249 173 124 158 100 190 36 149 109 64 247 54 24 205 112 222 89 115 193 210 117 144 51 10 14 231 30 219 175 253 195 72 212 21 80 66 203 102 98 104 85 28 61 204 232 227 244 141 68 192 182 79 139 185 199 17 70 18 3 91 118 40 136 11 143 34 121 94 87 125 180 32 161 240 81 134 155 201 107 84 188 235 57 233 58 88 76 25 48 132 129 8 127 154 
	Fitness: 44799328

Generacion 46
	Solucion: 135 99 101 153 248 209 105 254 120 52 12 73 103 108 82 96 183 78 187 196 90 140 50 69 128 164 243 157 194 230 168 26 160 67 7 200 138 189 65 39 198 29 95 86 93 142 33 71 170 2 9 211 181 113 241 228 116 123 63 133 19 223 60 237 202 41 251 56 130 206 4 234 75 110 191 217 224 172 159 245 215 46 220 37 16 150 162 177 15 43 22 147 214 27 178 92 74 23 146 114 83 38 0 111 20 148 169 49 246 6 44 225 122 242 55 208 163 236 47 35 5 171 151 186 106 218 62 145 166 42 221 174 131 197 216 176 213 207 137 238 165 167 239 59 31 13 255 156 53 152 97 184 45 179 229 226 1 252 119 77 250 126 249 173 124 158 100 190 36 149 109 64 247 54 24 205 112 222 89 115 193 210 117 144 51 10 14 231 30 219 175 253 195 72 212 21 80 66 203 102 98 104 85 28 61 204 232 227 244 141 68 192 182 79 139 185 199 17 70 18 3 91 118 40 136 11 143 34 121 94 87 125 180 32 161 240 81 134 155 201 107 84 188 235 57 233 58 88 76 25 48 132 129 8 127 154 
	Fitness: 44799328

Generacion 47
	Solucion: 248 203 9 241 7 12 209 254 167 99 69 96 105 2 101 108 135 82 186 52 90 196 50 73 125 164 243 237 194 120 200 26 152 67 189 103 230 155 65 39 198 29 60 86 142 95 33 71 169 138 78 211 181 113 128 228 116 123 63 133 19 223 93 157 160 41 251 56 130 206 4 234 75 110 191 217 224 172 159 245 215 46 220 37 16 150 162 177 15 43 22 147 188 214 161 207 92 23 146 208 83 38 0 111 178 148 72 49 246 170 44 225 122 242 55 114 163 236 47 64 5 171 151 175 68 218 62 91 94 42 221 219 131 197 216 176 204 119 168 238 252 166 239 59 31 233 255 156 53 213 137 184 199 115 229 20 106 134 235 227 195 154 77 28 124 158 85 132 48 149 109 144 140 183 250 205 80 104 182 202 193 187 117 212 174 74 100 89 10 8 226 190 36 253 54 165 201 66 14 30 153 222 24 112 84 57 61 145 244 141 1 192 18 79 139 185 45 17 70 40 3 35 97 6 136 11 143 34 121 21 87 127 180 32 102 240 81 232 88 27 107 249 58 126 118 13 76 231 179 173 210 51 129 25 247 98 
	Fitness: 44796544

Generacion 48
	Solucion: 248 203 9 241 7 12 209 254 167 99 69 96 105 2 101 108 135 82 186 52 90 196 50 73 125 164 243 237 194 120 200 26 152 67 189 103 230 155 65 39 198 29 60 86 142 95 33 71 169 138 78 211 181 113 128 228 116 123 63 133 19 223 93 157 160 41 251 56 130 206 4 234 75 110 191 217 224 172 159 245 215 46 220 37 16 150 162 177 15 43 22 147 188 214 161 207 92 23 146 208 83 38 0 111 178 148 72 49 246 170 44 225 122 242 55 114 163 236 47 64 5 171 151 175 68 218 62 91 94 42 221 219 131 197 216 176 204 119 168 238 252 166 239 59 31 233 255 156 53 213 137 184 199 115 229 20 106 134 235 227 195 154 77 28 124 158 85 132 48 149 109 144 140 183 250 205 80 104 182 202 193 187 117 212 174 74 100 89 10 8 226 190 36 253 54 165 201 66 14 30 153 222 24 112 84 57 61 145 244 141 1 192 18 79 139 185 45 17 70 40 3 35 97 6 136 11 143 34 121 21 87 127 180 32 102 240 81 232 88 27 107 249 58 126 118 13 76 231 179 173 210 51 129 25 247 98 
	Fitness: 44796544

Generacion 49
	Solucion: 248 203 9 241 7 12 209 254 167 99 69 96 105 2 101 108 135 82 186 52 90 196 50 73 125 164 243 237 194 120 200 26 152 67 189 103 230 155 65 39 198 29 60 86 142 95 33 71 169 138 78 211 181 113 128 228 116 123 63 133 19 223 93 157 160 41 251 56 130 206 4 234 75 110 191 217 224 172 159 245 215 46 220 37 16 150 162 177 15 43 22 147 188 214 161 207 92 23 146 208 83 38 0 111 178 148 72 49 246 170 44 225 122 242 55 114 163 236 47 64 5 171 151 175 68 218 62 91 94 42 221 219 131 197 216 176 204 119 168 238 252 166 239 59 31 233 255 156 53 213 137 184 199 115 229 20 106 134 235 227 195 154 77 28 124 158 85 132 48 149 109 144 140 183 250 205 80 104 182 202 193 187 117 212 174 74 100 89 10 8 226 190 36 253 54 165 201 66 14 30 153 222 24 112 84 57 61 145 244 141 1 192 18 79 139 185 45 17 70 40 3 35 97 6 136 11 143 34 121 21 87 127 180 32 102 240 81 232 88 27 107 249 58 126 118 13 76 231 179 173 210 51 129 25 247 98 
	Fitness: 44796544

Generacion 50
	Solucion: 248 203 9 241 7 12 209 254 167 99 69 96 105 2 101 108 135 82 186 52 90 196 50 73 125 164 243 237 194 120 200 26 152 67 189 103 230 155 65 39 198 29 60 86 142 95 33 71 169 138 78 211 181 113 128 228 116 123 63 133 19 223 93 157 160 41 251 56 130 206 4 234 75 110 191 217 224 172 159 245 215 46 220 37 16 150 162 177 15 43 22 147 188 214 161 207 92 23 146 208 83 38 0 111 178 148 72 49 246 170 44 225 122 242 55 114 163 236 47 64 5 171 151 175 68 218 62 91 94 42 221 219 131 197 216 176 204 119 168 238 252 166 239 59 31 233 255 156 53 213 137 184 199 115 229 20 106 134 235 227 195 154 77 28 124 158 85 132 48 149 109 144 140 183 250 205 80 104 182 202 193 187 117 212 174 74 100 89 10 8 226 190 36 253 54 165 201 66 14 30 153 222 24 112 84 57 61 145 244 141 1 192 18 79 139 185 45 17 70 40 3 35 97 6 136 11 143 34 121 21 87 127 180 32 102 240 81 232 88 27 107 249 58 126 118 13 76 231 179 173 210 51 129 25 247 98 
	Fitness: 44796544

Generacion 51
	Solucion: 248 203 9 241 7 12 209 254 167 99 69 96 105 2 101 108 135 82 186 52 90 196 50 73 125 164 243 237 194 120 200 26 152 67 189 103 230 155 65 39 198 29 60 86 142 95 33 71 169 138 78 211 181 113 128 228 116 123 63 133 19 223 93 157 160 41 251 56 130 206 4 234 75 110 191 217 224 172 159 245 215 46 220 37 16 150 162 177 15 43 22 147 188 214 161 207 92 23 146 208 83 38 0 111 178 148 72 49 246 170 44 225 122 242 55 114 163 236 47 64 5 171 151 175 68 218 62 91 94 42 221 219 131 197 216 176 204 119 168 238 252 166 239 59 31 233 255 156 53 213 137 184 199 115 229 20 106 134 235 227 195 154 77 28 124 158 85 132 48 149 109 144 140 183 250 205 80 104 182 202 193 187 117 212 174 74 100 89 10 8 226 190 36 253 54 165 201 66 14 30 153 222 24 112 84 57 61 145 244 141 1 192 18 79 139 185 45 17 70 40 3 35 97 6 136 11 143 34 121 21 87 127 180 32 102 240 81 232 88 27 107 249 58 126 118 13 76 231 179 173 210 51 129 25 247 98 
	Fitness: 44796544

Generacion 52
	Solucion: 248 203 9 241 7 12 209 254 167 99 69 96 105 2 101 108 135 82 186 52 90 196 50 73 125 164 243 237 194 120 200 26 152 67 189 103 230 155 65 39 198 29 60 86 142 95 33 71 169 138 78 211 181 113 128 228 116 123 63 133 19 223 93 157 160 41 251 56 130 206 4 234 75 110 191 217 224 172 159 245 215 46 220 37 16 150 162 177 15 43 22 147 188 214 161 207 92 23 146 208 83 38 0 111 178 148 72 49 246 170 44 225 122 242 55 114 163 236 47 64 5 171 151 175 68 218 62 91 94 42 221 219 131 197 216 176 204 119 168 238 252 166 239 59 31 233 255 156 53 213 137 184 199 115 229 20 106 134 235 227 195 154 77 28 124 158 85 132 48 149 109 144 140 183 250 205 80 104 182 202 193 187 117 212 174 74 100 89 10 8 226 190 36 253 54 165 201 66 14 30 153 222 24 112 84 57 61 145 244 141 1 192 18 79 139 185 45 17 70 40 3 35 97 6 136 11 143 34 121 21 87 127 180 32 102 240 81 232 88 27 107 249 58 126 118 13 76 231 179 173 210 51 129 25 247 98 
	Fitness: 44796544

Generacion 53
	Solucion: 248 203 9 241 7 12 209 254 167 99 69 96 105 2 101 108 135 82 186 52 90 196 50 73 125 164 243 237 194 120 200 26 152 67 189 103 230 155 65 39 198 29 60 86 142 95 33 71 169 138 78 211 181 113 128 228 116 123 63 133 19 223 93 157 160 41 251 56 130 206 4 234 75 110 191 217 224 172 159 245 215 46 220 37 16 150 162 177 15 43 22 147 188 214 161 207 92 23 146 208 83 38 0 111 178 148 72 49 246 170 44 225 122 242 55 114 163 236 47 64 5 171 151 175 68 218 62 91 94 42 221 219 131 197 216 176 204 119 168 238 252 166 239 59 31 233 255 156 53 213 137 184 199 115 229 20 106 134 235 227 195 154 77 28 124 158 85 132 48 149 109 144 140 183 250 205 80 104 182 202 193 187 117 212 174 74 100 89 10 8 226 190 36 253 54 165 201 66 14 30 153 222 24 112 84 57 61 145 244 141 1 192 18 79 139 185 45 17 70 40 3 35 97 6 136 11 143 34 121 21 87 127 180 32 102 240 81 232 88 27 107 249 58 126 118 13 76 231 179 173 210 51 129 25 247 98 
	Fitness: 44796544

Generacion 54
	Solucion: 248 203 9 241 7 12 209 254 167 99 69 96 105 2 101 108 135 82 186 52 90 196 50 73 125 164 243 237 194 120 200 26 152 67 189 103 230 155 65 39 198 29 60 86 142 95 33 71 169 138 78 211 181 113 128 228 116 123 63 133 19 223 93 157 160 41 251 56 130 206 4 234 75 110 191 217 224 172 159 245 215 46 220 37 16 150 162 177 15 43 22 147 188 214 161 207 92 23 146 208 83 38 0 111 178 148 72 49 246 170 44 225 122 242 55 114 163 236 47 64 5 171 151 175 68 218 62 91 94 42 221 219 131 197 216 176 204 119 168 238 252 166 239 59 31 233 255 156 53 213 137 184 199 115 229 20 106 134 235 227 195 154 77 28 124 158 85 132 48 149 109 144 140 183 250 205 80 104 182 202 193 187 117 212 174 74 100 89 10 8 226 190 36 253 54 165 201 66 14 30 153 222 24 112 84 57 61 145 244 141 1 192 18 79 139 185 45 17 70 40 3 35 97 6 136 11 143 34 121 21 87 127 180 32 102 240 81 232 88 27 107 249 58 126 118 13 76 231 179 173 210 51 129 25 247 98 
	Fitness: 44796544

Generacion 55
	Solucion: 248 203 9 241 7 12 209 254 167 99 69 96 105 2 101 108 135 82 186 52 90 196 50 73 125 164 243 237 194 120 200 26 152 67 189 103 230 155 65 39 198 29 60 86 142 95 33 71 169 138 78 211 181 113 128 228 116 123 63 133 19 223 93 157 160 41 251 56 130 206 4 234 75 110 191 217 224 172 159 245 215 46 220 37 16 150 162 177 15 43 22 147 188 214 161 207 92 23 146 208 83 38 0 111 178 148 72 49 246 170 44 225 122 242 55 114 163 236 47 64 5 171 151 175 68 218 62 91 94 42 221 219 131 197 216 176 204 119 168 238 252 166 239 59 31 233 255 156 53 213 137 184 199 115 229 20 106 134 235 227 195 154 77 28 124 158 85 132 48 149 109 144 140 183 250 205 80 104 182 202 193 187 117 212 174 74 100 89 10 8 226 190 36 253 54 165 201 66 14 30 153 222 24 112 84 57 61 145 244 141 1 192 18 79 139 185 45 17 70 40 3 35 97 6 136 11 143 34 121 21 87 127 180 32 102 240 81 232 88 27 107 249 58 126 118 13 76 231 179 173 210 51 129 25 247 98 
	Fitness: 44796544

Generacion 56
	Solucion: 248 203 9 241 7 12 209 254 167 99 69 96 105 2 101 108 135 82 186 52 90 196 50 73 125 164 243 237 194 120 200 26 152 67 189 103 230 155 65 39 198 29 60 86 142 95 33 71 169 138 78 211 181 113 128 228 116 123 63 133 19 223 93 157 160 41 251 56 130 206 4 234 75 110 191 217 224 172 159 245 215 46 220 37 16 150 162 177 15 43 22 147 188 214 161 207 92 23 146 208 83 38 0 111 178 148 72 49 246 170 44 225 122 242 55 114 163 236 47 64 5 171 151 175 68 218 62 91 94 42 221 219 131 197 216 176 204 119 168 238 252 166 239 59 31 233 255 156 53 213 137 184 199 115 229 20 106 134 235 227 195 154 77 28 124 158 85 132 48 149 109 144 140 183 250 205 80 104 182 202 193 187 117 212 174 74 100 89 10 8 226 190 36 253 54 165 201 66 14 30 153 222 24 112 84 57 61 145 244 141 1 192 18 79 139 185 45 17 70 40 3 35 97 6 136 11 143 34 121 21 87 127 180 32 102 240 81 232 88 27 107 249 58 126 118 13 76 231 179 173 210 51 129 25 247 98 
	Fitness: 44796544

Generacion 57
	Solucion: 248 203 9 241 7 12 209 254 167 99 69 96 105 2 101 108 135 82 186 52 90 196 50 73 125 164 243 237 194 120 200 26 152 67 189 103 230 155 65 39 198 29 60 86 142 95 33 71 169 138 78 211 181 113 128 228 116 123 63 133 19 223 93 157 160 41 251 56 130 206 4 234 75 110 191 217 224 172 159 245 215 46 220 37 16 150 162 177 15 43 22 147 188 214 161 207 92 23 146 208 83 38 0 111 178 148 72 49 246 170 44 225 122 242 55 114 163 236 47 64 5 171 151 175 68 218 62 91 94 42 221 219 131 197 216 176 204 119 168 238 252 166 239 59 31 233 255 156 53 213 137 184 199 115 229 20 106 134 235 227 195 154 77 28 124 158 85 132 48 149 109 144 140 183 250 205 80 104 182 202 193 187 117 212 174 74 100 89 10 8 226 190 36 253 54 165 201 66 14 30 153 222 24 112 84 57 61 145 244 141 1 192 18 79 139 185 45 17 70 40 3 35 97 6 136 11 143 34 121 21 87 127 180 32 102 240 81 232 88 27 107 249 58 126 118 13 76 231 179 173 210 51 129 25 247 98 
	Fitness: 44796544

Generacion 58
	Solucion: 248 203 9 241 7 12 209 254 167 99 69 96 105 2 101 108 135 82 186 52 90 196 50 73 125 164 243 237 194 120 200 26 152 67 189 103 230 155 65 39 198 29 60 86 142 95 33 71 169 138 78 211 181 113 128 228 116 123 63 133 19 223 93 157 160 41 251 56 130 206 4 234 75 110 191 217 224 172 159 245 215 46 220 37 16 150 162 177 15 43 22 147 188 214 161 207 92 23 146 208 83 38 0 111 178 148 72 49 246 170 44 225 122 242 55 114 163 236 47 64 5 171 151 175 68 218 62 91 94 42 221 219 131 197 216 176 204 119 168 238 252 166 239 59 31 233 255 156 53 213 137 184 199 115 229 20 106 134 235 227 195 154 77 28 124 158 85 132 48 149 109 144 140 183 250 205 80 104 182 202 193 187 117 212 174 74 100 89 10 8 226 190 36 253 54 165 201 66 14 30 153 222 24 112 84 57 61 145 244 141 1 192 18 79 139 185 45 17 70 40 3 35 97 6 136 11 143 34 121 21 87 127 180 32 102 240 81 232 88 27 107 249 58 126 118 13 76 231 179 173 210 51 129 25 247 98 
	Fitness: 44796544

Generacion 59
	Solucion: 248 203 9 241 7 12 209 254 167 99 69 96 105 2 101 108 135 82 186 52 90 196 50 73 125 164 243 237 194 120 200 26 152 67 189 103 230 155 65 39 198 29 60 86 142 95 33 71 169 138 78 211 181 113 128 228 116 123 63 133 19 223 93 157 160 41 251 56 130 206 4 234 75 110 191 217 224 172 159 245 215 46 220 37 16 150 162 177 15 43 22 147 188 214 161 207 92 23 146 208 83 38 0 111 178 148 72 49 246 170 44 225 122 242 55 114 163 236 47 64 5 171 151 175 68 218 62 91 94 42 221 219 131 197 216 176 204 119 168 238 252 166 239 59 31 233 255 156 53 213 137 184 199 115 229 20 106 134 235 227 195 154 77 28 124 158 85 132 48 149 109 144 140 183 250 205 80 104 182 202 193 187 117 212 174 74 100 89 10 8 226 190 36 253 54 165 201 66 14 30 153 222 24 112 84 57 61 145 244 141 1 192 18 79 139 185 45 17 70 40 3 35 97 6 136 11 143 34 121 21 87 127 180 32 102 240 81 232 88 27 107 249 58 126 118 13 76 231 179 173 210 51 129 25 247 98 
	Fitness: 44796544

Generacion 60
	Solucion: 248 203 9 241 7 12 209 254 167 99 69 96 105 2 101 108 135 82 186 52 90 196 50 73 125 164 243 237 194 120 200 26 152 67 189 103 230 155 65 39 198 29 60 86 142 95 33 71 169 138 78 211 181 113 128 228 116 123 63 133 19 223 93 157 160 41 251 56 130 206 4 234 75 110 191 217 224 172 159 245 215 46 220 37 16 150 162 177 15 43 22 147 188 214 161 207 92 23 146 208 83 38 0 111 178 148 72 49 246 170 44 225 122 242 55 114 163 236 47 64 5 171 151 175 68 218 62 91 94 42 221 219 131 197 216 176 204 119 168 238 252 166 239 59 31 233 255 156 53 213 137 184 199 115 229 20 106 134 235 227 195 154 77 28 124 158 85 132 48 149 109 144 140 183 250 205 80 104 182 202 193 187 117 212 174 74 100 89 10 8 226 190 36 253 54 165 201 66 14 30 153 222 24 112 84 57 61 145 244 141 1 192 18 79 139 185 45 17 70 40 3 35 97 6 136 11 143 34 121 21 87 127 180 32 102 240 81 232 88 27 107 249 58 126 118 13 76 231 179 173 210 51 129 25 247 98 
	Fitness: 44796544

Generacion 61
	Solucion: 248 203 9 241 7 12 209 254 167 99 69 96 105 2 101 108 135 82 186 52 90 196 50 73 125 164 243 237 194 120 200 26 152 67 189 103 230 155 65 39 198 29 60 86 142 95 33 71 169 138 78 211 181 113 128 228 116 123 63 133 19 223 93 157 160 41 251 56 130 206 4 234 75 110 191 217 224 172 159 245 215 46 220 37 16 150 162 177 15 43 22 147 188 214 161 207 92 23 146 208 83 38 0 111 178 148 72 49 246 170 44 225 122 242 55 114 163 236 47 64 5 171 151 175 68 218 62 91 94 42 221 219 131 197 216 176 204 119 168 238 252 166 239 59 31 233 255 156 53 213 137 184 199 115 229 20 106 134 235 227 195 154 77 28 124 158 85 132 48 149 109 144 140 183 250 205 80 104 182 202 193 187 117 212 174 74 100 89 10 8 226 190 36 253 54 165 201 66 14 30 153 222 24 112 84 57 61 145 244 141 1 192 18 79 139 185 45 17 70 40 3 35 97 6 136 11 143 34 121 21 87 127 180 32 102 240 81 232 88 27 107 249 58 126 118 13 76 231 179 173 210 51 129 25 247 98 
	Fitness: 44796544

Generacion 62
	Solucion: 248 203 9 241 7 12 209 254 167 99 69 96 105 2 101 108 135 82 186 52 90 196 50 73 125 164 243 237 194 120 200 26 152 67 189 103 230 155 65 39 198 29 60 86 142 95 33 71 169 138 78 211 181 113 128 228 116 123 63 133 19 223 93 157 160 41 251 56 130 206 4 234 75 110 191 217 224 172 159 245 215 46 220 37 16 150 162 177 15 43 22 147 188 214 161 207 92 23 146 208 83 38 0 111 178 148 72 49 246 170 44 225 122 242 55 114 163 236 47 64 5 171 151 175 68 218 62 91 94 42 221 219 131 197 216 176 204 119 168 238 252 166 239 59 31 233 255 156 53 213 137 184 199 115 229 20 106 134 235 227 195 154 77 28 124 158 85 132 48 149 109 144 140 183 250 205 80 104 182 202 193 187 117 212 174 74 100 89 10 8 226 190 36 253 54 165 201 66 14 30 153 222 24 112 84 57 61 145 244 141 1 192 18 79 139 185 45 17 70 40 3 35 97 6 136 11 143 34 121 21 87 127 180 32 102 240 81 232 88 27 107 249 58 126 118 13 76 231 179 173 210 51 129 25 247 98 
	Fitness: 44796544

Generacion 63
	Solucion: 248 203 9 241 7 12 209 254 167 99 69 96 105 2 101 108 135 82 186 52 90 196 50 73 125 164 243 237 194 120 200 26 152 67 189 103 230 155 65 39 198 29 60 86 142 95 33 71 169 138 78 211 181 113 128 228 116 123 63 133 19 223 93 157 160 41 251 56 130 206 4 234 75 110 191 217 224 172 159 245 215 46 220 37 16 150 162 177 15 43 22 147 188 214 161 207 92 23 146 208 83 38 0 111 178 148 72 49 246 170 44 225 122 242 55 114 163 236 47 64 5 171 151 175 68 218 62 91 94 42 221 219 131 197 216 176 204 119 168 238 252 166 239 59 31 233 255 156 53 213 137 184 199 115 229 20 106 134 235 227 195 154 77 28 124 158 85 132 48 149 109 144 140 183 250 205 80 104 182 202 193 187 117 212 174 74 100 89 10 8 226 190 36 253 54 165 201 66 14 30 153 222 24 112 84 57 61 145 244 141 1 192 18 79 139 185 45 17 70 40 3 35 97 6 136 11 143 34 121 21 87 127 180 32 102 240 81 232 88 27 107 249 58 126 118 13 76 231 179 173 210 51 129 25 247 98 
	Fitness: 44796544

Generacion 64
	Solucion: 248 203 9 241 7 12 209 254 167 99 69 96 105 2 101 108 135 82 186 52 90 196 50 73 125 164 243 237 194 120 200 26 152 67 189 103 230 155 65 39 198 29 60 86 142 95 33 71 169 138 78 211 181 113 128 228 116 123 63 133 19 223 93 157 160 41 251 56 130 206 4 234 75 110 191 217 224 172 159 245 215 46 220 37 16 150 162 177 15 43 22 147 188 214 161 207 92 23 146 208 83 38 0 111 178 148 72 49 246 170 44 225 122 242 55 114 163 236 47 64 5 171 151 175 68 218 62 91 94 42 221 219 131 197 216 176 204 119 168 238 252 166 239 59 31 233 255 156 53 213 137 184 199 115 229 20 106 134 235 227 195 154 77 28 124 158 85 132 48 149 109 144 140 183 250 205 80 104 182 202 193 187 117 212 174 74 100 89 10 8 226 190 36 253 54 165 201 66 14 30 153 222 24 112 84 57 61 145 244 141 1 192 18 79 139 185 45 17 70 40 3 35 97 6 136 11 143 34 121 21 87 127 180 32 102 240 81 232 88 27 107 249 58 126 118 13 76 231 179 173 210 51 129 25 247 98 
	Fitness: 44796544

Generacion 65
	Solucion: 248 203 9 241 7 12 209 254 167 99 69 96 105 2 101 108 135 82 186 52 90 196 50 73 125 164 243 237 194 120 200 26 152 67 189 103 230 155 65 39 198 29 60 86 142 95 33 71 169 138 78 211 181 113 128 228 116 123 63 133 19 223 93 157 160 41 251 56 130 206 4 234 75 110 191 217 224 172 159 245 215 46 220 37 16 150 162 177 15 43 22 147 188 214 161 207 92 23 146 208 83 38 0 111 178 148 72 49 246 170 44 225 122 242 55 114 163 236 47 64 5 171 151 175 68 218 62 91 94 42 221 219 131 197 216 176 204 119 168 238 252 166 239 59 31 233 255 156 53 213 137 184 199 115 229 20 106 134 235 227 195 154 77 28 124 158 85 132 48 149 109 144 140 183 250 205 80 104 182 202 193 187 117 212 174 74 100 89 10 8 226 190 36 253 54 165 201 66 14 30 153 222 24 112 84 57 61 145 244 141 1 192 18 79 139 185 45 17 70 40 3 35 97 6 136 11 143 34 121 21 87 127 180 32 102 240 81 232 88 27 107 249 58 126 118 13 76 231 179 173 210 51 129 25 247 98 
	Fitness: 44796544

Generacion 66
	Solucion: 248 203 9 241 7 12 209 254 167 99 69 96 105 2 101 108 135 82 186 52 90 196 50 73 125 164 243 237 194 120 200 26 152 67 189 103 230 155 65 39 198 29 60 86 142 95 33 71 169 138 78 211 181 113 128 228 116 123 63 133 19 223 93 157 160 41 251 56 130 206 4 234 75 110 191 217 224 172 159 245 215 46 220 37 16 150 162 177 15 43 22 147 188 214 161 207 92 23 146 208 83 38 0 111 178 148 72 49 246 170 44 225 122 242 55 114 163 236 47 64 5 171 151 175 68 218 62 91 94 42 221 219 131 197 216 176 204 119 168 238 252 166 239 59 31 233 255 156 53 213 137 184 199 115 229 20 106 134 235 227 195 154 77 28 124 158 85 132 48 149 109 144 140 183 250 205 80 104 182 202 193 187 117 212 174 74 100 89 10 8 226 190 36 253 54 165 201 66 14 30 153 222 24 112 84 57 61 145 244 141 1 192 18 79 139 185 45 17 70 40 3 35 97 6 136 11 143 34 121 21 87 127 180 32 102 240 81 232 88 27 107 249 58 126 118 13 76 231 179 173 210 51 129 25 247 98 
	Fitness: 44796544

Generacion 67
	Solucion: 248 203 9 241 7 12 209 254 167 99 69 96 105 2 101 108 135 82 186 52 90 196 50 73 125 164 243 237 194 120 200 26 152 67 189 103 230 155 65 39 198 29 60 86 142 95 33 71 169 138 78 211 181 113 128 228 116 123 63 133 19 223 93 157 160 41 251 56 130 206 4 234 75 110 191 217 224 172 159 245 215 46 220 37 16 150 162 177 15 43 22 147 188 214 161 207 92 23 146 208 83 38 0 111 178 148 72 49 246 170 44 225 122 242 55 114 163 236 47 64 5 171 151 175 68 218 62 91 94 42 221 219 131 197 216 176 204 119 168 238 252 166 239 59 31 233 255 156 53 213 137 184 199 115 229 20 106 134 235 227 195 154 77 28 124 158 85 132 48 149 109 144 140 183 250 205 80 104 182 202 193 187 117 212 174 74 100 89 10 8 226 190 36 253 54 165 201 66 14 30 153 222 24 112 84 57 61 145 244 141 1 192 18 79 139 185 45 17 70 40 3 35 97 6 136 11 143 34 121 21 87 127 180 32 102 240 81 232 88 27 107 249 58 126 118 13 76 231 179 173 210 51 129 25 247 98 
	Fitness: 44796544

Generacion 68
	Solucion: 248 203 9 241 7 12 209 254 167 99 69 96 105 2 101 108 135 82 186 52 90 196 50 73 125 164 243 237 194 120 200 26 152 67 189 103 230 155 65 39 198 29 60 86 142 95 33 71 169 138 78 211 181 113 128 228 116 123 63 133 19 223 93 157 160 41 251 56 130 206 4 234 75 110 191 217 224 172 159 245 215 46 220 37 16 150 162 177 15 43 22 147 188 214 161 207 92 23 146 208 83 38 0 111 178 148 72 49 246 170 44 225 122 242 55 114 163 236 47 64 5 171 151 175 68 218 62 91 94 42 221 219 131 197 216 176 204 119 168 238 252 166 239 59 31 233 255 156 53 213 137 184 199 115 229 20 106 134 235 227 195 154 77 28 124 158 85 132 48 149 109 144 140 183 250 205 80 104 182 202 193 187 117 212 174 74 100 89 10 8 226 190 36 253 54 165 201 66 14 30 153 222 24 112 84 57 61 145 244 141 1 192 18 79 139 185 45 17 70 40 3 35 97 6 136 11 143 34 121 21 87 127 180 32 102 240 81 232 88 27 107 249 58 126 118 13 76 231 179 173 210 51 129 25 247 98 
	Fitness: 44796544

Generacion 69
	Solucion: 248 203 9 241 7 12 209 254 167 99 69 96 105 2 101 108 135 82 186 52 90 196 50 73 125 164 243 237 194 120 200 26 152 67 189 103 230 155 65 39 198 29 60 86 142 95 33 71 169 138 78 211 181 113 128 228 116 123 63 133 19 223 93 157 160 41 251 56 130 206 4 234 75 110 191 217 224 172 159 245 215 46 220 37 16 150 162 177 15 43 22 147 188 214 161 207 92 23 146 208 83 38 0 111 178 148 72 49 246 170 44 225 122 242 55 114 163 236 47 64 5 171 151 175 68 218 62 91 94 42 221 219 131 197 216 176 204 119 168 238 252 166 239 59 31 233 255 156 53 213 137 184 199 115 229 20 106 134 235 227 195 154 77 28 124 158 85 132 48 149 109 144 140 183 250 205 80 104 182 202 193 187 117 212 174 74 100 89 10 8 226 190 36 253 54 165 201 66 14 30 153 222 24 112 84 57 61 145 244 141 1 192 18 79 139 185 45 17 70 40 3 35 97 6 136 11 143 34 121 21 87 127 180 32 102 240 81 232 88 27 107 249 58 126 118 13 76 231 179 173 210 51 129 25 247 98 
	Fitness: 44796544

Generacion 70
	Solucion: 248 203 9 241 7 12 209 254 167 99 69 96 105 2 101 108 135 82 186 52 90 196 50 73 125 164 243 237 194 120 200 26 152 67 189 103 230 155 65 39 198 29 60 86 142 95 33 71 169 138 78 211 181 113 128 228 116 123 63 133 19 223 93 157 160 41 251 56 130 206 4 234 75 110 191 217 224 172 159 245 215 46 220 37 16 150 162 177 15 43 22 147 188 214 161 207 92 23 146 208 83 38 0 111 178 148 72 49 246 170 44 225 122 242 55 114 163 236 47 64 5 171 151 175 68 218 62 91 94 42 221 219 131 197 216 176 204 119 168 238 252 166 239 59 31 233 255 156 53 213 137 184 199 115 229 20 106 134 235 227 195 154 77 28 124 158 85 132 48 149 109 144 140 183 250 205 80 104 182 202 193 187 117 212 174 74 100 89 10 8 226 190 36 253 54 165 201 66 14 30 153 222 24 112 84 57 61 145 244 141 1 192 18 79 139 185 45 17 70 40 3 35 97 6 136 11 143 34 121 21 87 127 180 32 102 240 81 232 88 27 107 249 58 126 118 13 76 231 179 173 210 51 129 25 247 98 
	Fitness: 44796544

Generacion 71
	Solucion: 248 203 9 241 7 12 209 254 167 99 69 96 105 2 101 108 135 82 186 52 90 196 50 73 125 164 243 237 194 120 200 26 152 67 189 103 230 155 65 39 198 29 60 86 142 95 33 71 169 138 78 211 181 113 128 228 116 123 63 133 19 223 93 157 160 41 251 56 130 206 4 234 75 110 191 217 224 172 159 245 215 46 220 37 16 150 162 177 15 43 22 147 188 214 161 207 92 23 146 208 83 38 0 111 178 148 72 49 246 170 44 225 122 242 55 114 163 236 47 64 5 171 151 175 68 218 62 91 94 42 221 219 131 197 216 176 204 119 168 238 252 166 239 59 31 233 255 156 53 213 137 184 199 115 229 20 106 134 235 227 195 154 77 28 124 158 85 132 48 149 109 144 140 183 250 205 80 104 182 202 193 187 117 212 174 74 100 89 10 8 226 190 36 253 54 165 201 66 14 30 153 222 24 112 84 57 61 145 244 141 1 192 18 79 139 185 45 17 70 40 3 35 97 6 136 11 143 34 121 21 87 127 180 32 102 240 81 232 88 27 107 249 58 126 118 13 76 231 179 173 210 51 129 25 247 98 
	Fitness: 44796544

Generacion 72
	Solucion: 248 203 9 241 7 12 209 254 167 99 69 96 105 2 101 108 135 82 186 52 90 196 50 73 125 164 243 237 194 120 200 26 152 67 189 103 230 155 65 39 198 29 60 86 142 95 33 71 169 138 78 211 181 113 128 228 116 123 63 133 19 223 93 157 160 41 251 56 130 206 4 234 75 110 191 217 224 172 159 245 215 46 220 37 16 150 162 177 15 43 22 147 188 214 161 207 92 23 146 208 83 38 0 111 178 148 72 49 246 170 44 225 122 242 55 114 163 236 47 64 5 171 151 175 68 218 62 91 94 42 221 219 131 197 216 176 204 119 168 238 252 166 239 59 31 233 255 156 53 213 137 184 199 115 229 20 106 134 235 227 195 154 77 28 124 158 85 132 48 149 109 144 140 183 250 205 80 104 182 202 193 187 117 212 174 74 100 89 10 8 226 190 36 253 54 165 201 66 14 30 153 222 24 112 84 57 61 145 244 141 1 192 18 79 139 185 45 17 70 40 3 35 97 6 136 11 143 34 121 21 87 127 180 32 102 240 81 232 88 27 107 249 58 126 118 13 76 231 179 173 210 51 129 25 247 98 
	Fitness: 44796544

Generacion 73
	Solucion: 248 203 9 241 7 12 209 254 167 99 69 96 105 2 101 108 135 82 186 52 90 196 50 73 125 164 243 237 194 120 200 26 152 67 189 103 230 155 65 39 198 29 60 86 142 95 33 71 169 138 78 211 181 113 128 228 116 123 63 133 19 223 93 157 160 41 251 56 130 206 4 234 75 110 191 217 224 172 159 245 215 46 220 37 16 150 162 177 15 43 22 147 188 214 161 207 92 23 146 208 83 38 0 111 178 148 72 49 246 170 44 225 122 242 55 114 163 236 47 64 5 171 151 175 68 218 62 91 94 42 221 219 131 197 216 176 204 119 168 238 252 166 239 59 31 233 255 156 53 213 137 184 199 115 229 20 106 134 235 227 195 154 77 28 124 158 85 132 48 149 109 144 140 183 250 205 80 104 182 202 193 187 117 212 174 74 100 89 10 8 226 190 36 253 54 165 201 66 14 30 153 222 24 112 84 57 61 145 244 141 1 192 18 79 139 185 45 17 70 40 3 35 97 6 136 11 143 34 121 21 87 127 180 32 102 240 81 232 88 27 107 249 58 126 118 13 76 231 179 173 210 51 129 25 247 98 
	Fitness: 44796544

Generacion 74
	Solucion: 248 203 9 241 7 12 209 254 167 99 69 96 105 2 101 108 135 82 186 52 90 196 50 73 125 164 243 237 194 120 200 26 152 67 189 103 230 155 65 39 198 29 60 86 142 95 33 71 169 138 78 211 181 113 128 228 116 123 63 133 19 223 93 157 160 41 251 56 130 206 4 234 75 110 191 217 224 172 159 245 215 46 220 37 16 150 162 177 15 43 22 147 188 214 161 207 92 23 146 208 83 38 0 111 178 148 72 49 246 170 44 225 122 242 55 114 163 236 47 64 5 171 151 175 68 218 62 91 94 42 221 219 131 197 216 176 204 119 168 238 252 166 239 59 31 233 255 156 53 213 137 184 199 115 229 20 106 134 235 227 195 154 77 28 124 158 85 132 48 149 109 144 140 183 250 205 80 104 182 202 193 187 117 212 174 74 100 89 10 8 226 190 36 253 54 165 201 66 14 30 153 222 24 112 84 57 61 145 244 141 1 192 18 79 139 185 45 17 70 40 3 35 97 6 136 11 143 34 121 21 87 127 180 32 102 240 81 232 88 27 107 249 58 126 118 13 76 231 179 173 210 51 129 25 247 98 
	Fitness: 44796544

Generacion 75
	Solucion: 248 203 9 241 7 12 209 254 167 99 69 96 105 2 101 108 135 82 186 52 90 196 50 73 125 164 243 237 194 120 200 26 152 67 189 103 230 155 65 39 198 29 60 86 142 95 33 71 169 138 78 211 181 113 128 228 116 123 63 133 19 223 93 157 160 41 251 56 130 206 4 234 75 110 191 217 224 172 159 245 215 46 220 37 16 150 162 177 15 43 22 147 188 214 161 207 92 23 146 208 83 38 0 111 178 148 72 49 246 170 44 225 122 242 55 114 163 236 47 64 5 171 151 175 68 218 62 91 94 42 221 219 131 197 216 176 204 119 168 238 252 166 239 59 31 233 255 156 53 213 137 184 199 115 229 20 106 134 235 227 195 154 77 28 124 158 85 132 48 149 109 144 140 183 250 205 80 104 182 202 193 187 117 212 174 74 100 89 10 8 226 190 36 253 54 165 201 66 14 30 153 222 24 112 84 57 61 145 244 141 1 192 18 79 139 185 45 17 70 40 3 35 97 6 136 11 143 34 121 21 87 127 180 32 102 240 81 232 88 27 107 249 58 126 118 13 76 231 179 173 210 51 129 25 247 98 
	Fitness: 44796544

Generacion 76
	Solucion: 248 203 9 241 7 12 209 254 167 99 69 96 105 2 101 108 135 82 186 52 90 196 50 73 125 164 243 237 194 120 200 26 152 67 189 103 230 155 65 39 198 29 60 86 142 95 33 71 169 138 78 211 181 113 128 228 116 123 63 133 19 223 93 157 160 41 251 56 130 206 4 234 75 110 191 217 224 172 159 245 215 46 220 37 16 150 162 177 15 43 22 147 188 214 161 207 92 23 146 208 83 38 0 111 178 148 72 49 246 170 44 225 122 242 55 114 163 236 47 64 5 171 151 175 68 218 62 91 94 42 221 219 131 197 216 176 204 119 168 238 252 166 239 59 31 233 255 156 53 213 137 184 199 115 229 20 106 134 235 227 195 154 77 28 124 158 85 132 48 149 109 144 140 183 250 205 80 104 182 202 193 187 117 212 174 74 100 89 10 8 226 190 36 253 54 165 201 66 14 30 153 222 24 112 84 57 61 145 244 141 1 192 18 79 139 185 45 17 70 40 3 35 97 6 136 11 143 34 121 21 87 127 180 32 102 240 81 232 88 27 107 249 58 126 118 13 76 231 179 173 210 51 129 25 247 98 
	Fitness: 44796544

Generacion 77
	Solucion: 248 203 9 241 7 12 209 254 167 99 69 96 105 2 101 108 135 82 186 52 90 196 50 73 125 164 243 237 194 120 200 26 152 67 189 103 230 155 65 39 198 29 60 86 142 95 33 71 169 138 78 211 181 113 128 228 116 123 63 133 19 223 93 157 160 41 251 56 130 206 4 234 75 110 191 217 224 172 159 245 215 46 220 37 16 150 162 177 15 43 22 147 188 214 161 207 92 23 146 208 83 38 0 111 178 148 72 49 246 170 44 225 122 242 55 114 163 236 47 64 5 171 151 175 68 218 62 91 94 42 221 219 131 197 216 176 204 119 168 238 252 166 239 59 31 233 255 156 53 213 137 184 199 115 229 20 106 134 235 227 195 154 77 28 124 158 85 132 48 149 109 144 140 183 250 205 80 104 182 202 193 187 117 212 174 74 100 89 10 8 226 190 36 253 54 165 201 66 14 30 153 222 24 112 84 57 61 145 244 141 1 192 18 79 139 185 45 17 70 40 3 35 97 6 136 11 143 34 121 21 87 127 180 32 102 240 81 232 88 27 107 249 58 126 118 13 76 231 179 173 210 51 129 25 247 98 
	Fitness: 44796544

Generacion 78
	Solucion: 248 203 9 241 7 12 209 254 167 99 69 96 105 2 101 108 135 82 186 52 90 196 50 73 125 164 243 237 194 120 200 26 152 67 189 103 230 155 65 39 198 29 60 86 142 95 33 71 169 138 78 211 181 113 128 228 116 123 63 133 19 223 93 157 160 41 251 56 130 206 4 234 75 110 191 217 224 172 159 245 215 46 220 37 16 150 162 177 15 43 22 147 188 214 161 207 92 23 146 208 83 38 0 111 178 148 72 49 246 170 44 225 122 242 55 114 163 236 47 64 5 171 151 175 68 218 62 91 94 42 221 219 131 197 216 176 204 119 168 238 252 166 239 59 31 233 255 156 53 213 137 184 199 115 229 20 106 134 235 227 195 154 77 28 124 158 85 132 48 149 109 144 140 183 250 205 80 104 182 202 193 187 117 212 174 74 100 89 10 8 226 190 36 253 54 165 201 66 14 30 153 222 24 112 84 57 61 145 244 141 1 192 18 79 139 185 45 17 70 40 3 35 97 6 136 11 143 34 121 21 87 127 180 32 102 240 81 232 88 27 107 249 58 126 118 13 76 231 179 173 210 51 129 25 247 98 
	Fitness: 44796544

Generacion 79
	Solucion: 248 203 9 241 7 12 209 254 167 99 69 96 105 2 101 108 135 82 186 52 90 196 50 73 125 164 243 237 194 120 200 26 152 67 189 103 230 155 65 39 198 29 60 86 142 95 33 71 169 138 78 211 181 113 128 228 116 123 63 133 19 223 93 157 160 41 251 56 130 206 4 234 75 110 191 217 224 172 159 245 215 46 220 37 16 150 162 177 15 43 22 147 188 214 161 207 92 23 146 208 83 38 0 111 178 148 72 49 246 170 44 225 122 242 55 114 163 236 47 64 5 171 151 175 68 218 62 91 94 42 221 219 131 197 216 176 204 119 168 238 252 166 239 59 31 233 255 156 53 213 137 184 199 115 229 20 106 134 235 227 195 154 77 28 124 158 85 132 48 149 109 144 140 183 250 205 80 104 182 202 193 187 117 212 174 74 100 89 10 8 226 190 36 253 54 165 201 66 14 30 153 222 24 112 84 57 61 145 244 141 1 192 18 79 139 185 45 17 70 40 3 35 97 6 136 11 143 34 121 21 87 127 180 32 102 240 81 232 88 27 107 249 58 126 118 13 76 231 179 173 210 51 129 25 247 98 
	Fitness: 44796544

Generacion 80
	Solucion: 248 203 9 241 7 12 209 254 167 99 69 96 105 2 101 108 135 82 186 52 90 196 50 73 125 164 243 237 194 120 200 26 152 67 189 103 230 155 65 39 198 29 60 86 142 95 33 71 169 138 78 211 181 113 128 228 116 123 63 133 19 223 93 157 160 41 251 56 130 206 4 234 75 110 191 217 224 172 159 245 215 46 220 37 16 150 162 177 15 43 22 147 188 214 161 207 92 23 146 208 83 38 0 111 178 148 72 49 246 170 44 225 122 242 55 114 163 236 47 64 5 171 151 175 68 218 62 91 94 42 221 219 131 197 216 176 204 119 168 238 252 166 239 59 31 233 255 156 53 213 137 184 199 115 229 20 106 134 235 227 195 154 77 28 124 158 85 132 48 149 109 144 140 183 250 205 80 104 182 202 193 187 117 212 174 74 100 89 10 8 226 190 36 253 54 165 201 66 14 30 153 222 24 112 84 57 61 145 244 141 1 192 18 79 139 185 45 17 70 40 3 35 97 6 136 11 143 34 121 21 87 127 180 32 102 240 81 232 88 27 107 249 58 126 118 13 76 231 179 173 210 51 129 25 247 98 
	Fitness: 44796544

Generacion 81
	Solucion: 248 203 9 241 7 12 209 254 167 99 69 96 105 2 101 108 135 82 186 52 90 196 50 73 125 164 243 237 194 120 200 26 152 67 189 103 230 155 65 39 198 29 60 86 142 95 33 71 169 138 78 211 181 113 128 228 116 123 63 133 19 223 93 157 160 41 251 56 130 206 4 234 75 110 191 217 224 172 159 245 215 46 220 37 16 150 162 177 15 43 22 147 188 214 161 207 92 23 146 208 83 38 0 111 178 148 72 49 246 170 44 225 122 242 55 114 163 236 47 64 5 171 151 175 68 218 62 91 94 42 221 219 131 197 216 176 204 119 168 238 252 166 239 59 31 233 255 156 53 213 137 184 199 115 229 20 106 134 235 227 195 154 77 28 124 158 85 132 48 149 109 144 140 183 250 205 80 104 182 202 193 187 117 212 174 74 100 89 10 8 226 190 36 253 54 165 201 66 14 30 153 222 24 112 84 57 61 145 244 141 1 192 18 79 139 185 45 17 70 40 3 35 97 6 136 11 143 34 121 21 87 127 180 32 102 240 81 232 88 27 107 249 58 126 118 13 76 231 179 173 210 51 129 25 247 98 
	Fitness: 44796544

Generacion 82
	Solucion: 248 203 9 241 7 12 209 254 167 99 69 96 105 2 101 108 135 82 186 52 90 196 50 73 125 164 243 237 194 120 200 26 152 67 189 103 230 155 65 39 198 29 60 86 142 95 33 71 169 138 78 211 181 113 128 228 116 123 63 133 19 223 93 157 160 41 251 56 130 206 4 234 75 110 191 217 224 172 159 245 215 46 220 37 16 150 162 177 15 43 22 147 188 214 161 207 92 23 146 208 83 38 0 111 178 148 72 49 246 170 44 225 122 242 55 114 163 236 47 64 5 171 151 175 68 218 62 91 94 42 221 219 131 197 216 176 204 119 168 238 252 166 239 59 31 233 255 156 53 213 137 184 199 115 229 20 106 134 235 227 195 154 77 28 124 158 85 132 48 149 109 144 140 183 250 205 80 104 182 202 193 187 117 212 174 74 100 89 10 8 226 190 36 253 54 165 201 66 14 30 153 222 24 112 84 57 61 145 244 141 1 192 18 79 139 185 45 17 70 40 3 35 97 6 136 11 143 34 121 21 87 127 180 32 102 240 81 232 88 27 107 249 58 126 118 13 76 231 179 173 210 51 129 25 247 98 
	Fitness: 44796544

Generacion 83
	Solucion: 248 203 9 241 7 12 209 254 167 99 69 96 105 2 101 108 135 82 186 52 90 196 50 73 125 164 243 237 194 120 200 26 152 67 189 103 230 155 65 39 198 29 60 86 142 95 33 71 169 138 78 211 181 113 128 228 116 123 63 133 19 223 93 157 160 41 251 56 130 206 4 234 75 110 191 217 224 172 159 245 215 46 220 37 16 150 162 177 15 43 22 147 188 214 161 207 92 23 146 208 83 38 0 111 178 148 72 49 246 170 44 225 122 242 55 114 163 236 47 64 5 171 151 175 68 218 62 91 94 42 221 219 131 197 216 176 204 119 168 238 252 166 239 59 31 233 255 156 53 213 137 184 199 115 229 20 106 134 235 227 195 154 77 28 124 158 85 132 48 149 109 144 140 183 250 205 80 104 182 202 193 187 117 212 174 74 100 89 10 8 226 190 36 253 54 165 201 66 14 30 153 222 24 112 84 57 61 145 244 141 1 192 18 79 139 185 45 17 70 40 3 35 97 6 136 11 143 34 121 21 87 127 180 32 102 240 81 232 88 27 107 249 58 126 118 13 76 231 179 173 210 51 129 25 247 98 
	Fitness: 44796544

Generacion 84
	Solucion: 248 203 9 241 7 12 209 254 167 99 69 96 105 2 101 108 135 82 186 52 90 196 50 73 125 164 243 237 194 120 200 26 152 67 189 103 230 155 65 39 198 29 60 86 142 95 33 71 169 138 78 211 181 113 128 228 116 123 63 133 19 223 93 157 160 41 251 56 130 206 4 234 75 110 191 217 224 172 159 245 215 46 220 37 16 150 162 177 15 43 22 147 188 214 161 207 92 23 146 208 83 38 0 111 178 148 72 49 246 170 44 225 122 242 55 114 163 236 47 64 5 171 151 175 68 218 62 91 94 42 221 219 131 197 216 176 204 119 168 238 252 166 239 59 31 233 255 156 53 213 137 184 199 115 229 20 106 134 235 227 195 154 77 28 124 158 85 132 48 149 109 144 140 183 250 205 80 104 182 202 193 187 117 212 174 74 100 89 10 8 226 190 36 253 54 165 201 66 14 30 153 222 24 112 84 57 61 145 244 141 1 192 18 79 139 185 45 17 70 40 3 35 97 6 136 11 143 34 121 21 87 127 180 32 102 240 81 232 88 27 107 249 58 126 118 13 76 231 179 173 210 51 129 25 247 98 
	Fitness: 44796544

Generacion 85
	Solucion: 248 203 9 241 7 12 209 254 167 99 69 96 105 2 101 108 135 82 186 52 90 196 50 73 125 164 243 237 194 120 200 26 152 67 189 103 230 155 65 39 198 29 60 86 142 95 33 71 169 138 78 211 181 113 128 228 116 123 63 133 19 223 93 157 160 41 251 56 130 206 4 234 75 110 191 217 224 172 159 245 215 46 220 37 16 150 162 177 15 43 22 147 188 214 161 207 92 23 146 208 83 38 0 111 178 148 72 49 246 170 44 225 122 242 55 114 163 236 47 64 5 171 151 175 68 218 62 91 94 42 221 219 131 197 216 176 204 119 168 238 252 166 239 59 31 233 255 156 53 213 137 184 199 115 229 20 106 134 235 227 195 154 77 28 124 158 85 132 48 149 109 144 140 183 250 205 80 104 182 202 193 187 117 212 174 74 100 89 10 8 226 190 36 253 54 165 201 66 14 30 153 222 24 112 84 57 61 145 244 141 1 192 18 79 139 185 45 17 70 40 3 35 97 6 136 11 143 34 121 21 87 127 180 32 102 240 81 232 88 27 107 249 58 126 118 13 76 231 179 173 210 51 129 25 247 98 
	Fitness: 44796544

Generacion 86
	Solucion: 248 203 9 241 7 12 209 254 167 99 69 96 105 2 101 108 135 82 186 52 90 196 50 73 125 164 243 237 194 120 200 26 152 67 189 103 230 155 65 39 198 29 60 86 142 95 33 71 169 138 78 211 181 113 128 228 116 123 63 133 19 223 93 157 160 41 251 56 130 206 4 234 75 110 191 217 224 172 159 245 215 46 220 37 16 150 162 177 15 43 22 147 188 214 161 207 92 23 146 208 83 38 0 111 178 148 72 49 246 170 44 225 122 242 55 114 163 236 47 64 5 171 151 175 68 218 62 91 94 42 221 219 131 197 216 176 204 119 168 238 252 166 239 59 31 233 255 156 53 213 137 184 199 115 229 20 106 134 235 227 195 154 77 28 124 158 85 132 48 149 109 144 140 183 250 205 80 104 182 202 193 187 117 212 174 74 100 89 10 8 226 190 36 253 54 165 201 66 14 30 153 222 24 112 84 57 61 145 244 141 1 192 18 79 139 185 45 17 70 40 3 35 97 6 136 11 143 34 121 21 87 127 180 32 102 240 81 232 88 27 107 249 58 126 118 13 76 231 179 173 210 51 129 25 247 98 
	Fitness: 44796544

Generacion 87
	Solucion: 248 203 9 241 7 12 209 254 167 99 69 96 105 2 101 108 135 82 186 52 90 196 50 73 125 164 243 237 194 120 200 26 152 67 189 103 230 155 65 39 198 29 60 86 142 95 33 71 169 138 78 211 181 113 128 228 116 123 63 133 19 223 93 157 160 41 251 56 130 206 4 234 75 110 191 217 224 172 159 245 215 46 220 37 16 150 162 177 15 43 22 147 188 214 161 207 92 23 146 208 83 38 0 111 178 148 72 49 246 170 44 225 122 242 55 114 163 236 47 64 5 171 151 175 68 218 62 91 94 42 221 219 131 197 216 176 204 119 168 238 252 166 239 59 31 233 255 156 53 213 137 184 199 115 229 20 106 134 235 227 195 154 77 28 124 158 85 132 48 149 109 144 140 183 250 205 80 104 182 202 193 187 117 212 174 74 100 89 10 8 226 190 36 253 54 165 201 66 14 30 153 222 24 112 84 57 61 145 244 141 1 192 18 79 139 185 45 17 70 40 3 35 97 6 136 11 143 34 121 21 87 127 180 32 102 240 81 232 88 27 107 249 58 126 118 13 76 231 179 173 210 51 129 25 247 98 
	Fitness: 44796544

Generacion 88
	Solucion: 248 203 9 241 7 12 209 254 167 99 69 96 105 2 101 108 135 82 186 52 90 196 50 73 125 164 243 237 194 120 200 26 152 67 189 103 230 155 65 39 198 29 60 86 142 95 33 71 169 138 78 211 181 113 128 228 116 123 63 133 19 223 93 157 160 41 251 56 130 206 4 234 75 110 191 217 224 172 159 245 215 46 220 37 16 150 162 177 15 43 22 147 188 214 161 207 92 23 146 208 83 38 0 111 178 148 72 49 246 170 44 225 122 242 55 114 163 236 47 64 5 171 151 175 68 218 62 91 94 42 221 219 131 197 216 176 204 119 168 238 252 166 239 59 31 233 255 156 53 213 137 184 199 115 229 20 106 134 235 227 195 154 77 28 124 158 85 132 48 149 109 144 140 183 250 205 80 104 182 202 193 187 117 212 174 74 100 89 10 8 226 190 36 253 54 165 201 66 14 30 153 222 24 112 84 57 61 145 244 141 1 192 18 79 139 185 45 17 70 40 3 35 97 6 136 11 143 34 121 21 87 127 180 32 102 240 81 232 88 27 107 249 58 126 118 13 76 231 179 173 210 51 129 25 247 98 
	Fitness: 44796544

Generacion 89
	Solucion: 248 203 9 241 7 12 209 254 167 99 69 96 105 2 101 108 135 82 186 52 90 196 50 73 125 164 243 237 194 120 200 26 152 67 189 103 230 155 65 39 198 29 60 86 142 95 33 71 169 138 78 211 181 113 128 228 116 123 63 133 19 223 93 157 160 41 251 56 130 206 4 234 75 110 191 217 224 172 159 245 215 46 220 37 16 150 162 177 15 43 22 147 188 214 161 207 92 23 146 208 83 38 0 111 178 148 72 49 246 170 44 225 122 242 55 114 163 236 47 64 5 171 151 175 68 218 62 91 94 42 221 219 131 197 216 176 204 119 168 238 252 166 239 59 31 233 255 156 53 213 137 184 199 115 229 20 106 134 235 227 195 154 77 28 124 158 85 132 48 149 109 144 140 183 250 205 80 104 182 202 193 187 117 212 174 74 100 89 10 8 226 190 36 253 54 165 201 66 14 30 153 222 24 112 84 57 61 145 244 141 1 192 18 79 139 185 45 17 70 40 3 35 97 6 136 11 143 34 121 21 87 127 180 32 102 240 81 232 88 27 107 249 58 126 118 13 76 231 179 173 210 51 129 25 247 98 
	Fitness: 44796544

Generacion 90
	Solucion: 248 203 9 241 7 12 209 254 167 99 69 96 105 2 101 108 135 82 186 52 90 196 50 73 125 164 243 237 194 120 200 26 152 67 189 103 230 155 65 39 198 29 60 86 142 95 33 71 169 138 78 211 181 113 128 228 116 123 63 133 19 223 93 157 160 41 251 56 130 206 4 234 75 110 191 217 224 172 159 245 215 46 220 37 16 150 162 177 15 43 22 147 188 214 161 207 92 23 146 208 83 38 0 111 178 148 72 49 246 170 44 225 122 242 55 114 163 236 47 64 5 171 151 175 68 218 62 91 94 42 221 219 131 197 216 176 204 119 168 238 252 166 239 59 31 233 255 156 53 213 137 184 199 115 229 20 106 134 235 227 195 154 77 28 124 158 85 132 48 149 109 144 140 183 250 205 80 104 182 202 193 187 117 212 174 74 100 89 10 8 226 190 36 253 54 165 201 66 14 30 153 222 24 112 84 57 61 145 244 141 1 192 18 79 139 185 45 17 70 40 3 35 97 6 136 11 143 34 121 21 87 127 180 32 102 240 81 232 88 27 107 249 58 126 118 13 76 231 179 173 210 51 129 25 247 98 
	Fitness: 44796544

Generacion 91
	Solucion: 248 203 9 241 7 12 209 254 167 99 69 96 105 2 101 108 135 82 186 52 90 196 50 73 125 164 243 237 194 120 200 26 152 67 189 103 230 155 65 39 198 29 60 86 142 95 33 71 169 138 78 211 181 113 128 228 116 123 63 133 19 223 93 157 160 41 251 56 130 206 4 234 75 110 191 217 224 172 159 245 215 46 220 37 16 150 162 177 15 43 22 147 188 214 161 207 92 23 146 208 83 38 0 111 178 148 72 49 246 170 44 225 122 242 55 114 163 236 47 64 5 171 151 175 68 218 62 91 94 42 221 219 131 197 216 176 204 119 168 238 252 166 239 59 31 233 255 156 53 213 137 184 199 115 229 20 106 134 235 227 195 154 77 28 124 158 85 132 48 149 109 144 140 183 250 205 80 104 182 202 193 187 117 212 174 74 100 89 10 8 226 190 36 253 54 165 201 66 14 30 153 222 24 112 84 57 61 145 244 141 1 192 18 79 139 185 45 17 70 40 3 35 97 6 136 11 143 34 121 21 87 127 180 32 102 240 81 232 88 27 107 249 58 126 118 13 76 231 179 173 210 51 129 25 247 98 
	Fitness: 44796544

Generacion 92
	Solucion: 248 203 9 241 7 12 209 254 167 99 69 96 105 2 101 108 135 82 186 52 90 196 50 73 125 164 243 237 194 120 200 26 152 67 189 103 230 155 65 39 198 29 60 86 142 95 33 71 169 138 78 211 181 113 128 228 116 123 63 133 19 223 93 157 160 41 251 56 130 206 4 234 75 110 191 217 224 172 159 245 215 46 220 37 16 150 162 177 15 43 22 147 188 214 161 207 92 23 146 208 83 38 0 111 178 148 72 49 246 170 44 225 122 242 55 114 163 236 47 64 5 171 151 175 68 218 62 91 94 42 221 219 131 197 216 176 204 119 168 238 252 166 239 59 31 233 255 156 53 213 137 184 199 115 229 20 106 134 235 227 195 154 77 28 124 158 85 132 48 149 109 144 140 183 250 205 80 104 182 202 193 187 117 212 174 74 100 89 10 8 226 190 36 253 54 165 201 66 14 30 153 222 24 112 84 57 61 145 244 141 1 192 18 79 139 185 45 17 70 40 3 35 97 6 136 11 143 34 121 21 87 127 180 32 102 240 81 232 88 27 107 249 58 126 118 13 76 231 179 173 210 51 129 25 247 98 
	Fitness: 44796544

Generacion 93
	Solucion: 248 203 9 241 7 12 209 254 167 99 69 96 105 2 101 108 135 82 186 52 90 196 50 73 125 164 243 237 194 120 200 26 152 67 189 103 230 155 65 39 198 29 60 86 142 95 33 71 169 138 78 211 181 113 128 228 116 123 63 133 19 223 93 157 160 41 251 56 130 206 4 234 75 110 191 217 224 172 159 245 215 46 220 37 16 150 162 177 15 43 22 147 188 214 161 207 92 23 146 208 83 38 0 111 178 148 72 49 246 170 44 225 122 242 55 114 163 236 47 64 5 171 151 175 68 218 62 91 94 42 221 219 131 197 216 176 204 119 168 238 252 166 239 59 31 233 255 156 53 213 137 184 199 115 229 20 106 134 235 227 195 154 77 28 124 158 85 132 48 149 109 144 140 183 250 205 80 104 182 202 193 187 117 212 174 74 100 89 10 8 226 190 36 253 54 165 201 66 14 30 153 222 24 112 84 57 61 145 244 141 1 192 18 79 139 185 45 17 70 40 3 35 97 6 136 11 143 34 121 21 87 127 180 32 102 240 81 232 88 27 107 249 58 126 118 13 76 231 179 173 210 51 129 25 247 98 
	Fitness: 44796544

Generacion 94
	Solucion: 248 203 9 241 7 12 209 254 167 99 69 96 105 2 101 108 135 82 186 52 90 196 50 73 125 164 243 237 194 120 200 26 152 67 189 103 230 155 65 39 198 29 60 86 142 95 33 71 169 138 78 211 181 113 128 228 116 123 63 133 19 223 93 157 160 41 251 56 130 206 4 234 75 110 191 217 224 172 159 245 215 46 220 37 16 150 162 177 15 43 22 147 188 214 161 207 92 23 146 208 83 38 0 111 178 148 72 49 246 170 44 225 122 242 55 114 163 236 47 64 5 171 151 175 68 218 62 91 94 42 221 219 131 197 216 176 204 119 168 238 252 166 239 59 31 233 255 156 53 213 137 184 199 115 229 20 106 134 235 227 195 154 77 28 124 158 85 132 48 149 109 144 140 183 250 205 80 104 182 202 193 187 117 212 174 74 100 89 10 8 226 190 36 253 54 165 201 66 14 30 153 222 24 112 84 57 61 145 244 141 1 192 18 79 139 185 45 17 70 40 3 35 97 6 136 11 143 34 121 21 87 127 180 32 102 240 81 232 88 27 107 249 58 126 118 13 76 231 179 173 210 51 129 25 247 98 
	Fitness: 44796544

Generacion 95
	Solucion: 248 203 9 241 7 12 209 254 167 99 69 96 105 2 101 108 135 82 186 52 90 196 50 73 125 164 243 237 194 120 200 26 152 67 189 103 230 155 65 39 198 29 60 86 142 95 33 71 169 138 78 211 181 113 128 228 116 123 63 133 19 223 93 157 160 41 251 56 130 206 4 234 75 110 191 217 224 172 159 245 215 46 220 37 16 150 162 177 15 43 22 147 188 214 161 207 92 23 146 208 83 38 0 111 178 148 72 49 246 170 44 225 122 242 55 114 163 236 47 64 5 171 151 175 68 218 62 91 94 42 221 219 131 197 216 176 204 119 168 238 252 166 239 59 31 233 255 156 53 213 137 184 199 115 229 20 106 134 235 227 195 154 77 28 124 158 85 132 48 149 109 144 140 183 250 205 80 104 182 202 193 187 117 212 174 74 100 89 10 8 226 190 36 253 54 165 201 66 14 30 153 222 24 112 84 57 61 145 244 141 1 192 18 79 139 185 45 17 70 40 3 35 97 6 136 11 143 34 121 21 87 127 180 32 102 240 81 232 88 27 107 249 58 126 118 13 76 231 179 173 210 51 129 25 247 98 
	Fitness: 44796544

Generacion 96
	Solucion: 248 203 9 241 7 12 209 254 167 99 69 96 105 2 101 108 135 82 186 52 90 196 50 73 125 164 243 237 194 120 200 26 152 67 189 103 230 155 65 39 198 29 60 86 142 95 33 71 169 138 78 211 181 113 128 228 116 123 63 133 19 223 93 157 160 41 251 56 130 206 4 234 75 110 191 217 224 172 159 245 215 46 220 37 16 150 162 177 15 43 22 147 188 214 161 207 92 23 146 208 83 38 0 111 178 148 72 49 246 170 44 225 122 242 55 114 163 236 47 64 5 171 151 175 68 218 62 91 94 42 221 219 131 197 216 176 204 119 168 238 252 166 239 59 31 233 255 156 53 213 137 184 199 115 229 20 106 134 235 227 195 154 77 28 124 158 85 132 48 149 109 144 140 183 250 205 80 104 182 202 193 187 117 212 174 74 100 89 10 8 226 190 36 253 54 165 201 66 14 30 153 222 24 112 84 57 61 145 244 141 1 192 18 79 139 185 45 17 70 40 3 35 97 6 136 11 143 34 121 21 87 127 180 32 102 240 81 232 88 27 107 249 58 126 118 13 76 231 179 173 210 51 129 25 247 98 
	Fitness: 44796544

Generacion 97
	Solucion: 248 203 9 241 7 12 209 254 167 99 69 96 105 2 101 108 135 82 186 52 90 196 50 73 125 164 243 237 194 120 200 26 152 67 189 103 230 155 65 39 198 29 60 86 142 95 33 71 169 138 78 211 181 113 128 228 116 123 63 133 19 223 93 157 160 41 251 56 130 206 4 234 75 110 191 217 224 172 159 245 215 46 220 37 16 150 162 177 15 43 22 147 188 214 161 207 92 23 146 208 83 38 0 111 178 148 72 49 246 170 44 225 122 242 55 114 163 236 47 64 5 171 151 175 68 218 62 91 94 42 221 219 131 197 216 176 204 119 168 238 252 166 239 59 31 233 255 156 53 213 137 184 199 115 229 20 106 134 235 227 195 154 77 28 124 158 85 132 48 149 109 144 140 183 250 205 80 104 182 202 193 187 117 212 174 74 100 89 10 8 226 190 36 253 54 165 201 66 14 30 153 222 24 112 84 57 61 145 244 141 1 192 18 79 139 185 45 17 70 40 3 35 97 6 136 11 143 34 121 21 87 127 180 32 102 240 81 232 88 27 107 249 58 126 118 13 76 231 179 173 210 51 129 25 247 98 
	Fitness: 44796544

Generacion 98
	Solucion: 248 203 9 241 7 12 209 254 167 99 69 96 105 2 101 108 135 82 186 52 90 196 50 73 125 164 243 237 194 120 200 26 152 67 189 103 230 155 65 39 198 29 60 86 142 95 33 71 169 138 78 211 181 113 128 228 116 123 63 133 19 223 93 157 160 41 251 56 130 206 4 234 75 110 191 217 224 172 159 245 215 46 220 37 16 150 162 177 15 43 22 147 188 214 161 207 92 23 146 208 83 38 0 111 178 148 72 49 246 170 44 225 122 242 55 114 163 236 47 64 5 171 151 175 68 218 62 91 94 42 221 219 131 197 216 176 204 119 168 238 252 166 239 59 31 233 255 156 53 213 137 184 199 115 229 20 106 134 235 227 195 154 77 28 124 158 85 132 48 149 109 144 140 183 250 205 80 104 182 202 193 187 117 212 174 74 100 89 10 8 226 190 36 253 54 165 201 66 14 30 153 222 24 112 84 57 61 145 244 141 1 192 18 79 139 185 45 17 70 40 3 35 97 6 136 11 143 34 121 21 87 127 180 32 102 240 81 232 88 27 107 249 58 126 118 13 76 231 179 173 210 51 129 25 247 98 
	Fitness: 44796544

Generacion 99
	Solucion: 248 203 9 241 7 12 209 254 167 99 69 96 105 2 101 108 135 82 186 52 90 196 50 73 125 164 243 237 194 120 200 26 152 67 189 103 230 155 65 39 198 29 60 86 142 95 33 71 169 138 78 211 181 113 128 228 116 123 63 133 19 223 93 157 160 41 251 56 130 206 4 234 75 110 191 217 224 172 159 245 215 46 220 37 16 150 162 177 15 43 22 147 188 214 161 207 92 23 146 208 83 38 0 111 178 148 72 49 246 170 44 225 122 242 55 114 163 236 47 64 5 171 151 175 68 218 62 91 94 42 221 219 131 197 216 176 204 119 168 238 252 166 239 59 31 233 255 156 53 213 137 184 199 115 229 20 106 134 235 227 195 154 77 28 124 158 85 132 48 149 109 144 140 183 250 205 80 104 182 202 193 187 117 212 174 74 100 89 10 8 226 190 36 253 54 165 201 66 14 30 153 222 24 112 84 57 61 145 244 141 1 192 18 79 139 185 45 17 70 40 3 35 97 6 136 11 143 34 121 21 87 127 180 32 102 240 81 232 88 27 107 249 58 126 118 13 76 231 179 173 210 51 129 25 247 98 
	Fitness: 44796544

Generacion 100
	Solucion: 248 203 9 241 7 12 209 254 167 99 69 96 105 2 101 108 135 82 186 52 90 196 50 73 125 164 243 237 194 120 200 26 152 67 189 103 230 155 65 39 198 29 60 86 142 95 33 71 169 138 78 211 181 113 128 228 116 123 63 133 19 223 93 157 160 41 251 56 130 206 4 234 75 110 191 217 224 172 159 245 215 46 220 37 16 150 162 177 15 43 22 147 188 214 161 207 92 23 146 208 83 38 0 111 178 148 72 49 246 170 44 225 122 242 55 114 163 236 47 64 5 171 151 175 68 218 62 91 94 42 221 219 131 197 216 176 204 119 168 238 252 166 239 59 31 233 255 156 53 213 137 184 199 115 229 20 106 134 235 227 195 154 77 28 124 158 85 132 48 149 109 144 140 183 250 205 80 104 182 202 193 187 117 212 174 74 100 89 10 8 226 190 36 253 54 165 201 66 14 30 153 222 24 112 84 57 61 145 244 141 1 192 18 79 139 185 45 17 70 40 3 35 97 6 136 11 143 34 121 21 87 127 180 32 102 240 81 232 88 27 107 249 58 126 118 13 76 231 179 173 210 51 129 25 247 98 
	Fitness: 44796544

  --> Tiempo: 3413.53

