  -> Resultados AG: 
Generacion 1
	Solucion: 31 23 113 92 191 167 159 56 164 64 177 57 198 89 211 163 2 137 95 194 105 17 49 160 110 142 70 219 71 250 223 3 109 228 213 65 123 118 146 32 0 147 38 138 234 175 154 255 150 36 93 6 73 243 112 74 152 187 53 21 25 129 115 193 236 208 139 61 241 196 78 83 201 183 238 88 144 153 69 101 9 124 204 43 182 59 245 132 4 157 14 13 210 111 181 98 212 221 48 68 77 7 127 66 22 199 86 79 240 242 247 227 148 96 239 122 133 220 1 174 214 72 34 26 55 158 119 229 179 87 134 143 197 41 151 46 80 188 130 108 169 16 253 81 90 244 184 207 12 206 27 216 252 205 235 50 82 192 156 67 165 84 104 218 254 47 202 107 170 63 94 131 97 126 99 102 251 29 11 180 125 75 54 231 100 200 42 176 171 58 24 195 85 8 62 233 5 222 135 117 226 185 10 225 51 106 237 35 39 121 116 246 203 224 103 28 15 18 162 30 173 149 190 19 217 128 20 33 76 120 91 166 44 209 136 230 40 141 168 186 161 248 232 172 155 145 45 249 60 178 189 140 114 215 37 52 
	Fitness: 50714260

Generacion 2
	Solucion: 171 134 151 92 191 167 159 56 164 64 177 235 198 90 211 163 2 137 216 194 105 75 49 67 110 94 70 218 71 250 223 3 109 228 213 65 123 118 80 32 0 147 231 138 130 175 84 255 150 36 156 99 73 243 112 74 12 187 53 21 25 129 195 46 236 208 139 61 241 102 78 81 201 183 47 88 144 153 69 24 126 27 204 103 16 59 197 132 4 157 224 202 5 192 107 169 158 50 48 42 77 7 127 116 22 199 10 79 240 242 247 254 148 226 239 122 133 220 205 174 214 97 96 101 200 212 210 176 146 149 23 178 245 237 113 193 179 225 234 166 98 182 184 83 104 206 215 229 152 8 124 95 186 1 106 135 45 111 93 160 34 154 89 219 246 100 13 207 52 62 131 142 119 9 6 196 143 185 238 121 230 17 227 39 11 180 68 181 31 168 26 115 20 37 76 51 72 145 221 57 165 155 86 14 209 117 15 249 38 161 66 54 136 188 43 28 41 18 162 30 173 87 190 19 217 128 85 33 63 120 91 108 44 233 203 125 40 141 58 252 55 248 232 172 29 222 82 35 60 251 189 140 114 253 244 170 
	Fitness: 50611278

Generacion 3
	Solucion: 171 134 151 92 191 167 159 56 164 64 177 235 198 90 211 163 2 137 216 194 105 75 49 67 110 94 70 218 71 250 223 40 109 228 213 65 123 118 80 32 0 147 231 138 130 175 84 255 150 36 156 99 233 243 112 74 12 187 53 21 25 129 195 46 236 208 139 61 241 102 78 81 201 183 47 88 144 153 69 24 126 27 204 103 16 59 197 132 4 157 224 202 5 192 107 169 158 50 48 42 77 7 127 116 22 199 10 79 240 242 247 254 148 226 239 122 133 220 205 174 214 97 96 101 200 212 210 176 146 149 23 178 245 237 113 193 179 225 234 166 98 182 184 83 104 206 215 229 152 8 124 95 186 203 106 135 45 111 93 160 34 154 89 219 246 100 13 207 52 62 131 142 119 9 6 196 143 185 238 121 230 17 227 39 11 180 68 181 31 168 26 115 20 37 76 51 72 145 221 57 165 155 86 14 209 117 15 249 38 161 66 54 136 188 43 28 41 18 162 30 173 87 190 19 217 128 85 33 63 120 91 108 44 73 1 172 3 141 58 252 55 248 232 125 29 222 82 35 60 251 189 140 114 253 244 170 
	Fitness: 50215330

Generacion 4
	Solucion: 171 134 151 92 191 167 159 56 164 64 177 23 126 90 211 163 2 137 216 105 194 75 49 67 110 94 210 218 71 250 223 40 109 35 213 113 123 118 80 32 0 147 231 138 130 175 84 255 150 36 156 99 233 243 112 74 12 187 53 21 25 129 195 46 236 178 139 61 241 102 78 81 201 245 47 88 144 153 69 193 198 27 204 103 16 59 197 132 4 157 224 202 5 192 107 169 158 50 48 42 77 7 127 116 22 199 10 79 240 242 247 254 148 226 239 122 133 220 205 174 214 97 96 101 200 170 70 196 146 6 235 208 183 149 65 24 203 225 234 166 98 182 184 83 104 206 215 229 152 8 124 95 186 179 106 135 45 111 93 160 34 154 89 219 246 100 13 207 52 62 131 142 119 9 237 176 143 185 238 121 230 17 227 39 11 180 68 181 31 168 26 115 20 37 76 51 72 145 221 57 165 155 86 14 209 117 15 249 38 161 66 54 136 188 43 28 41 18 162 30 173 87 190 19 217 128 85 33 63 120 91 108 44 73 1 172 3 141 58 252 55 248 232 125 29 222 82 228 60 251 189 140 114 253 244 212 
	Fitness: 50100486

Generacion 5
	Solucion: 171 134 151 92 191 167 159 56 164 64 177 23 126 90 211 163 2 137 216 105 194 75 49 67 110 94 210 218 71 250 223 40 109 35 213 113 123 118 80 32 0 147 231 138 130 175 84 255 150 36 156 99 233 243 112 74 12 187 53 21 25 129 195 46 236 178 139 61 241 102 78 81 201 245 47 88 144 153 69 193 198 27 204 103 16 59 197 132 4 157 224 202 5 192 107 169 158 50 48 42 77 7 127 116 22 199 10 79 240 242 247 254 148 226 239 122 133 220 205 174 214 97 96 101 200 170 70 196 146 6 235 208 183 149 65 24 203 225 234 166 98 182 184 83 104 206 215 229 152 8 124 95 186 179 106 135 45 111 93 160 34 154 89 219 246 100 13 207 52 62 131 142 119 9 237 176 143 185 238 121 230 17 227 39 11 180 68 181 31 168 26 115 20 37 76 51 72 145 221 57 165 155 86 14 209 117 15 249 38 161 66 54 136 188 43 28 41 18 162 30 173 87 190 19 217 128 85 33 63 120 91 108 44 73 1 172 3 141 58 252 55 248 232 125 29 222 82 228 60 251 189 140 114 253 244 212 
	Fitness: 50100486

Generacion 6
	Solucion: 31 23 113 92 191 167 159 56 164 64 177 222 198 90 211 163 2 137 216 194 105 75 49 67 110 94 29 218 71 250 223 3 109 228 213 151 123 118 108 32 0 253 231 138 130 175 84 255 150 36 156 99 73 243 112 74 12 187 53 21 25 135 195 193 236 251 139 61 241 102 78 81 201 197 47 88 144 153 69 184 126 27 204 43 16 59 245 132 4 157 188 202 5 192 107 169 158 50 48 42 77 7 127 66 22 199 10 79 240 242 247 254 148 226 239 122 133 220 205 174 214 97 96 101 200 170 70 196 146 6 235 208 183 87 65 24 136 225 234 166 98 182 147 83 104 206 215 229 152 8 124 95 186 179 117 129 45 111 93 160 34 154 89 219 54 100 13 207 52 62 131 142 119 9 41 176 143 185 238 161 230 17 227 38 11 180 68 181 85 168 26 115 20 120 76 51 72 145 221 57 165 155 86 14 63 106 237 35 39 121 116 246 203 224 103 28 15 18 162 30 173 149 190 19 217 128 171 33 233 244 91 1 44 209 80 125 37 141 58 252 55 248 232 172 210 134 82 249 60 178 189 140 114 46 40 212 
	Fitness: 49659680

Generacion 7
	Solucion: 190 221 151 92 191 167 159 56 164 64 177 23 9 90 211 163 2 137 216 105 194 75 49 67 110 142 210 218 71 250 223 40 109 35 213 113 123 118 80 32 0 147 231 88 130 175 84 255 150 36 156 99 233 243 112 74 12 187 53 21 25 129 195 46 236 178 139 61 241 102 78 81 201 245 47 138 144 153 69 193 198 27 204 103 16 59 197 132 4 157 224 202 5 192 107 169 158 50 48 42 77 7 127 116 22 199 10 79 240 242 247 254 148 226 239 122 133 220 205 174 149 119 96 101 200 170 70 176 146 237 235 208 183 214 65 24 203 225 234 166 98 182 184 83 104 206 215 229 152 8 124 95 186 1 106 135 45 111 93 160 34 154 89 219 246 100 13 207 52 62 94 131 97 126 6 196 143 185 238 121 230 17 227 39 11 180 68 217 161 168 26 51 20 72 15 18 37 251 134 171 232 28 41 108 31 140 76 63 38 66 173 3 120 222 91 249 188 30 73 115 128 82 57 165 155 209 172 162 181 136 43 14 44 33 179 85 54 141 58 252 86 248 19 125 29 55 87 228 60 145 189 117 114 253 244 212 
	Fitness: 49343688

Generacion 8
	Solucion: 171 134 22 92 191 167 159 56 164 64 177 23 9 90 211 163 2 137 216 194 105 247 49 67 110 94 210 218 71 250 223 40 109 35 213 113 123 118 80 32 0 147 231 138 130 175 84 255 150 36 156 120 233 243 112 74 152 187 196 21 25 129 115 46 236 208 139 61 241 83 78 53 201 183 238 88 144 153 69 193 126 124 204 43 182 59 245 132 4 157 14 13 70 111 181 98 212 221 48 68 77 7 127 66 151 199 86 79 240 242 75 227 148 96 239 122 133 220 1 174 214 206 135 15 81 63 203 200 176 99 235 178 197 149 65 24 5 225 234 166 169 16 184 102 104 97 215 229 12 8 27 95 186 179 106 226 45 192 93 160 34 154 89 219 246 100 202 207 52 62 131 142 119 198 237 146 143 185 47 121 230 17 254 39 11 180 42 107 31 168 26 195 20 37 76 51 72 145 50 57 165 155 10 224 209 117 101 249 38 161 116 54 136 188 103 28 41 18 162 30 173 87 190 19 217 128 85 33 158 6 91 108 44 73 205 172 3 141 58 252 55 248 232 125 29 222 82 228 60 251 189 140 114 253 244 170 
	Fitness: 48966848

Generacion 9
	Solucion: 171 134 22 92 191 167 159 56 164 64 177 23 9 90 211 163 2 137 216 194 105 247 49 67 110 94 210 218 71 250 223 40 109 35 213 113 123 118 80 32 0 147 231 138 130 175 84 255 150 36 156 120 233 243 112 74 152 187 196 21 25 129 115 46 236 208 139 61 241 83 78 53 201 183 238 88 144 153 69 193 126 124 204 43 182 59 245 132 4 157 14 13 70 111 181 98 212 221 48 68 77 7 127 66 151 199 86 79 240 242 75 227 148 96 239 122 133 220 1 174 214 206 135 15 81 63 203 200 176 99 235 178 197 149 65 24 5 225 234 166 169 16 184 102 104 97 215 229 12 8 27 95 186 179 106 226 45 192 93 160 34 154 89 219 246 100 202 207 52 62 131 142 119 198 237 146 143 185 47 121 230 17 254 39 11 180 42 107 31 168 26 195 20 37 76 51 72 145 50 57 165 155 10 224 209 117 101 249 38 161 116 54 136 188 103 28 41 18 162 30 173 87 190 19 217 128 85 33 158 6 91 108 44 73 205 172 3 141 58 252 55 248 232 125 29 222 82 228 60 251 189 140 114 253 244 170 
	Fitness: 48966848

Generacion 10
	Solucion: 134 82 253 92 191 167 159 56 164 64 177 23 9 90 211 163 2 137 216 105 194 247 49 67 110 94 210 218 71 250 223 40 109 35 213 113 123 118 80 32 0 147 231 138 130 175 84 255 150 36 156 120 233 243 112 74 152 187 196 21 25 129 115 46 236 208 50 61 241 83 78 53 201 183 238 88 144 153 69 193 126 124 204 43 182 59 245 132 4 157 14 13 70 111 181 98 212 221 48 68 77 7 127 66 151 199 86 79 240 242 75 227 148 96 239 122 133 220 1 174 214 206 135 15 81 63 39 200 176 99 235 178 197 149 65 24 5 225 234 166 169 16 184 102 104 97 215 229 12 8 27 95 186 179 106 226 45 192 93 160 34 154 89 219 246 100 202 207 52 62 131 142 119 198 237 146 143 185 47 121 230 17 254 203 11 180 42 107 31 168 26 195 20 37 76 51 72 145 139 57 165 155 10 224 209 117 101 249 38 161 116 54 136 188 103 28 41 18 162 30 173 87 190 19 217 128 85 33 158 6 91 108 44 73 205 172 3 141 58 252 251 171 29 170 222 244 55 232 60 189 228 125 140 248 22 114 
	Fitness: 48795654

Generacion 11
	Solucion: 171 134 31 92 191 167 159 56 164 64 177 23 9 90 211 163 2 137 216 194 105 247 49 67 110 142 210 218 71 250 223 40 109 35 213 113 123 118 80 32 0 147 231 88 130 175 84 255 150 36 156 99 190 243 112 74 12 187 53 21 25 129 195 46 236 208 139 61 241 102 78 229 201 183 238 154 144 153 69 193 198 27 204 43 16 59 245 132 4 157 14 202 119 192 181 98 212 221 47 42 77 7 52 66 151 199 86 79 240 242 75 254 148 96 239 122 133 220 1 174 214 97 226 15 81 107 203 200 179 120 235 178 197 149 65 24 5 225 234 19 169 182 205 83 104 206 215 196 152 8 124 95 186 146 106 135 45 111 93 160 34 138 89 219 246 100 13 207 127 62 131 94 70 126 73 176 143 185 48 121 230 17 227 39 11 180 68 63 22 168 101 115 20 37 76 51 72 145 50 57 165 155 10 224 209 117 26 249 38 161 116 54 136 188 103 28 41 18 162 30 173 87 233 166 217 128 85 33 158 6 91 108 44 237 184 172 3 141 58 252 55 248 232 125 29 222 82 228 60 251 189 140 114 253 244 170 
	Fitness: 48650856

Generacion 12
	Solucion: 171 134 31 92 191 167 159 56 164 64 177 23 9 90 211 163 2 137 216 194 105 247 49 67 110 142 210 218 71 250 223 40 109 35 213 113 123 118 80 32 0 147 231 154 130 175 84 255 150 36 156 120 233 243 112 74 152 187 196 21 25 129 115 46 236 208 50 61 241 83 78 53 201 183 238 88 144 153 69 193 126 124 204 43 182 59 245 132 4 157 14 13 70 111 181 98 212 221 48 68 77 7 127 66 151 199 86 79 240 242 75 227 148 96 239 122 133 220 1 174 214 206 135 15 81 63 39 200 176 99 235 178 197 149 65 24 5 225 234 166 169 16 184 102 104 97 215 229 12 8 27 95 186 179 106 226 45 192 93 160 34 138 89 219 246 100 202 207 52 62 131 94 119 198 73 146 143 185 47 121 230 17 254 203 11 180 42 107 22 168 101 195 20 37 76 51 72 145 139 57 165 155 10 224 209 117 26 249 38 161 116 54 136 188 103 28 41 18 162 30 173 87 190 19 217 128 85 33 158 6 91 108 44 237 205 172 3 141 58 252 55 248 232 125 29 222 82 228 60 251 189 140 114 253 244 170 
	Fitness: 48536722

Generacion 13
	Solucion: 221 82 253 92 191 167 159 56 164 64 177 23 9 90 211 163 2 137 216 105 194 247 49 67 110 142 170 218 71 250 223 40 109 35 213 113 123 118 80 32 0 147 231 138 130 175 84 255 150 36 156 101 233 243 112 74 12 187 181 21 25 129 115 46 236 208 139 61 241 83 78 53 201 245 47 88 144 153 69 193 198 27 204 103 16 59 197 132 4 157 224 202 5 192 107 169 158 50 48 42 77 7 127 116 22 199 10 79 240 242 75 254 148 226 239 122 133 220 72 174 214 119 96 15 146 165 205 200 176 237 235 178 183 149 65 24 70 225 234 166 98 182 184 102 104 206 215 229 152 8 124 95 186 1 106 135 45 111 93 160 34 154 89 219 246 100 13 207 52 62 94 121 97 126 6 196 143 185 57 131 230 17 227 39 11 180 68 26 136 155 14 145 117 161 238 195 37 189 134 171 210 249 86 212 209 20 99 168 38 179 66 54 31 188 43 28 41 18 162 30 173 87 190 19 81 128 252 33 63 120 91 29 44 73 203 125 3 141 58 85 55 248 232 172 108 222 251 228 60 217 51 244 140 76 151 114 
	Fitness: 48302914

Generacion 14
	Solucion: 139 82 253 92 191 167 159 56 164 64 177 23 9 90 211 163 2 137 216 105 194 247 49 67 110 142 210 218 71 250 223 40 109 35 213 113 123 118 80 32 0 147 231 154 130 175 84 255 150 36 156 120 233 243 112 74 12 187 81 21 25 129 189 46 236 208 221 61 241 102 78 53 201 245 47 88 144 153 69 193 198 27 204 43 16 59 183 132 4 157 212 202 203 192 107 98 195 134 171 42 77 7 52 66 31 199 86 79 240 242 75 254 148 226 239 122 133 220 99 174 214 119 96 14 200 170 97 229 1 15 235 178 197 149 65 24 5 225 234 19 169 182 205 83 104 206 215 196 152 8 124 95 186 146 106 135 45 111 93 160 34 138 89 219 246 100 13 207 127 62 131 94 70 126 73 176 143 185 48 121 230 17 227 39 11 180 68 63 22 168 101 115 20 37 76 51 72 145 50 57 165 155 10 224 209 117 26 249 38 161 116 54 136 188 103 28 41 18 162 30 173 87 190 166 217 128 85 33 158 6 91 108 44 237 184 172 3 141 58 252 55 248 232 125 29 222 251 228 60 181 179 244 140 238 151 114 
	Fitness: 48207722

Generacion 15
	Solucion: 221 82 253 92 191 167 159 56 164 64 177 23 9 90 211 163 2 137 216 105 194 247 49 67 110 142 165 218 71 250 223 40 109 35 213 24 123 118 80 32 0 147 231 138 130 175 84 255 150 36 156 238 233 243 112 74 12 187 120 21 25 129 115 46 236 189 139 61 241 102 78 53 201 245 47 88 144 153 69 193 198 27 204 168 182 59 183 132 4 157 210 13 179 192 81 98 63 50 48 42 77 7 52 72 113 199 20 79 240 242 75 254 148 96 239 122 133 220 205 174 149 97 226 101 200 170 5 176 146 237 235 178 197 214 65 22 203 225 234 166 169 16 184 83 104 206 215 196 152 8 124 252 186 1 106 135 45 111 93 160 34 154 89 219 246 100 202 207 127 62 131 121 119 126 6 229 143 117 57 94 230 17 227 39 11 180 68 217 161 103 26 51 10 116 15 18 37 208 134 171 212 155 86 224 209 185 181 249 38 31 66 54 136 188 76 28 41 195 162 30 173 87 190 19 107 128 85 33 158 99 91 108 44 73 70 125 3 141 58 95 55 248 232 172 29 222 251 228 60 14 145 244 140 43 151 114 
	Fitness: 48102452

Generacion 16
	Solucion: 221 82 253 92 191 167 159 56 164 64 177 23 9 90 211 163 2 137 216 105 194 247 49 67 110 142 212 218 71 250 223 40 109 35 213 31 123 118 80 32 0 147 231 154 130 175 84 255 150 36 156 107 233 243 112 74 12 187 120 21 25 129 115 46 236 189 139 61 241 102 78 53 201 245 47 88 144 153 69 193 198 27 204 168 182 59 183 132 4 157 210 13 179 192 81 98 63 50 48 42 77 7 52 72 113 199 20 79 240 242 75 254 148 96 239 122 133 220 205 174 149 97 226 101 200 170 5 176 146 237 235 178 197 214 65 24 119 225 234 19 169 16 99 83 104 206 215 196 152 8 124 95 186 1 106 135 45 111 93 160 34 138 89 219 246 100 202 207 127 62 131 94 70 126 73 229 143 185 171 121 230 17 227 39 11 180 68 195 22 43 14 208 86 37 76 51 66 145 134 57 165 155 10 224 209 117 26 249 38 161 116 54 136 188 103 28 41 18 162 30 173 87 190 166 217 128 85 33 158 6 91 108 44 15 184 172 3 141 58 252 55 248 232 125 29 222 251 228 60 181 203 244 140 238 151 114 
	Fitness: 47855788

Generacion 17
	Solucion: 221 82 253 92 191 167 159 56 164 64 177 23 9 90 211 163 2 137 216 105 194 247 49 67 110 142 165 218 71 250 223 40 109 35 213 22 123 118 80 32 0 147 231 154 130 175 84 255 150 36 156 238 233 243 112 74 12 187 120 21 25 129 115 46 236 189 139 61 241 102 78 53 201 245 47 88 144 153 69 193 198 27 204 168 16 59 183 132 4 157 210 202 179 192 81 98 63 50 57 42 77 7 52 72 113 199 20 79 240 242 75 254 148 226 239 122 133 220 184 174 214 119 96 14 200 170 97 229 1 15 235 178 197 149 65 24 5 225 234 19 169 182 205 83 104 206 215 196 152 8 124 95 186 146 106 135 45 111 93 160 34 138 89 219 246 100 13 207 127 62 131 94 70 126 73 176 143 185 48 121 230 17 227 39 11 180 68 217 161 103 26 51 10 116 237 18 37 208 134 171 212 155 86 224 209 117 181 249 38 31 66 54 136 188 76 28 41 195 162 30 173 87 190 166 107 128 85 33 158 99 91 108 44 6 203 125 3 141 58 252 55 248 232 172 29 222 251 228 60 101 145 244 140 43 151 114 
	Fitness: 47757876

Generacion 18
	Solucion: 221 82 253 92 191 167 159 56 164 64 177 23 9 90 211 163 2 137 216 105 194 247 49 67 110 142 165 218 71 250 223 40 109 35 213 22 123 118 80 32 0 147 231 14 130 175 84 255 150 36 156 238 233 243 112 74 12 187 120 21 25 129 115 46 236 189 139 61 241 102 78 53 201 245 47 88 144 153 69 193 198 27 204 168 16 59 183 132 4 157 210 202 179 192 81 98 63 50 57 42 77 7 52 72 113 199 20 79 240 242 75 254 148 96 239 122 133 220 184 174 214 97 226 101 200 170 203 229 1 15 235 178 197 149 65 24 5 225 234 166 169 182 205 83 104 206 215 196 152 8 124 95 186 146 106 135 45 111 93 160 34 138 89 219 246 100 13 207 127 62 131 94 70 126 73 176 143 185 48 121 230 17 227 39 11 180 68 217 161 103 26 51 10 116 237 18 37 208 134 171 212 155 86 224 209 117 181 249 38 31 66 54 136 188 76 28 41 195 162 30 173 87 190 19 107 128 85 33 158 99 91 108 44 6 119 125 3 141 58 252 55 248 232 172 29 222 251 228 60 154 145 244 140 43 151 114 
	Fitness: 47642034

Generacion 19
	Solucion: 221 82 253 92 191 167 159 56 164 64 177 23 9 90 211 163 2 137 216 105 194 247 49 67 110 142 224 218 71 250 223 40 109 35 213 22 123 118 80 32 0 147 231 154 130 175 84 255 150 36 156 76 233 243 112 74 12 187 120 21 25 129 115 46 236 189 139 61 241 102 78 53 201 245 47 88 144 98 69 193 198 27 204 103 182 59 183 132 4 157 165 13 116 192 107 153 63 50 57 42 77 7 52 72 113 199 86 79 240 242 75 254 148 96 239 122 133 220 205 174 149 97 226 101 200 170 5 176 146 237 235 178 197 214 65 24 119 225 234 166 173 16 208 83 104 206 215 196 152 8 124 95 186 1 106 135 45 111 93 160 34 138 89 219 246 100 202 207 127 62 131 94 70 126 73 229 143 185 171 121 230 17 227 39 11 180 68 217 161 168 26 51 10 179 15 18 37 184 134 48 212 155 20 210 209 117 181 249 38 31 66 54 136 188 238 28 41 195 162 30 169 87 190 19 81 128 85 33 158 99 91 108 44 6 203 125 3 141 58 252 55 248 232 172 29 222 251 228 60 14 145 244 140 43 151 114 
	Fitness: 47619810

Generacion 20
	Solucion: 221 82 253 92 191 167 159 56 164 64 177 23 9 90 211 163 2 137 216 105 194 247 49 67 110 142 165 218 71 250 223 40 109 35 213 22 123 118 80 63 0 147 231 14 130 175 84 255 150 36 156 238 233 243 112 74 12 187 120 21 25 129 115 46 236 189 139 61 241 102 78 53 201 245 47 88 144 153 69 193 198 27 204 168 16 59 183 132 4 157 224 202 179 192 107 98 32 50 57 42 77 7 52 66 113 199 20 79 240 242 75 254 148 96 239 122 133 220 184 174 214 97 226 101 200 170 203 229 1 15 235 178 197 149 65 24 5 225 234 166 169 182 205 83 104 206 215 196 152 8 124 95 186 146 106 135 45 111 93 160 34 138 89 219 246 100 13 207 127 62 131 94 70 126 73 176 143 185 48 121 230 17 227 39 11 180 68 217 161 103 26 51 10 116 237 18 37 208 134 171 212 155 86 210 209 117 181 249 38 31 72 54 136 188 76 28 41 195 162 30 173 87 190 19 81 128 85 33 158 99 91 108 44 6 119 125 3 141 58 252 55 248 232 172 29 222 251 228 60 154 145 244 140 43 151 114 
	Fitness: 47449034

Generacion 21
	Solucion: 221 82 253 92 191 180 159 56 164 64 177 23 9 90 211 163 2 137 216 105 194 247 49 67 110 142 212 218 71 250 223 40 109 35 213 161 123 118 80 63 0 147 231 181 130 175 84 255 150 36 156 238 233 243 112 74 12 187 120 21 25 129 115 46 236 189 139 61 241 102 78 53 185 245 47 88 144 153 69 193 198 27 204 168 16 59 183 132 4 157 224 202 179 192 107 98 32 50 171 42 77 7 52 116 113 199 20 79 240 242 75 254 148 96 239 122 133 220 184 174 214 97 226 101 200 170 70 229 1 15 235 178 197 149 65 24 5 225 234 166 169 182 205 83 104 206 215 196 152 8 124 95 186 146 106 135 45 111 93 160 34 138 89 219 246 100 13 207 127 62 131 121 203 126 73 176 143 201 48 94 230 17 227 39 11 167 68 195 22 43 14 208 86 37 76 51 66 145 134 57 165 155 10 210 209 117 26 249 38 31 72 54 136 188 237 28 41 217 162 30 173 87 190 19 81 128 85 33 158 99 91 108 44 6 119 125 3 141 58 252 55 248 232 172 29 222 251 228 60 154 18 244 140 103 151 114 
	Fitness: 47421310

Generacion 22
	Solucion: 221 82 253 92 191 167 192 56 164 64 177 23 9 90 211 163 2 137 216 105 194 247 49 67 110 142 165 218 71 250 223 40 109 35 213 22 123 118 80 63 0 147 231 14 130 175 84 255 150 36 156 238 233 243 112 74 12 187 120 21 25 129 115 46 236 189 139 61 241 102 78 53 185 245 47 88 144 153 69 193 198 27 204 168 16 59 183 132 4 157 224 202 179 159 107 98 32 50 171 42 77 7 52 116 39 199 20 79 240 242 75 254 148 96 239 122 133 220 184 174 214 97 226 101 200 170 70 229 1 15 235 178 197 149 65 24 5 225 234 166 169 182 205 83 104 206 215 196 152 8 124 95 186 146 106 135 45 111 93 160 34 138 89 219 246 100 13 207 127 62 131 94 203 126 73 176 143 201 48 121 230 17 227 113 11 180 68 217 31 103 26 51 10 72 237 18 37 158 134 57 212 155 86 210 209 117 181 249 38 161 66 54 136 188 76 28 41 195 162 30 173 87 190 19 81 128 85 33 208 99 91 108 44 6 119 125 3 141 58 252 55 248 232 172 29 222 251 228 60 154 145 244 140 43 151 114 
	Fitness: 47291582

Generacion 23
	Solucion: 221 82 253 92 191 180 159 56 164 64 183 23 9 90 211 163 2 137 216 105 194 247 49 67 110 142 212 218 71 250 223 40 109 35 213 161 123 118 80 63 0 44 231 181 130 175 84 255 150 36 156 238 233 243 112 74 12 187 120 21 25 129 115 46 236 189 139 61 241 102 78 53 185 245 47 88 144 153 69 193 198 27 204 168 16 59 177 132 4 157 224 202 179 192 107 98 32 50 171 42 77 7 52 116 113 199 20 79 240 242 75 254 148 96 239 122 133 220 184 174 195 97 226 101 200 170 70 229 1 15 235 178 197 149 65 24 5 225 234 166 169 182 205 83 104 206 215 196 152 8 124 95 186 146 106 135 45 111 93 160 34 138 89 219 246 100 13 207 127 62 131 121 203 126 73 176 143 201 48 94 230 17 227 39 11 167 68 214 22 103 14 208 86 37 76 51 66 145 134 57 165 155 10 210 209 117 26 249 38 31 72 54 136 188 237 28 41 217 162 30 173 87 190 19 81 128 85 33 158 99 91 108 147 6 119 125 3 141 58 252 55 248 232 172 29 222 251 228 60 154 18 244 140 43 151 114 
	Fitness: 47190178

Generacion 24
	Solucion: 221 82 253 92 191 167 159 56 164 64 177 23 9 90 211 163 2 137 216 105 194 247 49 67 110 142 212 218 71 250 223 40 109 35 213 22 123 118 80 63 0 44 231 181 130 175 84 255 150 36 156 238 233 243 112 74 12 187 120 21 25 129 115 46 236 189 139 61 241 102 78 53 185 245 47 88 144 153 69 193 198 27 204 168 16 59 183 132 4 157 224 202 179 192 107 98 32 50 171 42 77 207 52 116 39 199 20 79 240 242 75 254 148 96 239 122 133 220 184 174 214 97 226 101 200 170 70 229 1 15 235 178 197 149 65 24 5 225 234 166 169 182 205 83 104 206 215 196 152 8 124 95 186 146 106 135 45 111 93 160 34 138 89 219 246 100 13 7 127 62 131 94 203 126 73 176 143 201 48 121 230 17 227 113 11 180 68 195 161 103 14 208 86 37 76 51 66 145 134 57 165 155 10 210 209 117 26 249 38 31 72 54 136 188 237 28 41 217 162 30 173 87 190 19 81 128 85 33 158 99 91 108 147 6 119 125 3 141 58 252 55 248 232 172 29 222 251 228 60 154 18 244 140 43 151 114 
	Fitness: 47176484

Generacion 25
	Solucion: 221 82 253 92 191 167 192 56 164 64 177 23 9 90 211 163 2 137 216 105 194 247 49 67 110 142 212 218 71 250 223 40 109 35 213 161 123 118 80 63 0 44 231 181 130 175 84 255 150 36 156 238 233 243 112 74 12 187 120 21 25 129 115 46 236 189 139 61 241 102 78 53 185 245 47 88 144 153 69 193 198 27 204 168 16 59 183 132 4 157 224 202 179 159 107 98 32 50 171 42 77 7 52 116 113 199 20 79 240 242 75 254 148 96 239 122 133 220 184 174 195 97 226 101 200 170 70 229 1 15 235 178 197 149 65 24 5 225 234 166 169 182 205 83 104 206 215 196 152 8 124 95 186 146 106 135 45 111 93 160 34 138 22 219 246 100 13 207 127 62 131 94 203 126 73 176 143 201 48 121 230 17 227 39 11 180 68 217 31 103 26 51 10 72 237 18 37 158 134 57 165 155 86 210 209 117 14 249 38 89 66 54 136 188 76 28 41 214 162 30 173 87 190 19 81 128 85 33 145 99 91 108 147 6 119 125 3 141 58 252 55 248 232 172 29 222 251 228 60 154 208 244 140 43 151 114 
	Fitness: 47120318

Generacion 26
	Solucion: 221 82 253 92 191 180 159 56 164 64 177 23 9 90 211 163 2 137 216 105 194 247 49 67 110 142 165 218 71 250 223 40 109 35 213 22 123 118 80 63 0 44 231 14 130 175 84 255 150 36 156 238 233 243 112 74 12 187 120 21 25 129 115 46 236 189 139 61 241 102 78 53 185 245 47 88 144 153 69 193 198 27 204 168 16 59 183 132 4 157 224 202 179 192 107 98 32 50 171 42 77 7 52 116 113 199 20 79 240 242 75 254 148 96 239 122 133 220 184 174 214 97 226 101 200 170 70 229 1 15 235 178 197 149 65 24 5 225 234 166 169 182 205 83 104 206 215 196 152 8 124 95 186 146 106 135 45 111 93 160 34 138 89 219 246 100 13 207 127 62 131 94 203 126 73 176 143 201 48 121 230 17 227 39 11 167 68 217 31 103 26 51 10 72 237 18 37 208 134 57 212 155 86 210 209 117 181 249 38 66 161 54 136 188 76 28 41 195 162 30 173 87 190 19 81 128 85 33 158 99 91 108 147 6 119 125 3 141 58 252 55 248 232 172 29 222 251 228 60 154 145 244 140 43 151 114 
	Fitness: 47056946

Generacion 27
	Solucion: 221 82 253 92 191 180 159 56 164 64 183 23 9 90 211 163 2 137 216 105 194 247 49 67 110 142 165 218 71 250 223 40 109 35 213 161 123 118 80 63 0 44 231 14 130 175 84 255 150 36 156 238 233 243 112 74 12 187 120 21 25 129 115 46 236 189 139 61 241 102 78 53 185 245 47 88 144 153 69 193 198 27 204 168 16 59 177 132 4 157 224 202 179 192 107 98 32 50 171 42 77 7 52 116 113 199 20 79 240 242 75 254 148 96 239 122 133 220 184 174 195 97 226 101 200 170 70 229 1 15 235 178 197 149 65 24 5 225 234 166 169 182 205 83 104 206 215 196 152 8 124 95 186 146 106 135 45 111 93 160 34 138 89 219 246 100 13 207 127 62 131 121 203 126 73 176 143 201 48 94 230 17 227 39 11 167 68 214 22 103 181 145 10 37 76 51 66 208 134 57 212 155 86 210 209 117 26 249 38 31 72 54 136 188 237 28 41 217 162 30 173 87 190 19 81 128 85 33 158 99 91 108 147 6 119 125 3 141 58 252 55 248 232 172 29 222 251 228 60 154 18 244 140 43 151 114 
	Fitness: 47037256

Generacion 28
	Solucion: 221 82 253 92 191 180 159 56 164 64 183 23 9 90 211 163 2 137 216 105 194 247 49 67 110 142 165 218 71 250 223 40 109 35 213 161 123 118 80 63 0 44 231 14 130 175 84 255 150 36 156 238 233 243 112 74 12 187 120 21 25 129 115 46 236 189 139 61 241 102 78 53 185 245 47 88 144 153 69 193 198 27 204 168 16 59 177 132 4 157 224 202 179 192 107 98 32 50 171 42 77 7 52 116 113 199 20 79 240 242 75 254 148 96 239 122 133 220 184 174 195 97 226 101 200 170 70 229 1 15 235 178 197 149 65 24 5 225 234 166 169 182 205 83 104 206 215 196 152 8 124 95 186 146 106 135 45 111 93 160 34 138 89 219 246 100 13 207 127 62 131 121 203 126 73 176 143 201 48 94 230 17 227 39 11 167 68 214 22 103 181 145 10 37 76 51 66 208 134 57 212 155 86 210 209 117 26 249 38 31 72 54 136 188 237 28 41 217 162 30 173 87 190 19 81 128 85 33 158 99 91 108 147 6 119 125 3 141 58 252 55 248 232 172 29 222 251 228 60 154 18 244 140 43 151 114 
	Fitness: 47037256

Generacion 29
	Solucion: 221 82 253 92 191 180 192 56 164 64 183 23 9 90 211 163 2 137 216 105 194 247 49 67 110 142 165 218 71 250 223 40 109 35 213 161 123 118 80 63 0 44 231 14 130 175 84 255 150 36 156 238 233 243 112 74 12 187 120 21 25 129 115 46 236 189 139 61 241 102 78 53 185 245 47 88 144 153 69 193 198 27 204 168 16 59 177 132 4 157 224 202 179 159 107 98 32 50 171 42 77 7 52 116 113 199 20 79 240 242 75 254 148 96 239 122 133 220 184 174 214 97 226 101 200 170 70 229 1 15 235 178 197 149 65 24 5 225 234 166 169 182 205 83 104 206 215 196 152 8 124 95 186 146 106 135 45 111 93 160 34 138 89 219 246 100 13 207 127 62 131 121 203 126 73 176 143 201 48 94 230 17 227 39 11 167 68 195 22 103 181 51 10 66 76 18 37 145 134 57 212 155 86 210 209 117 26 249 38 31 72 54 136 188 237 28 41 217 162 30 173 87 190 19 81 128 85 33 158 99 91 108 147 6 119 125 3 141 58 252 55 248 232 172 29 222 251 228 60 154 208 244 140 43 151 114 
	Fitness: 47018704

Generacion 30
	Solucion: 221 82 253 92 191 180 192 56 164 64 183 23 9 90 211 163 2 137 216 105 194 247 49 67 110 142 165 218 71 250 223 40 109 35 213 161 123 118 80 63 0 44 231 14 130 175 84 255 150 36 156 238 233 243 112 74 12 187 120 21 25 129 115 46 236 189 139 61 241 102 78 53 185 245 47 88 144 153 69 193 198 27 204 168 16 59 177 132 4 157 224 202 179 159 107 98 32 50 171 42 77 7 52 116 113 199 20 79 240 242 75 254 148 96 239 122 133 220 184 174 214 97 226 101 200 170 70 229 1 15 235 178 197 149 65 24 5 225 234 166 169 182 205 83 104 206 215 196 152 8 124 95 186 146 106 135 45 111 93 160 34 138 89 219 246 100 13 207 127 62 131 121 203 126 73 176 143 201 48 94 230 17 227 39 11 167 68 195 22 103 181 51 10 66 76 18 37 145 134 57 212 155 86 210 209 117 26 249 38 31 72 54 136 188 237 28 41 217 162 30 173 87 190 19 81 128 85 33 158 99 91 108 147 6 119 125 3 141 58 252 55 248 232 172 29 222 251 228 60 154 208 244 140 43 151 114 
	Fitness: 47018704

Generacion 31
	Solucion: 221 82 253 92 191 180 192 56 164 64 70 23 9 90 211 163 2 137 216 105 194 247 49 67 110 142 165 218 71 250 223 40 109 35 213 161 123 118 80 63 0 44 231 14 130 175 84 255 150 36 156 238 233 243 112 74 12 187 120 21 25 129 115 46 236 189 139 61 241 102 78 53 185 245 47 88 144 153 69 193 198 27 204 168 16 59 183 132 4 157 224 202 179 159 107 98 32 50 171 42 77 7 52 116 113 199 20 79 240 242 75 254 148 96 239 122 133 220 184 174 214 97 226 101 200 170 177 229 1 15 235 178 197 149 65 24 5 225 234 166 169 182 205 83 104 206 215 196 152 8 124 95 186 146 106 135 45 111 93 160 34 138 89 219 246 100 13 207 127 62 131 121 203 126 73 176 143 201 48 94 230 17 227 39 11 167 68 195 22 103 181 145 10 37 76 51 66 208 134 57 212 155 86 210 209 33 26 249 38 31 72 54 136 188 237 28 41 217 162 30 173 87 190 19 81 128 85 117 158 99 91 108 147 6 119 125 3 141 58 252 55 248 232 172 29 222 251 228 60 154 18 244 140 43 151 114 
	Fitness: 46909944

Generacion 32
	Solucion: 221 82 253 92 191 180 192 56 164 64 177 23 9 90 211 163 2 137 216 105 194 247 49 67 110 142 165 218 71 47 223 40 109 35 213 161 123 118 80 63 0 44 231 14 130 175 84 255 150 36 156 238 233 243 112 74 12 187 120 21 25 129 115 97 236 189 139 61 241 102 78 53 185 245 250 88 144 153 69 193 198 27 204 168 16 59 183 132 4 157 224 202 179 159 107 98 32 50 171 42 77 7 52 116 113 199 20 79 240 242 75 254 148 96 239 122 133 220 184 174 214 46 226 101 72 170 70 229 1 15 235 178 197 149 65 24 5 225 234 166 169 182 205 83 104 206 215 196 152 8 124 95 186 146 106 135 45 111 93 160 34 138 89 219 246 100 13 207 127 62 131 121 203 126 73 176 143 201 48 94 230 17 227 39 11 167 68 195 22 103 181 145 10 37 76 51 66 208 134 57 212 155 86 210 209 117 26 249 38 31 200 54 136 188 237 28 41 217 162 30 173 87 190 19 81 128 85 33 158 99 91 108 147 6 119 125 3 141 58 252 55 248 232 172 29 222 251 228 60 154 18 244 140 43 151 114 
	Fitness: 46864594

Generacion 33
	Solucion: 221 82 253 92 191 180 192 56 164 64 177 23 9 90 211 163 2 137 216 105 194 247 49 67 110 142 165 218 71 47 223 40 109 35 213 161 123 118 80 63 0 44 231 14 130 175 84 255 150 36 156 238 233 243 112 74 12 187 120 21 25 129 115 97 236 189 139 61 241 102 78 53 185 245 250 88 144 153 69 193 198 27 204 168 16 59 183 132 4 157 224 202 179 159 107 98 32 50 171 42 77 7 52 116 113 199 20 79 240 242 75 254 148 96 239 122 133 220 184 174 214 46 226 101 72 170 70 229 1 15 235 178 197 149 65 24 5 225 234 166 169 182 205 83 104 206 215 196 152 8 124 95 186 146 106 135 45 111 93 160 34 138 89 219 246 100 13 207 127 62 131 121 203 126 73 176 143 201 48 94 230 17 227 39 11 167 68 195 22 103 181 145 10 37 76 51 66 208 134 57 212 155 86 210 209 117 26 249 38 31 200 54 136 188 237 28 41 217 162 30 173 87 190 19 81 128 85 33 158 99 91 108 147 6 119 125 3 141 58 252 55 248 232 172 29 222 251 228 60 154 18 244 140 43 151 114 
	Fitness: 46864594

Generacion 34
	Solucion: 221 82 253 92 191 180 192 56 164 64 183 23 9 90 211 163 2 137 216 105 194 247 49 67 110 142 165 218 71 47 223 40 109 35 213 161 123 118 80 63 0 44 231 14 130 175 84 255 150 36 156 238 233 243 112 74 12 187 120 21 25 129 115 97 236 189 139 61 241 102 78 53 185 245 250 88 144 153 69 193 198 27 204 168 16 59 70 132 4 157 224 202 179 159 107 98 32 50 171 42 77 7 52 116 113 199 20 79 240 242 75 254 148 96 239 122 133 220 184 174 214 46 226 101 72 170 177 229 1 15 235 178 197 149 65 24 5 225 234 166 169 182 205 83 104 206 215 196 152 8 124 95 186 146 106 135 45 111 93 160 34 138 89 219 246 100 13 207 127 62 131 121 203 126 73 176 143 201 48 94 230 17 227 39 11 167 68 195 22 103 181 145 10 37 76 51 66 208 134 57 212 155 86 210 209 117 26 249 38 31 200 54 136 188 237 28 41 217 162 30 173 87 190 19 81 128 85 33 158 99 91 108 147 6 119 125 3 141 58 252 55 248 232 172 29 222 251 228 60 154 18 244 140 43 151 114 
	Fitness: 46755236

Generacion 35
	Solucion: 221 82 253 92 191 180 192 56 164 64 183 23 9 90 211 163 2 137 216 105 194 247 49 67 110 142 151 218 71 47 223 40 109 35 213 161 123 118 80 63 0 44 231 14 130 175 84 255 150 36 156 238 233 243 112 74 12 187 120 21 25 129 115 97 236 189 139 61 241 157 78 53 185 245 250 88 144 153 69 193 198 27 204 168 16 59 70 132 4 102 224 202 179 159 107 98 32 50 171 42 77 7 52 116 113 199 20 79 240 242 75 254 148 96 239 122 133 220 184 174 214 46 226 101 72 170 177 229 1 15 235 178 197 149 65 24 5 225 234 166 169 182 205 83 104 206 215 196 152 8 124 95 186 146 106 135 45 111 93 160 34 138 89 219 246 100 13 207 127 62 131 121 203 126 73 176 143 201 48 94 230 17 227 39 11 167 68 195 22 103 181 145 10 37 76 51 66 208 134 57 212 155 86 210 209 117 26 249 38 31 200 54 136 188 237 28 41 217 162 30 173 87 190 19 81 128 85 33 158 99 91 108 147 6 119 125 3 141 58 252 55 248 232 172 29 222 251 228 60 154 18 244 140 43 165 114 
	Fitness: 46712976

Generacion 36
	Solucion: 221 82 253 92 191 180 192 56 142 64 70 23 9 90 211 163 2 137 216 105 194 247 49 67 110 58 165 218 71 47 223 40 109 35 213 161 123 118 80 63 0 44 231 14 130 175 84 255 150 36 156 238 233 243 112 74 12 187 120 21 25 129 115 97 236 189 139 61 241 102 78 53 185 245 250 88 144 153 69 193 198 27 204 168 16 59 183 132 4 157 224 202 179 159 107 98 32 50 171 42 77 7 52 116 113 199 20 79 240 242 75 254 148 96 239 122 133 220 184 174 214 46 226 101 200 170 177 229 1 15 235 178 197 149 65 24 5 225 234 166 169 182 205 83 104 206 215 196 152 8 124 95 186 146 106 135 45 111 93 160 34 138 89 219 246 100 13 207 127 62 131 121 203 126 73 176 143 201 48 94 230 17 227 39 11 167 68 195 22 103 181 145 10 37 76 51 66 208 134 57 212 155 86 210 209 117 26 249 38 31 72 54 136 188 237 28 41 217 162 30 173 87 190 19 81 128 85 33 158 99 91 108 147 6 119 125 3 141 164 252 55 248 232 172 29 222 251 228 60 154 18 244 140 43 151 114 
	Fitness: 46680730

Generacion 37
	Solucion: 221 82 253 92 191 180 192 56 164 64 183 23 9 90 211 163 2 137 216 105 194 247 49 67 110 142 151 218 71 47 223 40 109 35 213 161 123 118 80 63 0 44 231 14 130 175 100 255 150 36 156 238 233 243 112 74 12 187 120 21 25 129 115 97 236 189 139 61 241 157 78 53 185 245 250 88 144 153 69 193 198 27 204 168 16 59 70 132 4 102 224 202 179 159 107 98 32 50 171 42 77 7 52 116 113 199 20 79 240 242 75 254 148 96 239 122 133 220 184 174 214 46 226 101 72 170 177 229 1 15 235 178 197 149 65 24 5 225 234 166 169 182 205 83 104 206 215 196 152 8 124 95 186 146 106 135 45 87 93 160 34 138 89 219 246 84 13 207 127 62 131 121 203 126 73 176 143 201 48 94 230 17 227 39 11 167 68 195 22 103 181 145 10 37 76 51 66 208 134 57 212 155 86 210 209 117 26 249 38 31 200 54 136 188 237 28 41 217 162 30 173 111 190 19 81 128 85 33 158 99 91 108 147 6 119 125 3 141 58 252 55 248 232 172 29 222 251 228 60 154 18 244 140 43 165 114 
	Fitness: 46660432

Generacion 38
	Solucion: 221 82 253 92 191 180 192 56 58 64 70 23 9 90 211 163 2 137 216 105 194 247 49 67 110 142 165 218 71 47 223 40 109 35 213 161 123 118 80 63 228 44 231 14 130 175 84 255 150 36 156 238 233 243 112 74 12 187 120 21 25 129 115 97 236 189 139 61 241 102 78 53 185 245 250 88 144 153 69 193 198 27 204 168 16 59 183 132 4 157 224 202 179 159 107 98 32 50 171 42 77 7 52 116 113 199 20 79 240 242 75 254 148 96 239 122 133 219 184 174 214 46 226 101 200 170 177 229 1 15 235 178 197 149 65 24 5 225 234 166 169 182 205 83 104 206 215 196 152 8 124 95 186 146 106 135 45 87 93 160 34 138 89 220 246 100 13 207 127 62 131 121 203 126 73 176 143 201 48 94 230 17 227 39 11 167 68 195 22 103 181 145 10 37 76 51 66 208 134 57 212 155 86 210 209 117 26 249 38 31 72 54 136 188 237 28 41 217 162 30 173 111 190 19 81 128 85 33 158 99 91 108 147 6 119 125 3 141 164 252 55 248 232 172 29 222 251 0 60 154 18 244 140 43 151 114 
	Fitness: 46579442

Generacion 39
	Solucion: 221 82 253 92 191 180 192 56 58 64 70 23 9 90 211 163 2 137 216 105 194 247 49 67 110 142 165 218 71 47 223 40 109 35 213 161 123 118 80 63 228 44 231 14 130 175 84 255 150 36 156 238 233 243 112 74 12 187 120 21 25 129 115 97 236 189 139 61 241 102 78 53 185 245 250 88 144 153 69 193 198 27 204 168 16 59 183 132 4 157 224 202 179 159 107 98 32 50 171 42 77 7 52 116 113 199 20 79 240 242 75 254 148 96 239 122 133 219 184 174 214 46 226 101 200 170 177 229 1 15 235 178 197 149 65 24 5 225 234 166 169 182 205 83 104 206 215 196 152 8 124 95 186 146 106 135 45 87 93 160 34 138 89 220 246 100 13 207 127 62 131 121 203 126 73 176 143 201 48 94 230 17 227 39 11 167 68 195 22 103 181 145 10 37 76 51 66 208 134 57 212 155 86 210 209 117 26 249 38 31 72 54 136 188 237 28 41 217 162 30 173 111 190 19 81 128 85 33 158 99 91 108 147 6 119 125 3 141 164 252 55 248 232 172 29 222 251 0 60 154 18 244 140 43 151 114 
	Fitness: 46579442

Generacion 40
	Solucion: 221 82 253 92 191 180 192 56 58 64 70 23 9 90 211 163 2 137 216 105 194 247 49 67 110 142 165 218 71 47 223 40 109 35 213 161 123 118 80 63 228 44 231 14 130 175 100 255 150 36 156 238 233 243 112 74 12 187 120 21 25 129 115 97 236 189 139 61 241 102 78 53 185 245 250 88 144 153 69 193 198 27 204 168 16 59 183 132 4 157 224 202 179 159 107 98 32 50 171 42 77 7 52 116 113 199 20 79 240 242 75 254 127 96 239 122 133 220 184 174 214 46 226 101 72 170 177 229 1 15 235 178 197 149 65 24 5 225 234 166 169 182 205 83 104 206 215 196 152 8 124 95 186 146 106 135 45 87 93 160 34 138 89 219 246 84 13 207 148 62 131 121 203 126 73 176 143 201 48 94 230 17 227 39 11 167 68 195 22 103 181 145 10 37 76 51 66 208 134 57 212 155 86 210 209 33 26 249 38 31 200 54 136 188 237 28 41 217 162 30 173 111 190 19 81 128 85 117 158 99 91 108 147 6 119 125 3 141 164 252 55 248 232 172 29 222 251 0 60 154 18 244 140 43 151 114 
	Fitness: 46522876

Generacion 41
	Solucion: 221 82 253 92 191 180 192 56 58 64 70 23 9 90 211 163 2 137 216 105 194 247 49 67 110 142 165 218 71 47 223 40 109 35 213 161 123 118 80 63 228 44 231 14 130 175 100 255 150 36 156 238 233 243 112 74 12 187 120 21 25 129 115 97 236 189 139 61 241 102 78 6 185 245 250 88 144 153 69 193 198 27 204 168 16 59 183 132 4 157 224 202 179 159 107 98 32 50 171 42 77 7 52 116 113 199 20 79 240 242 75 254 148 96 239 122 133 220 184 174 214 46 226 101 200 197 177 229 1 15 235 178 217 149 65 24 5 225 234 166 169 182 205 83 104 206 215 196 152 8 124 95 186 146 106 135 45 111 93 160 34 138 89 219 246 84 13 207 127 62 131 121 203 126 73 176 143 201 48 94 230 17 227 39 11 167 68 195 22 103 181 145 10 37 76 51 28 208 134 57 212 155 86 210 209 117 26 249 38 31 72 54 136 188 237 66 41 170 162 30 173 87 190 19 81 128 85 33 158 99 91 108 147 53 119 125 3 141 164 252 55 248 232 172 29 222 251 0 60 154 18 244 140 43 151 114 
	Fitness: 46488476

Generacion 42
	Solucion: 221 82 253 92 191 180 192 56 58 64 70 23 9 90 211 163 2 137 216 105 194 247 49 67 110 142 165 218 71 47 223 40 109 35 213 161 123 118 80 63 228 44 231 14 130 175 100 255 150 36 156 238 233 243 112 74 12 187 120 21 25 129 115 97 236 189 139 61 241 102 78 53 185 245 250 88 144 153 69 38 198 27 204 168 16 59 183 132 4 157 224 202 179 159 107 98 32 50 171 42 77 7 52 116 113 199 20 79 240 242 75 254 127 96 239 122 133 220 184 174 214 46 226 101 72 170 177 229 1 15 235 178 197 149 65 24 5 225 234 166 169 182 205 83 104 206 215 196 152 8 124 95 186 146 106 135 45 111 93 160 34 138 89 219 246 84 13 207 148 62 131 121 203 126 73 176 143 201 48 94 230 17 227 39 11 167 68 195 22 103 181 145 10 37 76 51 66 208 134 57 212 155 86 210 209 117 26 249 193 31 200 54 136 188 237 28 41 217 162 30 173 87 190 19 81 128 85 33 158 99 91 108 147 6 119 125 3 141 164 252 55 248 232 172 29 222 251 0 60 154 18 244 140 43 151 114 
	Fitness: 46462356

Generacion 43
	Solucion: 221 82 253 92 191 180 192 56 58 64 70 23 9 90 211 163 2 137 216 105 194 247 49 67 110 142 165 218 71 47 223 40 109 35 213 161 123 118 80 63 228 44 231 14 130 175 100 255 150 36 156 238 233 243 112 74 12 187 120 21 25 129 115 97 236 189 139 61 241 102 78 53 185 245 250 88 144 153 69 38 198 27 204 168 16 59 183 132 4 157 224 202 179 159 107 98 32 50 171 42 77 7 52 116 113 199 20 79 240 242 75 254 127 96 239 122 133 220 184 174 214 46 226 101 72 170 177 229 1 15 235 178 197 149 65 24 5 225 234 166 169 182 205 83 104 206 215 196 152 8 124 95 186 146 106 135 45 111 93 160 34 138 89 219 246 84 13 207 148 62 131 121 203 126 73 176 143 201 48 94 230 17 227 39 11 167 68 195 22 103 181 145 10 37 76 51 66 208 134 57 212 155 86 210 209 117 26 249 193 31 200 54 136 188 237 28 41 217 162 30 173 87 190 19 81 128 85 33 158 99 91 108 147 6 119 125 3 141 164 252 55 248 232 172 29 222 251 0 60 154 18 244 140 43 151 114 
	Fitness: 46462356

Generacion 44
	Solucion: 221 82 253 92 191 180 192 56 58 64 70 23 9 90 211 163 2 137 216 105 194 247 49 67 110 142 165 218 71 47 223 40 109 35 213 161 123 118 80 63 228 44 231 14 130 175 100 255 150 36 156 238 233 243 112 74 12 187 120 21 25 129 115 97 236 189 139 61 241 102 78 6 185 245 250 88 144 153 69 38 198 27 204 168 16 59 183 132 4 157 224 202 179 159 107 98 32 50 171 42 77 7 52 116 113 199 20 79 240 242 75 254 127 96 239 122 133 220 184 174 214 46 226 101 72 170 177 229 1 15 235 178 217 149 65 24 5 225 234 166 169 182 205 83 104 206 215 196 152 8 124 95 186 146 106 135 45 111 93 160 34 138 89 219 246 84 13 207 148 62 131 121 203 126 73 176 143 201 48 94 230 17 227 39 11 167 68 195 22 103 181 145 10 37 76 51 28 208 134 57 212 155 86 210 209 117 26 249 193 31 200 54 136 188 237 66 41 197 162 30 173 87 190 19 81 128 85 33 158 99 91 108 147 53 119 125 3 141 164 252 55 248 232 172 29 222 251 0 60 154 18 244 140 43 151 114 
	Fitness: 46376154

Generacion 45
	Solucion: 221 82 253 92 191 180 192 56 58 64 70 23 9 90 211 163 2 137 216 105 194 247 49 67 110 142 165 218 71 47 223 40 109 35 213 161 123 118 80 63 228 44 231 14 130 175 100 255 150 36 156 238 233 243 112 74 12 187 120 21 25 129 115 97 236 189 139 61 241 102 78 6 185 245 250 88 144 153 69 38 198 27 204 168 16 59 183 132 4 157 224 202 179 159 107 98 32 50 171 42 77 7 52 116 113 199 20 79 240 242 75 254 127 96 239 122 133 220 184 174 214 46 226 101 72 170 177 229 1 15 235 178 217 149 65 24 5 225 234 166 169 182 205 83 104 206 215 196 152 8 124 95 186 146 106 135 45 111 93 160 34 138 89 219 246 84 13 207 148 62 131 121 203 126 73 176 143 201 48 94 230 17 227 39 11 167 68 195 22 103 181 145 10 37 76 51 28 208 134 57 212 155 86 210 209 117 26 249 193 31 200 54 136 188 237 66 41 197 162 30 173 87 190 19 81 128 85 33 158 99 91 108 147 53 119 125 3 141 164 252 55 248 232 172 29 222 251 0 60 154 18 244 140 43 151 114 
	Fitness: 46376154

Generacion 46
	Solucion: 221 82 253 92 191 180 192 56 58 64 70 23 9 90 211 163 2 137 216 105 194 247 49 67 110 142 165 218 71 33 223 40 109 35 213 161 123 118 80 63 228 44 231 14 130 175 100 255 150 36 156 238 233 243 112 74 12 187 120 21 25 129 115 97 236 189 139 61 241 102 78 6 185 245 250 88 144 153 69 38 198 27 204 168 16 59 183 132 4 157 224 202 179 159 107 98 32 50 171 42 77 7 52 116 113 199 20 79 240 242 75 254 148 96 239 122 133 220 184 174 214 46 226 101 200 170 177 229 1 15 235 178 217 149 65 24 5 225 234 166 169 182 205 83 104 206 215 196 152 8 124 95 186 146 106 135 45 111 93 160 34 138 89 219 3 84 13 207 127 62 131 121 203 126 73 176 143 201 48 94 230 17 227 39 11 167 68 195 22 103 181 145 10 37 76 51 28 208 134 57 212 155 86 210 209 117 26 249 193 31 72 54 136 188 237 66 41 197 162 30 173 87 190 19 81 128 85 47 158 99 91 108 147 53 119 125 246 141 164 252 55 248 232 172 29 222 251 0 60 154 18 244 140 43 151 114 
	Fitness: 46375822

Generacion 47
	Solucion: 221 82 253 92 191 180 192 56 58 64 70 23 9 90 211 163 2 137 216 105 194 247 49 67 110 142 165 218 71 33 223 40 109 35 213 161 123 118 80 63 228 44 231 14 130 175 100 255 150 36 156 238 233 243 112 74 12 187 120 21 25 129 115 97 236 189 139 61 241 102 78 6 185 245 250 88 144 153 69 38 198 27 204 168 16 59 183 132 4 157 224 202 179 159 107 98 32 50 171 42 77 7 52 116 113 199 20 79 240 242 75 254 148 96 239 122 133 220 184 174 214 46 226 101 200 170 177 229 1 15 235 178 217 149 65 24 5 225 234 166 169 182 205 83 104 206 215 196 152 8 124 95 186 146 106 135 45 111 93 160 34 138 89 219 3 84 13 207 127 62 131 121 203 126 73 176 143 201 48 94 230 17 227 39 11 167 68 195 22 103 181 145 10 37 76 51 28 208 134 57 212 155 86 210 209 117 26 249 193 31 72 54 136 188 237 66 41 197 162 30 173 87 190 19 81 128 85 47 158 99 91 108 147 53 119 125 246 141 164 252 55 248 232 172 29 222 251 0 60 154 18 244 140 43 151 114 
	Fitness: 46375822

Generacion 48
	Solucion: 70 82 253 92 191 180 192 56 58 64 221 23 9 90 211 163 2 137 216 247 194 105 49 67 110 142 165 218 71 47 223 111 109 35 213 161 123 118 80 63 228 44 231 14 130 175 100 255 150 36 156 238 233 243 112 74 12 187 120 21 25 129 115 97 236 189 139 61 241 102 78 6 185 245 250 88 144 153 69 38 198 27 204 168 16 59 183 132 4 157 224 202 179 159 107 98 32 50 171 42 77 7 52 116 113 199 20 79 240 242 75 254 148 96 239 122 133 220 184 174 214 46 226 101 200 170 177 229 1 15 235 178 197 222 65 24 5 225 234 166 169 182 205 83 104 206 215 196 152 8 124 95 186 146 106 135 45 40 93 160 34 138 89 219 3 84 13 207 127 62 131 121 203 126 73 176 143 201 48 94 230 17 227 39 11 167 68 195 22 103 181 145 10 37 76 51 28 208 134 57 212 136 86 210 209 117 26 249 193 31 72 54 155 188 237 66 41 217 162 30 173 87 190 19 81 128 85 33 158 99 91 108 147 53 119 125 246 141 164 252 55 248 232 172 29 149 251 0 60 154 18 244 140 43 151 114 
	Fitness: 46364366

Generacion 49
	Solucion: 221 82 253 92 191 180 192 56 58 64 70 23 9 90 211 163 2 137 216 105 194 247 49 67 110 142 165 218 71 33 223 111 109 35 213 161 123 118 80 63 228 44 231 14 130 175 100 255 150 36 156 238 233 243 112 74 12 187 120 21 25 129 115 97 236 189 139 61 241 102 78 6 185 245 250 88 144 153 69 38 198 27 204 168 16 59 183 132 4 157 224 202 179 159 107 98 32 50 171 42 77 7 52 116 113 199 20 79 240 242 75 254 148 96 239 122 133 220 184 174 214 46 226 101 200 170 177 229 1 15 235 178 197 222 65 24 5 225 234 166 169 182 205 83 104 206 215 196 152 8 124 95 186 146 106 135 45 40 93 160 34 138 89 219 3 84 13 207 127 62 131 121 203 126 73 176 143 201 48 94 230 17 227 39 11 167 68 195 22 103 181 145 10 37 76 51 28 208 134 57 212 136 86 210 209 117 26 249 193 31 72 54 155 188 237 66 41 217 162 30 173 87 190 19 81 128 85 47 158 99 91 108 147 53 119 125 246 141 164 252 55 248 232 172 29 149 251 0 60 154 18 244 140 43 151 114 
	Fitness: 46361534

Generacion 50
	Solucion: 221 82 253 92 191 180 192 56 58 64 70 23 9 90 211 163 2 137 216 105 194 247 49 67 110 142 165 218 71 31 223 111 109 35 213 161 123 118 80 63 228 44 231 14 130 175 100 255 150 36 156 238 233 243 112 74 12 187 120 21 25 129 115 97 236 189 139 61 241 102 78 6 185 245 250 88 144 153 69 38 198 27 204 168 16 59 183 132 4 157 224 202 179 159 107 98 32 50 171 42 77 7 52 116 113 199 20 79 240 242 75 254 148 96 239 55 133 220 184 174 214 46 226 101 200 170 177 229 1 15 235 178 197 222 65 24 5 225 234 166 169 182 205 83 104 206 215 196 152 8 124 95 186 146 106 135 45 40 93 160 34 138 89 219 3 84 13 207 127 62 131 121 203 126 73 176 143 201 48 94 230 17 227 39 11 167 68 195 22 103 181 145 10 37 76 51 28 208 134 57 212 136 86 210 209 117 26 249 193 33 72 54 155 188 237 66 41 217 162 30 173 87 190 19 81 128 85 47 158 99 91 108 147 53 119 125 246 141 164 252 122 248 232 172 29 149 251 0 60 154 18 244 140 43 151 114 
	Fitness: 46356834

Generacion 51
	Solucion: 209 82 253 92 191 180 192 56 58 64 221 23 9 90 211 163 2 137 216 247 194 105 49 67 110 142 165 218 71 47 223 40 109 35 213 161 123 118 80 63 228 44 231 14 130 175 100 255 150 36 156 238 233 243 112 74 12 187 120 21 25 129 115 97 236 189 139 61 241 102 78 6 185 245 250 88 144 153 69 38 198 27 204 168 16 59 183 132 4 157 224 202 179 159 107 98 32 50 171 42 77 7 52 116 113 199 20 79 240 242 75 254 127 96 239 122 133 220 184 174 214 46 226 101 200 170 177 229 1 15 235 178 217 149 65 24 5 225 234 166 169 182 205 83 104 206 215 196 152 8 124 95 186 146 106 135 45 111 93 160 34 138 89 219 246 84 13 207 148 62 131 121 203 126 73 176 143 201 48 94 230 17 227 39 11 167 68 195 22 103 181 145 10 37 76 51 28 208 134 57 212 155 86 210 70 117 26 249 193 31 72 54 136 188 237 66 41 197 162 30 173 87 190 19 81 128 85 33 158 99 91 108 147 53 119 125 3 141 164 252 55 248 232 172 29 222 251 0 60 154 18 244 140 43 151 114 
	Fitness: 46238622

Generacion 52
	Solucion: 209 82 253 92 191 180 192 56 58 64 221 23 9 90 211 163 2 137 216 247 194 105 49 67 110 142 165 218 71 47 223 40 109 35 213 161 123 118 80 63 228 44 231 14 130 175 100 255 150 36 156 238 233 243 112 74 12 187 120 21 25 129 115 97 236 189 139 61 241 102 78 6 185 245 250 88 144 153 69 38 198 27 204 168 16 59 183 132 4 157 224 202 179 159 107 98 32 50 171 42 77 7 52 116 113 199 20 79 240 242 75 254 127 96 239 122 133 220 184 174 214 46 226 101 200 170 177 229 1 15 235 178 217 149 65 24 5 225 234 166 169 182 205 83 104 206 215 196 152 8 124 95 186 146 106 135 45 111 93 160 34 138 89 219 246 84 13 207 148 62 131 121 203 126 73 176 143 201 48 94 230 17 227 39 11 167 68 195 22 103 181 145 10 37 76 51 28 208 134 57 212 155 86 210 70 117 26 249 193 31 72 54 136 188 237 66 41 197 162 30 173 87 190 19 81 128 85 33 158 99 91 108 147 53 119 125 3 141 164 252 55 248 232 172 29 222 251 0 60 154 18 244 140 43 151 114 
	Fitness: 46238622

Generacion 53
	Solucion: 209 82 253 92 191 180 192 56 58 64 221 23 9 90 211 163 2 137 216 247 194 105 49 67 110 142 165 218 71 33 223 40 109 35 213 161 123 118 80 63 228 44 231 14 130 175 100 255 150 36 156 238 233 243 112 74 12 187 120 154 25 129 115 97 236 189 139 61 241 102 78 6 185 245 250 88 144 21 69 38 198 27 204 168 16 59 183 132 4 157 224 202 179 159 107 98 32 50 171 42 77 7 52 116 113 199 20 79 240 242 75 101 127 96 239 122 133 220 174 184 214 46 226 254 200 170 83 229 1 15 235 178 197 149 65 24 5 225 234 166 169 182 205 177 104 206 215 196 152 8 124 95 186 146 106 135 45 111 93 160 34 0 89 219 246 84 13 207 148 62 131 121 203 126 73 176 143 201 48 94 230 17 227 39 11 167 68 195 22 103 181 145 10 37 76 51 28 208 134 57 212 155 86 210 70 117 26 249 193 31 72 54 136 188 237 66 41 217 162 30 173 87 190 19 81 128 85 47 158 99 91 108 147 53 119 125 3 141 164 252 55 248 232 172 29 222 251 138 60 153 18 244 140 43 151 114 
	Fitness: 46164808

Generacion 54
	Solucion: 209 82 253 92 191 180 192 56 58 64 221 23 9 90 211 163 2 137 216 247 194 105 49 67 110 142 165 218 71 33 223 40 109 35 213 161 123 118 80 63 228 44 231 14 130 175 100 255 150 36 156 238 233 243 112 74 12 187 120 154 25 129 115 97 236 189 139 61 241 102 78 6 185 245 250 88 144 21 69 38 198 27 204 168 16 59 183 132 4 157 224 202 179 159 107 98 32 50 171 42 77 7 52 116 113 199 20 79 240 242 75 101 127 96 239 122 133 220 174 184 214 46 226 254 200 170 83 229 1 15 235 178 197 149 65 24 5 225 234 166 169 182 205 177 104 206 215 196 152 8 124 95 186 146 106 135 45 111 93 160 34 0 89 219 246 84 13 207 148 62 131 121 203 126 73 176 143 201 48 94 230 17 227 39 11 167 68 195 22 103 181 145 10 37 76 51 28 208 134 57 212 155 86 210 70 117 26 249 193 31 72 54 136 188 237 66 41 217 162 30 173 87 190 19 81 128 85 47 158 99 91 108 147 53 119 125 3 141 164 252 55 248 232 172 29 222 251 138 60 153 18 244 140 43 151 114 
	Fitness: 46164808

Generacion 55
	Solucion: 221 82 253 92 191 180 192 56 58 64 209 23 9 90 211 163 2 137 216 105 194 247 49 67 110 142 165 218 71 33 223 40 109 35 213 161 123 118 80 63 228 44 231 14 130 175 100 255 150 36 156 238 233 243 112 74 12 187 120 21 25 129 115 97 236 189 139 61 241 102 78 6 185 245 250 88 168 154 69 38 198 27 204 144 16 59 183 132 47 157 224 202 179 159 107 98 32 50 171 42 77 7 52 116 113 199 20 79 240 242 75 101 127 96 239 122 133 220 174 184 214 46 226 254 200 170 83 229 1 15 235 178 197 149 65 24 5 225 234 166 169 182 205 177 104 206 215 196 152 8 124 95 186 146 106 135 45 111 93 160 34 0 89 219 246 84 13 207 148 62 131 121 203 126 73 176 143 201 48 94 230 17 227 39 11 167 68 195 22 103 181 145 10 37 76 51 28 208 134 57 212 155 86 210 70 117 26 249 193 31 72 54 136 188 237 66 41 217 162 30 173 87 190 60 81 128 85 4 158 99 91 108 147 53 119 125 3 141 164 252 55 248 232 172 29 222 251 138 19 153 18 244 140 43 151 114 
	Fitness: 46164220

Generacion 56
	Solucion: 221 82 253 92 191 180 192 56 58 64 209 23 9 90 211 163 2 137 216 105 194 247 49 67 110 142 165 218 71 33 223 40 109 35 213 161 123 118 80 63 228 44 231 14 130 175 100 255 150 36 156 238 233 243 112 74 12 187 120 21 25 129 115 97 236 189 139 61 241 102 78 6 185 245 250 88 168 154 69 38 198 27 204 144 16 59 183 132 47 157 224 202 179 159 107 98 32 50 171 42 77 7 52 116 113 199 20 79 240 242 75 101 127 96 239 122 133 220 174 184 214 46 226 254 200 170 83 229 1 15 235 178 197 149 65 24 5 225 234 166 169 182 205 177 104 206 215 196 152 8 124 95 186 146 106 135 45 111 93 160 34 0 89 219 246 84 13 207 148 62 131 121 203 126 73 176 143 201 48 94 230 17 227 39 11 167 68 195 22 103 181 145 10 37 76 51 28 208 134 57 212 155 86 210 70 117 26 249 193 31 72 54 136 188 237 66 41 217 162 30 173 87 190 60 81 128 85 4 158 99 91 108 147 53 119 125 3 141 164 252 55 248 232 172 29 222 251 138 19 153 18 244 140 43 151 114 
	Fitness: 46164220

Generacion 57
	Solucion: 221 82 253 92 191 180 192 56 58 64 209 23 9 90 211 163 2 137 216 105 194 247 49 67 110 142 165 218 71 33 223 40 109 35 213 161 123 118 80 63 228 44 231 14 130 175 100 255 150 36 156 238 233 243 112 74 12 187 120 21 25 129 115 97 236 189 139 61 241 102 78 6 185 245 250 88 168 154 69 38 198 27 204 144 16 59 183 132 47 157 224 202 179 159 107 98 32 50 171 42 77 7 52 116 113 199 20 79 240 242 75 101 127 96 239 122 133 220 174 184 214 46 226 254 200 170 83 229 1 15 235 178 197 149 65 24 5 225 234 166 169 182 205 177 104 206 215 196 152 8 124 95 186 146 106 135 45 111 93 160 34 0 89 219 246 84 13 207 148 62 131 121 203 126 73 176 143 201 48 94 230 17 227 39 11 167 68 195 22 103 181 145 10 37 76 51 28 208 134 57 212 155 86 210 70 117 26 249 193 31 72 54 136 188 237 66 41 217 162 30 173 87 190 60 81 128 85 4 158 99 91 108 147 53 119 125 3 141 164 252 55 248 232 172 29 222 251 138 19 153 18 244 140 43 151 114 
	Fitness: 46164220

Generacion 58
	Solucion: 209 82 253 92 191 180 192 56 58 64 221 23 8 90 211 163 2 137 216 247 194 105 49 67 110 142 165 218 71 33 223 40 109 35 213 161 123 118 80 63 228 44 231 14 130 175 100 255 150 36 156 238 233 243 112 74 12 187 120 154 25 129 115 97 236 189 139 61 241 102 78 6 185 245 250 88 144 21 69 38 198 27 204 168 16 59 183 132 4 157 224 202 179 159 107 98 32 50 171 42 77 7 52 116 113 199 20 79 240 242 75 101 127 96 239 122 133 220 174 184 214 46 226 254 200 170 177 229 1 15 235 178 197 149 65 24 5 225 234 166 169 182 205 83 104 206 215 196 152 9 124 95 186 146 106 135 45 111 93 160 34 138 89 219 246 84 13 207 148 62 131 121 203 126 73 176 143 201 48 94 230 17 227 39 11 167 68 195 22 103 181 145 10 37 76 51 28 208 134 57 212 155 86 210 70 117 26 249 193 31 72 54 136 188 237 66 41 217 162 30 173 87 190 19 81 128 85 47 158 99 91 108 147 53 119 125 3 141 164 252 55 248 232 172 29 222 251 0 60 153 18 244 140 43 151 114 
	Fitness: 46148660

Generacion 59
	Solucion: 221 82 253 92 191 180 192 56 133 64 209 23 9 90 211 163 2 137 216 105 194 247 49 67 110 142 165 218 71 33 223 40 109 35 213 161 123 118 59 63 228 44 231 14 130 38 100 255 150 36 156 238 233 243 112 74 12 187 120 21 25 129 115 97 236 189 139 61 241 102 78 6 185 245 250 88 168 154 69 175 198 27 204 144 16 80 183 132 47 157 224 202 179 159 107 98 32 50 171 42 77 7 52 116 113 199 20 79 240 242 75 101 127 96 239 122 58 220 174 184 214 46 226 254 200 170 83 229 1 15 235 178 197 149 65 24 5 225 234 166 169 182 205 53 104 206 215 196 152 8 124 95 186 146 106 135 45 111 93 160 34 0 89 219 246 84 13 207 148 62 131 121 203 126 73 176 143 201 48 94 230 17 227 39 11 167 68 195 22 103 181 145 10 37 76 51 28 208 134 57 212 155 86 210 70 117 26 249 193 31 72 54 136 188 237 66 41 217 162 30 173 87 190 19 81 128 85 4 158 99 91 108 147 177 119 125 3 141 164 252 55 248 232 172 29 222 251 138 60 153 18 244 140 43 151 114 
	Fitness: 46052506

Generacion 60
	Solucion: 221 82 253 92 191 180 192 56 133 64 209 23 9 90 211 163 2 137 216 105 194 247 49 67 110 142 165 218 71 33 223 40 109 35 213 161 123 118 59 63 228 44 231 14 130 38 100 255 150 36 156 238 233 243 112 74 12 187 120 21 25 129 115 97 236 189 139 61 241 102 78 6 185 245 250 88 168 154 69 175 198 27 204 144 16 80 183 132 47 157 224 202 179 159 107 98 32 50 171 42 77 7 52 116 113 199 20 79 240 242 75 101 127 96 239 122 58 220 174 184 214 46 226 254 200 170 83 229 1 15 235 178 197 149 65 24 5 225 234 166 169 182 205 53 104 206 215 196 152 8 124 95 186 146 106 135 45 111 93 160 34 0 89 219 246 84 13 207 148 62 131 121 203 126 73 176 143 201 48 94 230 17 227 39 11 167 68 195 22 103 181 145 10 37 76 51 28 208 134 57 212 155 86 210 70 117 26 249 193 31 72 54 136 188 237 66 41 217 162 30 173 87 190 19 81 128 85 4 158 99 91 108 147 177 119 125 3 141 164 252 55 248 232 172 29 222 251 138 60 153 18 244 140 43 151 114 
	Fitness: 46052506

Generacion 61
	Solucion: 221 82 253 92 191 180 192 56 133 64 209 23 8 90 211 163 2 137 216 105 194 247 49 67 110 142 165 218 71 33 223 40 109 35 213 161 123 118 59 63 228 44 231 14 130 38 100 255 150 36 156 238 233 243 112 74 12 187 120 21 25 129 115 97 236 189 139 61 241 102 78 6 185 245 250 88 168 154 69 175 198 27 204 144 16 80 183 132 47 157 224 202 179 159 107 98 32 50 171 42 77 7 52 116 113 199 20 79 240 242 75 101 127 96 239 122 58 220 174 184 214 46 226 254 200 170 53 229 1 15 235 178 197 149 65 24 5 225 234 166 169 182 205 83 104 206 215 196 152 9 124 95 186 146 106 135 45 111 93 160 34 138 89 219 246 84 13 207 148 62 131 121 203 126 73 176 143 201 48 94 230 17 227 39 11 167 68 195 22 103 181 145 10 37 76 51 28 208 134 57 212 155 86 210 70 117 26 249 193 31 72 54 136 188 237 66 41 217 162 30 173 87 190 60 81 128 85 4 158 99 91 108 147 177 119 125 3 141 164 252 55 248 232 172 29 222 251 0 19 153 18 244 140 43 151 114 
	Fitness: 46035488

Generacion 62
	Solucion: 221 82 253 92 191 180 192 56 133 64 209 23 8 90 211 163 2 137 216 105 194 247 49 67 110 142 165 218 71 33 223 40 109 35 213 161 123 118 59 63 228 44 231 14 130 38 100 255 150 36 156 238 233 243 112 74 12 187 120 21 25 129 115 97 236 189 139 61 241 102 78 6 185 245 250 88 168 154 69 175 198 27 204 144 16 80 183 132 47 157 224 202 179 159 107 98 32 50 171 42 77 7 52 116 113 199 20 79 240 242 75 101 127 96 239 122 58 220 174 184 214 46 226 254 200 170 53 229 1 15 235 178 197 149 65 24 5 225 234 166 169 182 205 83 104 206 215 196 152 9 124 95 186 146 106 135 45 111 93 160 34 138 89 219 246 84 13 207 148 62 131 121 203 126 73 176 143 201 48 94 230 17 227 39 11 167 68 195 22 103 181 145 10 37 76 51 28 208 134 57 212 155 86 210 70 117 26 249 193 31 72 54 136 188 237 66 41 217 162 30 173 87 190 60 81 128 85 4 158 99 91 108 147 177 119 125 3 141 164 252 55 248 232 172 29 222 251 0 19 153 18 244 140 43 151 114 
	Fitness: 46035488

Generacion 63
	Solucion: 221 82 253 92 191 180 192 56 133 64 209 23 8 90 211 163 2 137 216 105 194 247 49 67 110 142 165 218 71 33 223 40 109 35 213 161 123 118 59 63 228 44 231 14 130 38 100 255 150 36 156 238 233 243 112 74 12 187 120 21 25 129 115 97 236 189 139 61 241 102 78 6 185 245 250 88 168 154 69 175 198 27 204 144 16 80 183 132 47 157 224 202 179 159 107 98 32 50 171 42 77 7 52 116 113 199 20 79 240 242 75 101 127 96 239 122 58 220 174 184 214 46 226 254 200 170 53 229 1 15 235 178 197 149 65 24 5 225 234 166 169 182 205 83 104 206 215 196 152 9 124 95 186 146 106 135 45 111 93 160 34 138 89 219 246 84 13 207 148 62 131 121 203 126 73 176 143 201 48 94 230 17 227 39 11 167 68 195 22 103 181 145 10 37 76 51 28 208 134 57 212 155 86 210 70 117 26 249 193 31 72 54 136 188 237 66 41 217 162 30 173 87 190 60 81 128 85 4 158 99 91 108 147 177 119 125 3 141 164 252 55 248 232 172 29 222 251 0 19 153 18 244 140 43 151 114 
	Fitness: 46035488

Generacion 64
	Solucion: 221 82 253 92 191 180 192 56 133 64 209 23 8 90 211 163 2 137 216 105 194 247 49 67 110 142 165 218 71 33 223 40 109 35 213 161 123 118 59 63 228 44 231 14 130 38 100 255 150 36 156 238 233 243 112 74 12 187 120 21 25 129 115 97 236 189 139 61 241 102 78 6 185 245 250 88 168 154 69 175 198 27 204 144 16 80 183 132 47 157 224 202 179 159 107 98 32 50 171 42 77 7 52 116 113 199 20 79 240 242 75 101 127 96 239 122 58 220 174 184 214 46 226 254 200 170 53 229 1 15 235 178 197 149 65 24 5 225 234 166 169 182 205 83 104 206 215 196 152 9 124 95 186 146 106 135 45 111 93 160 34 138 89 219 246 84 13 207 148 62 131 121 203 126 73 176 143 201 48 94 230 17 227 39 11 167 68 195 22 103 181 145 10 37 76 51 28 208 134 57 212 155 86 210 70 117 26 249 193 31 72 54 136 188 237 66 41 217 162 30 173 87 190 60 81 128 85 4 158 99 91 108 147 177 119 125 3 141 164 252 55 248 232 172 29 222 251 0 19 153 18 244 140 43 151 114 
	Fitness: 46035488

Generacion 65
	Solucion: 221 82 253 92 191 180 192 56 133 64 209 23 8 90 211 163 2 137 216 105 194 247 49 67 110 142 165 218 71 33 223 40 109 35 213 161 123 118 59 63 228 44 231 14 130 38 100 255 150 36 156 238 233 243 112 74 12 187 120 21 25 129 115 97 236 189 139 61 241 102 78 6 185 245 250 88 168 154 69 175 198 27 204 144 16 80 183 132 47 157 224 202 179 159 107 98 32 50 171 42 77 7 52 116 113 199 20 79 240 242 75 101 127 96 239 122 58 220 174 184 214 46 226 254 200 170 53 229 1 15 235 178 197 149 65 24 5 225 234 166 169 182 205 83 104 206 215 196 152 9 124 95 186 146 106 135 45 111 93 160 34 138 89 219 246 84 13 207 148 62 131 121 203 126 73 176 143 201 48 94 230 17 227 39 11 167 68 195 22 103 181 145 10 37 76 51 28 208 134 57 212 155 86 210 70 117 26 249 193 31 72 54 136 188 237 66 41 217 162 30 173 87 190 60 81 128 85 4 158 99 91 108 147 177 119 125 3 141 164 252 55 248 232 172 29 222 251 0 19 153 18 244 140 43 151 114 
	Fitness: 46035488

Generacion 66
	Solucion: 221 82 253 92 191 180 192 56 133 64 209 23 8 90 211 163 2 137 216 105 194 247 49 67 110 142 165 218 71 33 223 40 109 35 213 161 123 118 59 63 228 44 231 14 130 38 100 255 150 36 156 238 233 243 112 74 12 187 120 21 25 129 115 97 236 189 139 61 241 102 78 6 185 245 250 88 168 154 69 175 198 27 204 144 16 80 183 132 47 157 224 202 179 159 107 98 32 50 171 42 77 7 52 116 113 199 20 79 240 242 75 101 127 96 239 122 58 220 174 184 214 46 226 254 200 170 53 229 1 15 235 178 197 149 65 24 5 225 234 166 169 182 205 83 104 206 215 196 152 9 124 95 186 146 106 135 45 111 93 160 34 138 89 219 246 84 13 207 148 62 131 121 203 126 73 176 143 201 48 94 230 17 227 39 11 167 68 195 22 103 181 145 10 37 76 51 28 208 134 57 212 155 86 210 70 117 26 249 193 31 72 54 136 188 237 66 41 217 162 30 173 87 190 60 81 128 85 4 158 99 91 108 147 177 119 125 3 141 164 252 55 248 232 172 29 222 251 0 19 153 18 244 140 43 151 114 
	Fitness: 46035488

Generacion 67
	Solucion: 221 82 253 92 191 180 192 56 133 64 209 23 8 90 211 163 2 137 216 105 194 247 49 67 110 142 165 218 71 33 223 40 109 35 213 161 123 118 59 63 228 44 231 14 130 38 100 255 150 36 156 238 233 243 112 74 12 187 120 21 25 129 115 97 236 189 139 61 241 102 78 6 185 245 250 88 168 154 69 175 198 27 204 144 16 80 183 132 47 157 224 202 179 159 107 98 32 50 171 42 77 7 52 116 113 199 20 79 240 242 75 101 127 96 239 122 58 220 174 184 214 46 226 254 200 170 53 229 1 15 235 178 197 149 65 24 5 225 234 166 169 182 205 83 104 206 215 196 152 9 124 95 186 146 106 135 45 111 93 160 34 138 89 219 246 84 13 207 148 62 131 121 203 126 73 176 143 201 48 94 230 17 227 39 11 167 68 195 22 103 181 145 10 37 76 51 28 208 134 57 212 155 86 210 70 117 26 249 193 31 72 54 136 188 237 66 41 217 162 30 173 87 190 60 81 128 85 4 158 99 91 108 147 177 119 125 3 141 164 252 55 248 232 172 29 222 251 0 19 153 18 244 140 43 151 114 
	Fitness: 46035488

Generacion 68
	Solucion: 221 82 253 92 191 180 192 56 133 64 209 23 8 90 211 163 2 137 216 105 194 247 49 67 110 142 165 218 71 33 223 40 109 35 213 161 123 118 59 63 228 44 231 14 130 38 100 255 150 36 156 238 233 243 112 74 12 187 120 21 25 129 115 97 236 189 139 61 241 102 78 6 185 245 250 88 168 154 69 175 198 27 204 144 16 80 183 132 47 157 224 202 179 159 107 98 32 50 171 42 77 7 52 116 113 199 20 79 240 242 75 101 127 96 239 122 58 220 174 184 214 46 226 254 200 170 53 229 1 15 235 178 197 149 65 24 5 225 234 166 169 182 205 83 104 206 215 196 152 9 124 95 186 146 106 135 45 111 93 160 34 138 89 219 246 84 13 207 148 62 131 121 203 126 73 176 143 201 48 94 230 17 227 39 11 167 68 195 22 103 181 145 10 37 76 51 28 208 134 57 212 155 86 210 70 117 26 249 193 31 72 54 136 188 237 66 41 217 162 30 173 87 190 60 81 128 85 4 158 99 91 108 147 177 119 125 3 141 164 252 55 248 232 172 29 222 251 0 19 153 18 244 140 43 151 114 
	Fitness: 46035488

Generacion 69
	Solucion: 221 82 253 92 191 180 192 56 133 64 209 23 8 90 211 163 2 137 216 105 194 247 49 67 110 142 165 218 71 33 223 40 109 35 213 161 123 118 59 63 228 44 231 14 130 38 100 255 150 36 156 238 233 243 112 74 12 187 120 21 25 129 115 97 236 189 139 61 241 102 78 6 185 245 250 88 168 154 69 175 198 27 204 144 16 80 183 132 47 157 224 202 179 159 107 98 32 50 171 42 77 7 52 116 113 199 20 79 240 242 75 101 127 96 239 122 58 220 174 184 214 46 226 254 200 170 53 229 1 15 235 178 197 149 65 24 5 225 234 166 169 182 205 83 104 206 215 196 152 9 124 95 186 146 106 135 45 111 93 160 34 138 89 219 246 84 13 207 148 62 131 121 203 126 73 176 143 201 48 94 230 17 227 39 11 167 68 195 22 103 181 145 10 37 76 51 28 208 134 57 212 155 86 210 70 117 26 249 193 31 72 54 136 188 237 66 41 217 162 30 173 87 190 60 81 128 85 4 158 99 91 108 147 177 119 125 3 141 164 252 55 248 232 172 29 222 251 0 19 153 18 244 140 43 151 114 
	Fitness: 46035488

Generacion 70
	Solucion: 221 82 253 92 191 180 192 56 133 64 209 23 8 90 211 163 2 137 216 105 194 247 49 67 110 142 165 218 71 33 223 40 109 35 213 161 123 118 59 63 228 44 231 14 130 38 100 255 150 36 156 238 233 243 112 74 12 187 120 21 25 129 115 97 236 189 139 61 241 102 78 6 185 245 250 88 168 154 69 175 198 27 204 144 16 80 183 132 47 157 224 202 179 159 107 98 32 50 171 42 77 7 52 116 113 199 20 79 240 242 75 101 127 96 239 122 58 220 174 184 214 46 226 254 200 170 53 229 1 15 235 178 197 149 65 24 5 225 234 166 169 182 205 83 104 206 215 196 152 9 124 95 186 146 106 135 45 111 93 160 34 138 89 219 246 84 13 207 148 62 131 121 203 126 73 176 143 201 48 94 230 17 227 39 11 167 68 195 22 103 181 145 10 37 76 51 28 208 134 57 212 155 86 210 70 117 26 249 193 31 72 54 136 188 237 66 41 217 162 30 173 87 190 60 81 128 85 4 158 99 91 108 147 177 119 125 3 141 164 252 55 248 232 172 29 222 251 0 19 153 18 244 140 43 151 114 
	Fitness: 46035488

Generacion 71
	Solucion: 221 82 253 92 191 180 192 56 133 64 209 23 8 90 211 163 2 137 216 105 194 247 49 67 110 142 165 218 71 33 223 40 109 35 213 161 123 118 59 63 228 44 231 14 130 38 100 255 150 36 156 238 233 243 112 74 12 187 120 21 25 129 115 97 236 189 139 61 241 102 78 6 185 245 250 88 168 154 69 175 198 27 204 144 16 80 183 132 47 157 224 202 179 159 107 98 32 50 171 42 77 7 52 116 113 199 20 79 240 242 75 101 127 96 239 122 58 220 174 184 214 46 226 254 200 170 53 229 1 15 235 178 197 149 65 24 5 225 234 166 169 182 205 83 104 206 215 196 152 9 124 95 186 146 106 135 45 111 93 160 34 138 89 219 246 84 13 207 148 62 131 121 203 126 73 176 143 201 48 94 230 17 227 39 11 167 68 195 22 103 181 145 10 37 76 51 28 208 134 57 212 155 86 210 70 117 26 249 193 31 72 54 136 188 237 66 41 217 162 30 173 87 190 60 81 128 85 4 158 99 91 108 147 177 119 125 3 141 164 252 55 248 232 172 29 222 251 0 19 153 18 244 140 43 151 114 
	Fitness: 46035488

Generacion 72
	Solucion: 221 82 253 92 191 180 192 56 133 64 209 23 8 90 211 163 2 137 216 105 194 151 49 67 110 142 165 218 71 33 223 40 109 35 213 161 123 118 59 63 228 44 231 14 130 38 100 255 150 36 156 238 233 243 112 74 12 187 120 21 25 129 115 97 236 189 139 61 241 102 78 6 185 245 250 88 168 154 69 175 198 27 204 144 16 80 183 132 47 157 224 202 179 159 107 98 32 50 171 42 77 7 52 116 113 199 20 79 240 242 75 101 127 96 239 122 58 230 174 184 214 46 226 254 200 170 53 229 1 15 235 178 197 149 65 24 5 225 234 166 169 182 205 83 104 206 215 196 152 9 124 95 186 146 106 135 45 111 93 160 34 138 89 219 246 84 13 207 148 62 131 121 203 126 73 176 143 201 48 94 220 17 227 39 11 167 68 195 22 103 181 145 10 37 76 51 28 208 134 57 212 155 86 210 70 117 26 249 193 31 72 54 136 188 237 66 41 217 162 30 173 87 190 19 81 128 85 4 158 99 91 108 147 177 119 125 3 141 164 252 55 248 232 172 29 222 251 0 60 153 18 244 140 43 247 114 
	Fitness: 45963420

Generacion 73
	Solucion: 221 82 253 92 191 180 192 56 133 64 209 23 8 90 211 163 2 137 216 105 194 151 49 67 110 142 165 218 71 33 223 40 109 35 213 161 123 118 59 63 228 44 231 14 130 38 100 255 150 36 156 238 233 243 112 74 12 187 120 21 25 129 115 97 236 189 139 61 241 102 78 6 185 245 250 88 168 154 69 175 198 27 204 144 16 80 183 132 47 157 224 202 179 159 107 98 32 50 171 42 77 7 52 116 113 199 20 79 240 242 75 101 127 96 239 122 58 230 174 184 214 46 226 254 200 170 53 229 1 15 235 178 197 149 65 24 5 225 234 166 169 182 205 83 104 206 215 196 152 9 124 95 186 146 106 135 45 111 93 160 34 138 89 219 246 84 13 207 148 62 131 121 203 126 73 176 143 201 48 94 220 17 227 39 11 167 68 195 22 103 181 145 10 37 76 51 28 208 134 57 212 155 86 210 70 117 26 249 193 31 72 54 136 188 237 66 41 217 162 30 173 87 190 19 81 128 85 4 158 99 91 108 147 177 119 125 3 141 164 252 55 248 232 172 29 222 251 0 60 153 18 244 140 43 247 114 
	Fitness: 45963420

Generacion 74
	Solucion: 221 82 253 92 191 180 192 56 133 64 209 23 8 90 211 163 2 137 216 105 194 151 49 67 110 142 165 218 71 33 223 40 109 35 213 161 123 118 59 63 228 44 231 14 130 38 100 255 150 36 156 238 233 243 112 74 12 187 120 21 25 129 115 97 236 189 139 61 241 102 78 6 185 245 250 88 168 154 69 175 198 27 204 144 16 80 183 132 47 157 224 202 179 159 107 98 32 50 171 42 77 7 52 116 113 199 20 79 240 242 75 101 127 96 239 122 58 230 174 184 214 46 226 254 200 170 53 229 1 15 235 178 197 149 65 24 5 225 234 166 169 182 205 83 104 206 215 196 152 9 124 95 186 146 106 135 45 111 93 160 34 138 89 219 246 84 13 207 148 62 131 121 203 126 73 176 143 201 48 94 220 17 227 39 11 167 68 195 22 103 181 145 10 37 76 51 28 208 134 57 212 155 86 210 70 117 26 249 193 31 72 54 136 188 237 66 41 217 162 30 173 87 190 19 81 128 85 4 158 99 91 108 147 177 119 125 3 141 164 252 55 248 232 172 29 222 251 0 60 153 18 244 140 43 247 114 
	Fitness: 45963420

Generacion 75
	Solucion: 221 82 253 92 191 180 192 56 133 64 209 23 8 90 211 163 2 137 216 105 194 151 49 67 110 142 165 218 71 33 223 40 109 35 213 161 123 118 59 63 228 44 27 14 130 38 100 255 150 36 156 238 233 243 112 74 12 187 120 21 25 129 115 97 236 189 139 61 241 102 78 6 185 245 250 88 168 154 69 175 198 231 204 144 16 42 183 132 47 157 224 202 179 159 107 98 32 50 171 80 77 7 52 116 113 199 20 79 240 242 75 101 127 96 239 122 58 230 174 184 214 46 226 254 200 170 53 229 1 15 235 84 197 149 65 24 5 225 234 166 169 182 205 83 104 206 215 196 152 9 124 95 186 146 106 135 45 111 93 160 34 138 89 219 246 178 13 207 148 62 131 121 203 126 73 176 143 201 81 94 220 17 227 39 11 167 68 195 22 103 181 145 10 37 76 51 28 208 134 57 212 155 86 210 70 117 26 249 193 31 72 54 136 188 237 66 41 217 162 30 173 87 190 19 48 128 85 4 158 99 91 108 147 177 119 125 3 141 164 252 55 248 232 172 29 222 251 0 60 153 18 244 140 43 247 114 
	Fitness: 45932620

Generacion 76
	Solucion: 221 82 253 92 191 180 192 56 133 64 209 23 8 90 211 163 2 137 216 105 194 151 49 67 110 142 165 218 71 33 223 40 109 35 213 161 123 118 59 63 228 44 27 14 130 38 100 255 150 36 156 238 233 243 112 74 12 187 120 21 25 129 115 97 236 189 139 61 241 102 78 6 185 245 250 88 168 154 69 175 198 231 204 144 16 42 183 132 47 157 224 202 179 159 107 98 32 50 171 80 77 7 52 116 113 199 20 79 240 242 75 101 127 96 239 122 58 230 174 184 214 46 226 254 200 170 53 229 1 15 235 84 197 149 65 24 5 225 234 166 169 182 205 83 104 206 215 196 152 9 124 95 186 146 106 135 45 111 93 160 34 138 89 219 246 178 13 207 148 62 131 121 203 126 73 176 143 201 81 94 220 17 227 39 11 167 68 195 22 103 181 145 10 37 76 51 28 208 134 57 212 155 86 210 70 117 26 249 193 31 72 54 136 188 237 66 41 217 162 30 173 87 190 19 48 128 85 4 158 99 91 108 147 177 119 125 3 141 164 252 55 248 232 172 29 222 251 0 60 153 18 244 140 43 247 114 
	Fitness: 45932620

Generacion 77
	Solucion: 221 82 253 92 191 180 192 56 133 64 209 23 8 90 211 163 2 137 216 105 194 151 49 67 110 142 165 218 71 33 223 40 109 35 213 161 123 118 59 63 228 44 27 14 130 38 100 255 150 36 156 238 233 243 112 74 12 187 120 21 25 129 115 97 236 189 139 61 241 102 78 6 185 245 250 88 168 154 69 175 198 231 204 144 16 42 183 132 47 157 224 202 179 159 107 98 32 50 171 80 77 7 52 116 113 199 20 79 240 242 75 101 127 96 239 122 58 230 174 184 214 46 226 254 200 170 53 229 1 15 235 84 197 149 65 24 5 225 234 166 169 182 205 83 104 206 215 196 152 9 124 95 186 146 106 135 45 111 93 160 34 138 89 219 246 178 13 207 148 62 131 121 203 126 73 176 143 201 81 94 220 17 227 39 11 167 68 195 22 103 181 145 10 37 76 51 28 208 134 57 212 155 86 210 70 117 26 249 193 31 72 54 136 188 237 66 41 217 162 30 173 87 190 19 48 128 85 4 158 99 91 108 147 177 119 125 3 141 164 252 55 248 232 172 29 222 251 0 60 153 18 244 140 43 247 114 
	Fitness: 45932620

Generacion 78
	Solucion: 221 82 253 92 191 180 192 56 133 64 209 23 8 90 211 163 2 137 216 105 194 151 49 67 110 142 165 218 71 33 223 40 109 35 213 161 123 118 59 63 228 44 231 14 130 38 100 255 150 36 156 238 233 243 112 74 12 187 120 21 25 129 115 97 236 189 139 61 241 102 78 6 185 245 250 88 168 154 69 175 198 27 204 144 16 42 183 132 47 157 29 202 179 159 107 98 32 50 171 80 77 7 52 116 113 199 20 79 240 242 75 101 127 96 239 122 58 220 174 39 214 46 226 254 200 170 83 229 1 15 235 178 197 149 65 164 5 225 234 166 169 182 205 53 104 207 215 196 70 9 124 95 186 146 106 135 45 111 93 160 34 138 89 219 246 84 13 206 148 62 131 121 203 126 73 176 143 201 81 94 230 17 227 184 11 167 68 195 22 103 181 145 10 37 76 51 28 208 134 57 212 155 86 210 152 117 26 249 193 31 72 54 136 188 237 66 41 217 162 30 173 87 190 19 48 128 85 4 158 99 91 108 147 177 119 125 3 141 24 252 55 248 232 172 224 222 251 0 60 153 18 244 140 43 247 114 
	Fitness: 45910954

Generacion 79
	Solucion: 221 82 253 92 191 180 192 56 133 64 209 23 8 90 211 163 2 137 216 105 194 151 49 67 110 142 165 218 71 33 223 40 109 35 213 161 123 118 59 63 228 44 231 14 130 38 100 255 150 36 156 238 233 243 112 74 12 187 120 21 25 129 115 97 236 189 139 61 241 102 78 6 185 245 250 88 168 154 69 175 198 27 204 144 16 42 183 132 47 157 29 202 179 159 107 98 32 50 171 80 77 7 52 116 113 199 20 79 240 242 75 101 127 96 239 122 58 220 174 39 214 46 226 254 200 170 83 229 1 15 235 178 197 149 65 164 5 225 234 166 169 182 205 53 104 207 215 196 70 9 124 95 186 146 106 135 45 111 93 160 34 138 89 219 246 84 13 206 148 62 131 121 203 126 73 176 143 201 81 94 230 17 227 184 11 167 68 195 22 103 181 145 10 37 76 51 28 208 134 57 212 155 86 210 152 117 26 249 193 31 72 54 136 188 237 66 41 217 162 30 173 87 190 19 48 128 85 4 158 99 91 108 147 177 119 125 3 141 24 252 55 248 232 172 224 222 251 0 60 153 18 244 140 43 247 114 
	Fitness: 45910954

Generacion 80
	Solucion: 221 82 253 92 191 180 192 56 4 64 209 23 8 90 211 163 2 137 216 105 194 151 49 67 110 142 165 218 71 33 223 40 109 35 213 161 123 118 59 63 228 44 231 14 130 38 100 255 150 36 156 238 233 243 112 74 12 187 120 21 25 129 115 97 236 189 139 61 241 102 78 6 185 245 250 88 168 154 69 175 198 27 204 144 16 42 183 132 47 157 29 202 179 159 107 98 32 50 171 80 77 7 52 116 113 199 20 79 240 242 75 101 127 96 239 122 58 220 174 184 214 46 226 254 200 170 53 229 1 15 235 178 197 149 65 164 5 225 234 166 169 182 205 83 104 206 215 217 152 9 124 95 186 146 106 135 45 111 93 160 34 0 89 219 246 84 13 207 148 62 131 121 203 126 73 176 143 201 48 94 230 17 227 39 11 167 68 195 22 103 181 145 10 37 76 51 28 208 134 57 212 155 86 210 70 117 26 249 193 31 72 54 136 188 237 66 41 196 162 30 173 87 190 19 81 128 85 133 158 99 91 108 147 177 119 125 3 141 24 252 55 248 232 172 224 222 251 138 60 153 18 244 140 43 247 114 
	Fitness: 45849766

Generacion 81
	Solucion: 221 82 253 92 191 180 192 56 4 64 209 23 8 90 211 163 2 137 216 105 194 151 49 67 110 142 165 218 71 33 223 40 109 35 213 161 123 118 59 63 228 44 231 14 130 38 100 255 150 36 156 238 233 243 112 74 12 187 120 21 25 129 115 97 236 189 139 61 241 102 78 6 185 245 250 88 168 154 69 175 198 27 204 144 16 42 183 132 47 157 29 202 179 159 107 98 32 50 171 80 77 7 52 116 113 199 20 79 240 242 75 101 127 96 239 122 58 220 174 184 214 46 226 254 200 170 53 229 1 15 235 178 197 149 65 164 5 225 234 166 169 182 205 83 104 206 215 217 152 9 124 95 186 146 106 135 45 111 93 160 34 0 89 219 246 84 13 207 148 62 131 121 203 126 73 176 143 201 48 94 230 17 227 39 11 167 68 195 22 103 181 145 10 37 76 51 28 208 134 57 212 155 86 210 70 117 26 249 193 31 72 54 136 188 237 66 41 196 162 30 173 87 190 19 81 128 85 133 158 99 91 108 147 177 119 125 3 141 24 252 55 248 232 172 224 222 251 138 60 153 18 244 140 43 247 114 
	Fitness: 45849766

Generacion 82
	Solucion: 221 82 253 92 191 180 192 56 4 64 209 23 8 90 211 163 2 137 216 105 194 151 49 67 110 142 165 218 71 33 223 40 109 35 213 161 123 118 59 63 228 44 231 14 130 38 100 255 150 36 156 238 233 243 112 74 12 187 120 21 25 129 115 97 236 189 139 61 241 102 78 6 185 245 250 88 168 154 69 175 198 27 204 144 16 42 183 132 47 157 29 202 179 159 107 98 32 50 171 80 77 7 52 116 113 199 20 79 240 242 75 101 127 96 239 122 58 220 174 184 214 46 226 254 200 170 53 229 1 15 235 178 197 149 65 164 5 225 234 166 169 182 205 83 104 206 215 217 152 9 124 95 186 146 106 135 45 111 93 160 34 0 89 219 246 84 13 207 148 62 131 121 203 126 73 176 143 201 48 94 230 17 227 39 11 167 68 195 22 103 181 145 10 37 76 51 28 208 134 57 212 155 86 210 70 117 26 249 193 31 72 54 136 188 237 66 41 196 162 30 173 87 190 19 81 128 85 133 158 99 91 108 147 177 119 125 3 141 24 252 55 248 232 172 224 222 251 138 60 153 18 244 140 43 247 114 
	Fitness: 45849766

Generacion 83
	Solucion: 221 82 253 92 191 180 192 56 4 64 209 23 8 90 211 163 2 137 216 105 194 151 49 67 110 142 165 218 71 33 223 40 109 35 213 161 123 118 59 63 228 44 231 14 130 38 100 255 150 36 156 238 233 243 112 74 12 187 120 21 25 129 115 97 236 189 139 61 241 102 78 6 185 245 250 88 168 154 69 175 198 27 204 144 16 42 183 132 47 157 29 202 179 159 107 98 32 50 171 80 77 7 52 116 113 199 20 79 240 242 75 101 127 96 239 122 58 220 174 184 214 46 226 254 200 170 53 229 1 15 235 178 197 149 65 164 5 225 234 166 169 182 205 83 104 206 215 217 152 9 124 95 186 146 106 135 45 111 93 160 34 0 89 219 246 84 13 207 148 62 131 121 203 126 73 176 143 201 48 94 230 17 227 39 11 167 68 195 22 103 181 145 10 37 76 51 28 208 134 57 212 155 86 210 70 117 26 249 193 31 72 54 136 188 237 66 41 196 162 30 173 87 190 19 81 128 85 133 158 99 91 108 147 177 119 125 3 141 24 252 55 248 232 172 224 222 251 138 60 153 18 244 140 43 247 114 
	Fitness: 45849766

Generacion 84
	Solucion: 221 82 253 92 191 180 192 56 4 64 209 23 8 90 211 163 2 137 216 105 194 151 49 67 110 142 165 218 71 33 223 40 109 35 213 161 123 118 59 63 228 44 231 14 130 38 100 255 150 36 156 238 233 243 112 74 12 187 120 21 25 129 115 97 236 189 139 61 241 102 78 6 185 245 250 88 168 154 69 175 198 27 204 144 16 42 183 132 47 157 29 202 179 159 107 98 32 50 171 80 77 7 52 116 113 199 20 79 240 242 75 101 127 96 239 122 58 220 174 184 214 46 226 254 200 170 53 229 1 15 235 178 197 149 65 164 5 225 234 166 169 182 205 83 104 206 215 217 152 9 124 95 186 146 106 135 45 111 93 160 34 0 89 219 246 84 13 207 148 62 131 121 203 126 73 176 143 201 48 94 230 17 227 39 11 167 68 195 22 103 181 145 10 37 76 51 28 208 134 57 212 155 86 210 70 117 26 249 193 31 72 54 136 188 237 66 41 196 162 30 173 87 190 19 81 128 85 133 158 99 91 108 147 177 119 125 3 141 24 252 55 248 232 172 224 222 251 138 60 153 18 244 140 43 247 114 
	Fitness: 45849766

Generacion 85
	Solucion: 221 82 253 92 191 180 192 56 4 64 209 23 8 90 211 163 2 137 216 105 194 151 49 67 110 142 165 218 71 33 223 40 109 35 213 161 123 118 59 63 228 44 231 14 130 38 100 255 150 36 156 238 233 243 112 74 12 187 120 21 25 129 115 97 236 189 139 61 241 102 78 6 185 245 250 88 168 154 69 175 198 27 204 144 16 42 183 132 47 157 29 202 179 159 107 98 32 50 171 80 77 7 52 116 113 199 20 79 240 242 75 101 127 96 239 122 58 220 174 184 214 46 226 254 200 170 53 229 1 15 235 178 197 149 65 164 5 225 234 166 169 182 205 83 104 206 215 217 152 9 124 95 186 146 106 135 45 111 93 160 34 0 89 219 246 84 13 207 148 62 131 121 203 126 73 176 143 201 48 94 230 17 227 39 11 167 68 195 22 103 181 145 10 37 76 51 28 208 134 57 212 155 86 210 70 117 26 249 193 31 72 54 136 188 237 66 41 196 162 30 173 87 190 19 81 128 85 133 158 99 91 108 147 177 119 125 3 141 24 252 55 248 232 172 224 222 251 138 60 153 18 244 140 43 247 114 
	Fitness: 45849766

Generacion 86
	Solucion: 221 82 253 92 191 180 192 56 4 64 209 23 8 90 211 163 2 137 216 105 194 151 49 67 110 142 165 218 71 33 223 40 109 35 213 161 123 118 59 63 228 44 231 14 130 38 100 255 150 36 156 238 233 243 112 74 12 187 120 21 25 129 115 97 236 189 139 61 241 102 78 6 185 245 250 88 168 154 69 175 198 27 204 144 16 42 183 132 47 157 29 202 179 159 107 98 32 50 171 80 77 7 52 116 113 199 20 79 240 242 75 101 127 96 239 122 58 220 174 184 214 46 226 254 200 170 53 229 1 15 235 178 197 149 65 164 5 225 234 166 169 182 205 83 104 206 215 217 152 9 124 95 186 146 106 135 45 111 93 160 34 0 89 219 246 84 13 207 148 62 131 121 203 126 73 176 143 201 48 94 230 17 227 39 11 167 68 195 22 103 181 145 10 37 76 51 28 208 134 57 212 155 86 210 70 117 26 249 193 31 72 54 136 188 237 66 41 196 162 30 173 87 190 19 81 128 85 133 158 99 91 108 147 177 119 125 3 141 24 252 55 248 232 172 224 222 251 138 60 153 18 244 140 43 247 114 
	Fitness: 45849766

Generacion 87
	Solucion: 221 82 253 92 191 100 192 56 4 64 209 23 8 90 211 163 2 137 216 105 194 151 49 67 110 142 165 218 71 33 223 40 109 35 213 161 107 118 59 63 228 44 231 14 130 38 180 255 150 36 156 238 233 243 112 74 12 187 120 21 25 129 115 97 236 189 139 61 241 102 78 6 185 245 250 88 168 154 69 175 198 27 204 144 16 42 183 132 47 157 29 202 179 159 123 98 32 50 171 80 77 7 52 116 113 199 20 79 240 242 75 101 127 96 239 122 58 230 174 184 214 46 226 254 200 170 83 229 1 15 235 178 197 149 65 164 5 225 234 166 169 182 205 53 104 206 215 196 152 9 124 95 186 146 106 135 45 111 93 160 34 0 89 219 246 84 13 207 148 62 131 121 203 126 73 176 143 201 48 94 220 17 227 39 11 167 68 195 22 103 181 145 10 37 76 51 28 208 134 57 212 155 86 210 70 117 26 249 193 31 72 54 136 188 237 66 41 217 162 30 173 87 190 19 81 128 85 133 158 99 91 108 147 177 119 125 3 141 24 252 55 248 232 172 224 222 251 138 60 153 18 244 140 43 247 114 
	Fitness: 45813734

Generacion 88
	Solucion: 221 82 253 92 191 100 192 56 4 64 209 23 8 90 211 163 2 137 216 105 194 151 49 67 110 142 165 218 71 33 223 40 109 35 213 161 107 118 59 63 228 44 231 14 130 38 180 255 150 36 156 238 233 243 112 74 12 187 120 21 25 129 115 97 236 189 139 61 241 102 78 6 185 245 250 88 168 154 69 175 198 27 204 144 16 42 183 132 47 157 29 202 179 159 123 98 32 50 171 80 77 7 52 116 113 199 20 79 240 242 75 101 127 96 239 122 58 230 174 184 214 46 226 254 200 170 83 229 1 15 235 178 197 149 65 164 5 225 234 166 169 182 205 53 104 206 215 196 152 9 124 95 186 146 106 135 45 111 93 160 34 0 89 219 246 84 13 207 148 62 131 121 203 126 73 176 143 201 48 94 220 17 227 39 11 167 68 195 22 103 181 145 10 37 76 51 28 208 134 57 212 155 86 210 70 117 26 249 193 31 72 54 136 188 237 66 41 217 162 30 173 87 190 19 81 128 85 133 158 99 91 108 147 177 119 125 3 141 24 252 55 248 232 172 224 222 251 138 60 153 18 244 140 43 247 114 
	Fitness: 45813734

Generacion 89
	Solucion: 221 82 253 92 191 100 192 56 4 64 209 23 8 90 211 163 2 137 216 105 194 151 49 67 110 142 165 218 71 33 223 40 109 35 213 161 107 118 59 63 228 44 231 14 130 38 180 255 150 36 156 238 233 243 112 74 12 187 120 21 25 129 115 97 236 189 139 61 241 102 78 6 185 245 250 88 168 154 69 175 198 27 204 144 16 42 183 132 47 157 29 202 179 159 123 98 32 50 171 80 77 7 52 116 113 199 20 79 240 242 75 101 127 96 239 122 58 230 174 184 214 46 226 254 200 170 83 229 1 15 235 178 197 149 65 164 5 225 234 166 169 182 205 53 104 206 215 196 152 9 124 95 186 146 106 135 45 111 93 160 34 0 89 219 246 84 13 207 148 62 131 121 203 126 73 176 143 201 48 94 220 17 227 39 11 167 68 195 22 103 181 145 10 37 76 51 28 208 134 57 212 155 86 210 70 117 26 249 193 31 72 54 136 188 237 66 41 217 162 30 173 87 190 19 81 128 85 133 158 99 91 108 147 177 119 125 3 141 24 252 55 248 232 172 224 222 251 138 60 153 18 244 140 43 247 114 
	Fitness: 45813734

Generacion 90
	Solucion: 221 82 253 92 191 100 192 56 4 64 209 23 8 90 211 163 2 137 216 105 194 151 49 67 110 142 165 218 71 33 223 40 109 35 213 161 107 118 59 63 228 44 231 14 130 38 180 255 150 36 156 238 233 243 112 74 12 187 120 21 25 129 115 97 236 189 139 61 241 102 78 6 185 245 250 88 168 154 69 175 198 27 204 144 16 42 183 132 47 157 29 202 179 159 123 98 32 50 171 80 77 7 52 116 113 199 20 79 240 242 75 101 127 96 239 122 58 230 174 184 214 46 226 254 200 170 83 229 1 15 235 178 197 149 65 164 5 225 234 166 169 182 205 53 104 206 215 196 152 9 124 95 186 146 106 135 45 111 93 160 34 0 89 219 246 84 13 207 148 62 131 121 203 126 73 176 143 201 48 94 220 17 227 39 11 167 68 195 22 103 181 145 10 37 76 51 28 208 134 57 212 155 86 210 70 117 26 249 193 31 72 54 136 188 237 66 41 217 162 30 173 87 190 19 81 128 85 133 158 99 91 108 147 177 119 125 3 141 24 252 55 248 232 172 224 222 251 138 60 153 18 244 140 43 247 114 
	Fitness: 45813734

Generacion 91
	Solucion: 221 82 253 92 191 100 192 56 4 64 209 23 8 90 211 163 2 137 216 105 194 151 49 67 110 142 165 218 71 33 223 40 109 35 213 161 107 118 59 63 228 44 231 14 130 38 180 255 150 36 156 238 233 243 112 74 12 187 120 21 25 129 115 97 236 189 139 61 241 102 78 6 185 245 250 88 168 154 69 175 198 27 204 144 16 42 183 132 47 157 29 202 179 159 123 98 32 50 171 80 77 7 52 116 113 199 20 79 240 242 75 101 127 96 239 122 58 230 174 184 214 46 226 254 200 170 83 229 1 15 235 178 197 149 65 164 5 225 234 166 169 182 205 53 104 206 215 196 152 9 124 95 186 146 106 135 45 111 93 160 34 0 89 219 246 84 13 207 148 62 131 121 203 126 73 176 143 201 48 94 220 17 227 39 11 167 68 195 22 103 181 145 10 37 76 51 28 208 134 57 212 155 86 210 70 117 26 249 193 31 72 54 136 188 237 66 41 217 162 30 173 87 190 19 81 128 85 133 158 99 91 108 147 177 119 125 3 141 24 252 55 248 232 172 224 222 251 138 60 153 18 244 140 43 247 114 
	Fitness: 45813734

Generacion 92
	Solucion: 221 82 253 92 191 100 192 56 4 64 209 23 8 90 211 163 2 137 216 105 194 151 49 67 110 142 165 218 71 33 223 40 109 35 213 161 107 118 59 63 228 44 231 14 130 38 180 255 150 36 156 238 233 243 112 74 12 187 120 21 25 129 115 97 236 189 139 61 241 102 78 6 185 245 250 88 168 154 69 175 198 27 204 144 16 42 183 132 47 157 29 202 179 159 123 98 32 50 171 80 77 7 52 116 113 199 20 79 240 242 75 101 127 96 239 122 58 230 174 184 214 46 226 254 200 170 83 229 1 15 235 178 197 149 65 164 5 225 234 166 169 182 205 53 104 206 215 196 152 9 124 95 186 146 106 135 45 111 93 160 34 0 89 219 246 84 13 207 148 62 131 121 203 126 73 176 143 201 48 94 220 17 227 39 11 167 68 195 22 103 181 145 10 37 76 51 28 208 134 57 212 155 86 210 70 117 26 249 193 31 72 54 136 188 237 66 41 217 162 30 173 87 190 19 81 128 85 133 158 99 91 108 147 177 119 125 3 141 24 252 55 248 232 172 224 222 251 138 60 153 18 244 140 43 247 114 
	Fitness: 45813734

Generacion 93
	Solucion: 221 82 253 92 191 100 192 56 4 64 209 23 8 90 211 163 2 137 216 105 194 151 49 67 110 142 165 218 71 33 223 40 109 35 213 161 107 118 59 63 228 44 231 14 130 38 180 255 150 36 156 238 233 243 112 74 12 187 120 21 25 129 115 97 236 189 139 61 241 102 78 6 185 245 250 88 168 154 69 175 198 27 204 144 16 42 183 132 47 157 29 202 179 159 123 98 32 50 171 80 77 7 52 116 113 199 20 79 240 242 75 101 127 96 239 122 58 230 174 184 214 46 226 254 200 170 83 229 1 15 235 178 197 149 65 164 5 225 234 166 169 182 205 53 104 206 215 196 152 9 124 95 186 146 106 135 45 111 93 160 34 0 89 219 246 84 13 207 148 62 131 121 203 126 73 176 143 201 48 94 220 17 227 39 11 167 68 195 22 103 181 145 10 37 76 51 28 208 134 57 212 155 86 210 70 117 26 249 193 31 72 54 136 188 237 66 41 217 162 30 173 87 190 19 81 128 85 133 158 99 91 108 147 177 119 125 3 141 24 252 55 248 232 172 224 222 251 138 60 153 18 244 140 43 247 114 
	Fitness: 45813734

Generacion 94
	Solucion: 221 82 253 92 191 100 192 56 4 64 209 23 8 90 211 163 2 137 216 105 194 151 49 67 110 142 165 218 71 33 223 40 109 35 213 161 107 118 59 63 228 44 231 14 130 38 180 255 150 36 156 238 233 243 112 74 12 187 120 21 25 129 115 97 236 189 139 61 241 102 78 6 185 245 250 88 168 154 69 175 198 27 204 144 16 42 183 132 47 157 29 202 179 159 123 98 32 50 171 80 77 7 52 116 113 199 20 79 240 242 75 101 127 96 239 122 58 230 174 184 214 46 226 254 200 170 83 229 1 15 235 178 197 149 65 164 5 225 234 166 169 182 205 53 104 206 215 196 152 9 124 95 186 146 106 135 45 111 93 160 34 0 89 219 246 84 13 207 148 62 131 121 203 126 73 176 143 201 48 94 220 17 227 39 11 167 68 195 22 103 181 145 10 37 76 51 28 208 134 57 212 155 86 210 70 117 26 249 193 31 72 54 136 188 237 66 41 217 162 30 173 87 190 19 81 128 85 133 158 99 91 108 147 177 119 125 3 141 24 252 55 248 232 172 224 222 251 138 60 153 18 244 140 43 247 114 
	Fitness: 45813734

Generacion 95
	Solucion: 221 82 253 92 191 100 192 56 4 64 209 23 8 90 211 163 2 137 216 105 194 151 49 67 110 142 165 218 71 33 223 40 109 35 213 161 107 118 59 63 228 44 231 14 130 38 180 255 150 36 156 238 233 243 112 74 12 187 120 21 25 129 115 97 236 189 139 61 241 102 78 6 185 245 250 88 168 154 69 175 198 27 204 144 16 42 183 132 47 157 29 202 179 159 123 98 32 50 171 80 77 7 52 116 113 199 20 79 240 242 75 101 127 96 239 122 58 230 174 184 214 46 226 254 200 170 83 229 1 15 235 178 197 149 65 164 5 225 234 166 169 182 205 53 104 206 215 196 152 9 124 95 186 146 106 135 45 111 93 160 34 0 89 219 246 84 13 207 148 62 131 121 203 126 73 176 143 201 48 94 220 17 227 39 11 167 68 195 22 103 181 145 10 37 76 51 28 208 134 57 212 155 86 210 70 117 26 249 193 31 72 54 136 188 237 66 41 217 162 30 173 87 190 19 81 128 85 133 158 99 91 108 147 177 119 125 3 141 24 252 55 248 232 172 224 222 251 138 60 153 18 244 140 43 247 114 
	Fitness: 45813734

Generacion 96
	Solucion: 221 82 253 92 191 100 192 56 4 64 209 23 8 90 211 163 2 137 216 105 194 151 49 67 110 142 165 218 71 33 223 40 109 35 213 161 107 118 59 63 228 44 231 14 130 38 180 255 150 36 156 238 233 243 112 74 12 187 120 21 25 129 115 97 236 189 139 61 241 102 78 6 185 245 250 88 168 154 69 175 198 27 204 144 16 42 183 132 47 157 29 202 179 159 123 98 32 50 171 80 77 7 52 116 113 199 20 79 240 242 75 101 127 96 239 122 58 230 174 184 214 46 226 254 200 170 83 229 1 15 235 178 197 149 65 164 5 225 234 166 169 182 205 53 104 206 215 196 152 9 124 95 186 146 106 135 45 111 93 160 34 0 89 219 246 84 13 207 148 62 131 121 203 126 73 176 143 201 48 94 220 17 227 39 11 167 68 195 22 103 181 145 10 37 76 51 28 208 134 57 212 155 86 210 70 117 26 249 193 31 72 54 136 188 237 66 41 217 162 30 173 87 190 19 81 128 85 133 158 99 91 108 147 177 119 125 3 141 24 252 55 248 232 172 224 222 251 138 60 153 18 244 140 43 247 114 
	Fitness: 45813734

Generacion 97
	Solucion: 221 82 253 92 191 100 192 56 4 64 209 23 8 90 211 163 2 137 216 105 194 151 49 67 110 142 165 218 71 33 223 40 109 35 213 161 107 118 59 63 228 44 231 14 130 38 180 255 150 36 156 238 233 243 112 74 12 187 120 21 25 129 115 97 236 189 139 61 241 102 78 6 185 245 250 88 168 154 69 175 198 27 204 144 16 42 183 132 47 157 29 202 179 159 123 98 32 50 171 80 77 7 52 116 113 199 20 79 240 242 75 101 127 96 239 122 58 230 174 184 214 46 226 254 200 170 83 229 1 15 235 178 197 149 65 164 5 225 234 166 169 182 205 53 104 206 215 196 152 9 124 95 186 146 106 135 45 111 93 160 34 0 89 219 246 84 13 207 148 62 131 121 203 126 73 176 143 201 48 94 220 17 227 39 11 167 68 195 22 103 181 145 10 37 76 51 28 208 134 57 212 155 86 210 70 117 26 249 193 31 72 54 136 188 237 66 41 217 162 30 173 87 190 19 81 128 85 133 158 99 91 108 147 177 119 125 3 141 24 252 55 248 232 172 224 222 251 138 60 153 18 244 140 43 247 114 
	Fitness: 45813734

Generacion 98
	Solucion: 221 82 253 92 191 100 192 56 4 64 209 23 8 90 211 163 2 137 216 105 194 151 49 67 110 142 165 218 71 33 223 40 109 35 213 161 107 118 59 63 228 44 231 14 130 38 180 255 150 36 156 238 233 243 112 74 12 187 120 21 25 129 115 97 236 189 139 61 241 102 78 6 185 245 250 88 168 154 69 175 198 27 204 144 16 42 183 132 47 157 29 202 179 159 123 98 32 50 171 80 77 7 52 116 113 199 20 79 240 242 75 101 127 96 239 122 58 230 174 184 214 46 226 254 200 170 83 229 1 15 235 178 197 149 65 164 5 225 234 166 169 182 205 53 104 206 215 196 152 9 124 95 186 146 106 135 45 111 93 160 34 0 89 219 246 84 13 207 148 62 131 121 203 126 73 176 143 201 48 94 220 17 227 39 11 167 68 195 22 103 181 145 10 37 76 51 28 208 134 57 212 155 86 210 70 117 26 249 193 31 72 54 136 188 237 66 41 217 162 30 173 87 190 19 81 128 85 133 158 99 91 108 147 177 119 125 3 141 24 252 55 248 232 172 224 222 251 138 60 153 18 244 140 43 247 114 
	Fitness: 45813734

Generacion 99
	Solucion: 221 82 253 92 191 100 192 56 4 64 209 23 8 90 211 163 2 137 216 105 194 151 49 67 110 142 165 218 71 33 223 40 109 35 213 161 107 118 59 63 228 44 231 14 130 38 180 255 150 36 156 238 233 243 112 74 12 187 120 21 25 129 115 97 236 189 139 61 241 102 78 6 185 245 250 88 168 154 69 175 198 27 204 144 16 42 183 132 47 157 29 202 179 159 123 98 32 50 171 80 77 7 52 116 113 199 20 79 240 242 75 101 127 96 239 122 58 230 174 184 214 46 226 254 200 170 83 229 1 15 235 178 197 149 65 164 5 225 234 166 169 182 205 53 104 206 215 196 152 9 124 95 186 146 106 135 45 111 93 160 34 0 89 219 246 84 13 207 148 62 131 121 203 126 73 176 143 201 48 94 220 17 227 39 11 167 68 195 22 103 181 145 10 37 76 51 28 208 134 57 212 155 86 210 70 117 26 249 193 31 72 54 136 188 237 66 41 217 162 30 173 87 190 19 81 128 85 133 158 99 91 108 147 177 119 125 3 141 24 252 55 248 232 172 224 222 251 138 60 153 18 244 140 43 247 114 
	Fitness: 45813734

Generacion 100
	Solucion: 221 82 253 92 191 100 192 56 4 64 209 23 8 90 211 163 2 137 216 105 194 151 49 67 110 142 165 218 71 33 223 40 109 35 213 161 107 118 59 63 228 44 231 14 130 38 180 255 150 36 156 238 233 243 112 74 12 187 120 21 25 129 115 97 236 189 139 61 241 102 78 6 185 245 250 88 168 154 69 175 198 27 204 144 16 42 183 132 47 157 29 202 179 159 123 98 32 50 171 80 77 7 52 116 113 199 20 79 240 242 75 101 127 96 239 122 58 230 174 184 214 46 226 254 200 170 83 229 1 15 235 178 197 149 65 164 5 225 234 166 169 182 205 53 104 206 215 196 152 9 124 95 186 146 106 135 45 111 93 160 34 0 89 219 246 84 13 207 148 62 131 121 203 126 73 176 143 201 48 94 220 17 227 39 11 167 68 195 22 103 181 145 10 37 76 51 28 208 134 57 212 155 86 210 70 117 26 249 193 31 72 54 136 188 237 66 41 217 162 30 173 87 190 19 81 128 85 133 158 99 91 108 147 177 119 125 3 141 24 252 55 248 232 172 224 222 251 138 60 153 18 244 140 43 247 114 
	Fitness: 45813734

	Solucion: 221 82 253 92 191 100 192 56 4 64 209 23 8 90 211 163 2 137 216 105 194 151 49 67 110 142 165 218 71 33 223 40 109 35 213 161 107 118 59 63 228 44 231 14 130 38 180 255 150 36 156 238 233 243 112 74 12 187 120 21 25 129 115 97 236 189 139 61 241 102 78 6 185 245 250 88 168 154 69 175 198 27 204 144 16 42 183 132 47 157 29 202 179 159 123 98 32 50 171 80 77 7 52 116 113 199 20 79 240 242 75 101 127 96 239 122 58 230 174 184 214 46 226 254 200 170 83 229 1 15 235 178 197 149 65 164 5 225 234 166 169 182 205 53 104 206 215 196 152 9 124 95 186 146 106 135 45 111 93 160 34 0 89 219 246 84 13 207 148 62 131 121 203 126 73 176 143 201 48 94 220 17 227 39 11 167 68 195 22 103 181 145 10 37 76 51 28 208 134 57 212 155 86 210 70 117 26 249 193 31 72 54 136 188 237 66 41 217 162 30 173 87 190 19 81 128 85 133 158 99 91 108 147 177 119 125 3 141 24 252 55 248 232 172 224 222 251 138 60 153 18 244 140 43 247 114 
	Fitness: 45813734

  --> Tiempo: 0.62121
