Generacion 1
	Solucion: 242 179 224 168 71 147 229 189 143 113 29 164 227 254 149 86 47 65 217 200 11 59 166 223 204 187 1 16 9 194 235 76 93 98 214 101 141 36 151 48 252 44 250 78 206 185 116 246 160 122 120 83 137 7 4 158 145 162 33 237 202 154 103 73 197 105 108 192 232 15 39 130 126 96 61 90 53 56 183 134 95 139 42 19 50 209 156 191 68 212 24 21 234 25 6 110 69 119 123 146 41 127 94 23 152 142 118 176 67 49 51 26 57 133 138 43 12 220 198 87 45 240 173 196 79 107 89 109 106 129 20 131 153 22 210 80 238 181 218 136 84 27 251 228 171 17 10 172 62 115 157 99 58 208 77 248 8 92 63 243 213 52 190 114 195 205 219 186 55 60 226 144 201 112 253 233 117 211 38 72 85 88 216 221 31 175 170 74 203 111 165 66 236 225 0 97 188 32 247 241 163 128 13 161 40 215 222 255 132 75 64 178 180 155 30 245 239 177 121 3 34 70 104 159 46 244 140 54 2 230 231 184 18 102 174 199 100 249 207 5 124 35 125 148 37 150 91 82 193 28 169 167 81 182 14 135 
	Fitness: 44942752

Generacion 2
	Solucion: 181 48 164 239 220 198 162 117 171 194 99 6 123 110 127 208 102 104 62 184 242 81 74 188 201 45 69 67 249 251 93 237 166 57 72 245 205 16 60 225 207 15 84 40 142 91 42 157 10 12 169 96 37 203 179 232 190 106 54 108 1 149 87 176 3 79 20 23 114 128 228 254 247 121 27 50 213 145 140 175 215 218 35 30 134 8 131 211 151 33 136 154 189 206 135 212 160 55 47 41 172 152 248 71 24 168 9 124 231 31 187 137 100 138 216 115 223 86 92 143 0 61 167 250 44 234 46 159 122 173 153 126 246 191 11 88 58 236 185 214 227 75 129 177 244 116 158 13 59 113 17 219 5 196 235 56 70 182 2 209 221 155 148 204 21 141 82 174 76 53 19 165 178 109 255 25 161 238 125 180 210 199 243 112 26 95 163 68 22 186 38 51 130 107 183 14 36 240 146 195 197 101 80 147 49 105 83 32 230 120 4 103 66 7 193 78 73 133 192 34 156 132 253 52 85 77 144 97 98 200 39 229 111 202 28 94 170 139 63 118 252 241 29 43 89 226 222 217 18 150 90 119 224 64 65 233 
	Fitness: 44860110

Generacion 3
	Solucion: 152 250 32 30 74 121 140 241 209 17 108 88 110 182 96 150 34 60 160 83 189 78 232 115 184 23 147 81 174 40 64 57 125 66 201 135 128 223 93 199 195 247 63 68 6 192 229 3 138 43 118 235 206 100 45 172 85 203 169 214 133 142 212 186 244 155 226 20 159 218 180 13 103 0 165 252 91 177 238 255 51 106 28 54 9 162 71 26 221 113 130 37 97 27 183 10 228 87 237 190 179 187 220 170 222 185 164 21 52 84 251 29 243 219 67 176 181 137 70 207 79 132 56 239 163 11 158 240 208 129 245 15 86 242 98 194 153 215 204 205 167 39 72 217 134 143 101 178 75 196 144 14 116 124 122 18 231 46 104 154 198 233 112 227 90 61 82 36 31 249 114 197 149 131 146 161 47 94 111 173 25 41 102 22 76 216 2 24 19 141 213 253 44 35 193 16 1 62 166 236 123 53 59 145 175 210 50 157 248 99 120 95 139 156 4 168 127 105 42 246 119 126 8 117 49 38 191 200 136 5 58 12 202 7 109 171 230 55 89 107 77 188 33 48 80 151 234 225 224 92 254 148 73 69 211 65 
	Fitness: 44852540

Generacion 4
	Solucion: 152 250 32 30 74 121 140 241 209 17 108 88 110 182 96 150 34 60 160 83 189 78 232 115 184 23 147 81 174 40 64 57 125 66 201 135 128 223 93 199 195 247 63 68 6 192 229 3 138 43 118 235 206 100 45 172 85 203 169 214 133 142 212 186 244 155 226 20 159 218 180 13 103 0 165 252 91 177 238 255 51 106 28 54 9 162 71 26 221 113 130 37 97 27 183 10 228 87 237 190 179 187 220 170 222 185 164 21 52 84 251 29 243 219 67 176 181 137 70 207 79 132 56 239 163 11 158 240 208 129 245 15 86 242 98 194 153 215 204 205 167 39 72 217 134 143 101 178 75 196 144 14 116 124 122 18 231 46 104 154 198 233 112 227 90 61 82 36 31 249 114 197 149 131 146 161 47 94 111 173 25 41 102 22 76 216 2 24 19 141 213 253 44 35 193 16 1 62 166 236 123 53 59 145 175 210 50 157 248 99 120 95 139 156 4 168 127 105 42 246 119 126 8 117 49 38 191 200 136 5 58 12 202 7 109 171 230 55 89 107 77 188 33 48 80 151 234 225 224 92 254 148 73 69 211 65 
	Fitness: 44852540

Generacion 5
	Solucion: 152 250 32 30 74 121 140 241 209 17 108 88 110 182 96 150 34 60 160 83 189 78 232 115 184 23 147 81 174 40 64 57 125 66 201 135 128 223 93 199 195 247 63 68 6 192 229 3 138 43 118 235 206 100 45 172 85 203 169 214 133 142 212 186 244 155 226 20 159 218 180 13 103 0 165 252 91 177 238 255 51 106 28 54 9 162 71 26 221 113 130 37 97 27 183 10 228 87 237 190 179 187 220 170 222 185 164 21 52 84 251 29 243 219 67 176 181 137 70 207 79 132 56 239 163 11 158 240 208 129 245 15 86 242 98 194 153 215 204 205 167 39 72 217 134 143 101 178 75 196 144 14 116 124 122 18 231 46 104 154 198 233 112 227 90 61 82 36 31 249 114 197 149 131 146 161 47 94 111 173 25 41 102 22 76 216 2 24 19 141 213 253 44 35 193 16 1 62 166 236 123 53 59 145 175 210 50 157 248 99 120 95 139 156 4 168 127 105 42 246 119 126 8 117 49 38 191 200 136 5 58 12 202 7 109 171 230 55 89 107 77 188 33 48 80 151 234 225 224 92 254 148 73 69 211 65 
	Fitness: 44852540

Generacion 6
	Solucion: 215 198 32 249 247 234 75 209 49 181 144 30 226 69 217 18 237 11 200 38 169 105 8 41 90 64 230 239 43 52 135 133 92 219 98 154 13 161 176 35 86 243 56 164 26 252 127 122 152 45 21 15 1 109 150 116 95 71 147 113 204 228 187 103 139 66 23 78 96 4 196 60 211 222 189 175 158 167 178 202 245 207 240 120 101 63 83 124 172 73 130 141 97 61 82 112 93 2 142 51 59 238 136 3 146 163 70 166 57 7 121 208 241 159 39 153 140 12 160 131 168 46 250 10 99 5 85 229 220 104 65 157 190 40 183 84 206 214 194 126 223 185 192 221 173 179 123 37 199 171 22 20 145 149 242 251 212 25 244 44 106 79 102 48 77 129 227 188 54 254 29 9 174 72 50 216 68 151 16 118 248 184 76 203 138 186 191 143 108 155 224 80 134 74 197 6 162 165 34 33 47 62 67 201 218 94 36 24 253 210 19 170 128 111 193 89 156 88 42 137 17 125 110 117 233 205 27 28 114 177 119 87 180 91 81 0 213 55 236 255 232 246 231 225 115 132 58 148 14 100 31 53 235 182 107 195 
	Fitness: 44842922

Generacion 7
	Solucion: 215 198 32 249 247 234 75 209 49 181 144 30 226 69 217 18 237 11 200 38 169 105 8 41 90 64 230 239 43 52 135 133 92 219 98 154 13 161 176 35 86 243 56 164 26 252 127 122 152 45 21 15 1 109 150 116 95 71 147 113 204 228 187 103 139 66 23 78 96 4 196 60 211 222 189 175 158 167 178 202 245 207 240 120 101 63 83 124 172 73 130 141 97 61 82 112 93 2 142 51 59 238 136 3 146 163 70 166 57 7 121 208 241 159 39 153 140 12 160 131 168 46 250 10 99 5 85 229 220 104 65 157 190 40 183 84 206 214 194 126 223 185 192 221 173 179 123 37 199 171 22 20 145 149 242 251 212 25 244 44 106 79 102 48 77 129 227 188 54 254 29 9 174 72 50 216 68 151 16 118 248 184 76 203 138 186 191 143 108 155 224 80 134 74 197 6 162 165 34 33 47 62 67 201 218 94 36 24 253 210 19 170 128 111 193 89 156 88 42 137 17 125 110 117 233 205 27 28 114 177 119 87 180 91 81 0 213 55 236 255 232 246 231 225 115 132 58 148 14 100 31 53 235 182 107 195 
	Fitness: 44842922

Generacion 8
	Solucion: 215 198 32 249 247 234 75 209 49 181 144 30 226 69 217 18 237 11 200 38 169 105 8 41 90 64 230 239 43 52 135 133 92 219 98 154 13 161 176 35 86 243 56 164 26 252 127 122 152 45 21 15 1 109 150 116 95 71 147 113 204 228 187 103 139 66 23 78 96 4 196 60 211 222 189 175 158 167 178 202 245 207 240 120 101 63 83 124 172 73 130 141 97 61 82 112 93 2 142 51 59 238 136 3 146 163 70 166 57 7 121 208 241 159 39 153 140 12 160 131 168 46 250 10 99 5 85 229 220 104 65 157 190 40 183 84 206 214 194 126 223 185 192 221 173 179 123 37 199 171 22 20 145 149 242 251 212 25 244 44 106 79 102 48 77 129 227 188 54 254 29 9 174 72 50 216 68 151 16 118 248 184 76 203 138 186 191 143 108 155 224 80 134 74 197 6 162 165 34 33 47 62 67 201 218 94 36 24 253 210 19 170 128 111 193 89 156 88 42 137 17 125 110 117 233 205 27 28 114 177 119 87 180 91 81 0 213 55 236 255 232 246 231 225 115 132 58 148 14 100 31 53 235 182 107 195 
	Fitness: 44842922

Generacion 9
	Solucion: 215 198 32 249 247 234 75 209 49 181 144 30 226 69 217 18 237 11 200 38 169 105 8 41 90 64 230 239 43 52 135 133 92 219 98 154 13 161 176 35 86 243 56 164 26 252 127 122 152 45 21 15 1 109 150 116 95 71 147 113 204 228 187 103 139 66 23 78 96 4 196 60 211 222 189 175 158 167 178 202 245 207 240 120 101 63 83 124 172 73 130 141 97 61 82 112 93 2 142 51 59 238 136 3 146 163 70 166 57 7 121 208 241 159 39 153 140 12 160 131 168 46 250 10 99 5 85 229 220 104 65 157 190 40 183 84 206 214 194 126 223 185 192 221 173 179 123 37 199 171 22 20 145 149 242 251 212 25 244 44 106 79 102 48 77 129 227 188 54 254 29 9 174 72 50 216 68 151 16 118 248 184 76 203 138 186 191 143 108 155 224 80 134 74 197 6 162 165 34 33 47 62 67 201 218 94 36 24 253 210 19 170 128 111 193 89 156 88 42 137 17 125 110 117 233 205 27 28 114 177 119 87 180 91 81 0 213 55 236 255 232 246 231 225 115 132 58 148 14 100 31 53 235 182 107 195 
	Fitness: 44842922

Generacion 10
	Solucion: 215 198 32 249 247 234 75 209 49 181 144 30 226 69 217 18 237 11 200 38 169 105 8 41 90 64 230 239 43 52 135 133 92 219 98 154 13 161 176 35 86 243 56 164 26 252 127 122 152 45 21 15 1 109 150 116 95 71 147 113 204 228 187 103 139 66 23 78 96 4 196 60 211 222 189 175 158 167 178 202 245 207 240 120 101 63 83 124 172 73 130 141 97 61 82 112 93 2 142 51 59 238 136 3 146 163 70 166 57 7 121 208 241 159 39 153 140 12 160 131 168 46 250 10 99 5 85 229 220 104 65 157 190 40 183 84 206 214 194 126 223 185 192 221 173 179 123 37 199 171 22 20 145 149 242 251 212 25 244 44 106 79 102 48 77 129 227 188 54 254 29 9 174 72 50 216 68 151 16 118 248 184 76 203 138 186 191 143 108 155 224 80 134 74 197 6 162 165 34 33 47 62 67 201 218 94 36 24 253 210 19 170 128 111 193 89 156 88 42 137 17 125 110 117 233 205 27 28 114 177 119 87 180 91 81 0 213 55 236 255 232 246 231 225 115 132 58 148 14 100 31 53 235 182 107 195 
	Fitness: 44842922

Generacion 11
	Solucion: 74 60 33 23 250 48 18 62 26 47 195 6 192 221 180 132 89 98 229 199 66 81 121 174 152 43 150 177 68 172 142 3 206 85 100 125 217 147 57 95 191 214 247 40 110 77 138 117 184 72 169 224 157 145 212 232 115 128 30 108 204 96 135 187 244 155 226 20 159 235 202 13 102 0 165 252 91 209 238 255 51 123 28 54 9 162 87 182 241 104 113 37 12 27 97 183 228 86 7 114 88 163 186 203 222 185 133 190 15 242 218 29 59 170 67 176 181 243 70 193 129 198 219 239 237 111 164 52 178 10 109 240 79 84 56 220 194 179 71 205 234 39 137 201 134 143 101 140 75 196 144 248 116 124 122 11 231 46 58 154 21 233 112 227 90 61 82 36 31 215 223 130 149 131 146 161 171 94 64 173 153 41 103 22 76 216 148 24 19 69 213 253 44 35 207 16 211 78 166 236 160 53 45 25 175 210 151 188 254 99 249 65 139 156 4 168 55 105 42 246 119 106 73 118 50 38 49 63 208 5 167 80 8 120 230 107 17 2 197 225 34 93 251 1 126 83 127 141 136 92 189 14 158 200 32 245 
	Fitness: 44839186

Generacion 12
	Solucion: 62 250 60 32 45 6 26 74 18 49 195 23 192 221 180 132 89 98 229 199 66 64 121 174 152 43 150 177 68 172 142 3 206 85 83 125 217 147 57 95 191 214 247 40 110 77 138 117 184 72 169 224 157 145 212 232 115 128 31 108 204 96 135 187 244 155 226 20 159 235 202 13 102 0 165 252 91 209 238 255 35 123 28 54 9 162 87 182 241 104 113 37 118 148 97 183 228 86 12 114 88 163 186 203 222 185 133 190 15 242 218 29 27 41 67 176 181 243 170 193 129 198 70 239 237 111 164 52 178 10 109 240 76 84 56 220 194 179 71 205 234 219 137 201 134 143 101 59 167 39 144 14 213 124 122 61 92 211 30 188 130 156 196 227 58 80 200 75 120 82 245 79 149 131 7 161 146 34 189 215 25 48 230 16 78 90 55 154 33 141 173 253 44 51 69 22 94 251 166 236 116 36 47 73 175 210 19 140 248 99 8 207 168 5 4 153 100 158 42 246 119 160 105 93 11 38 223 216 231 81 50 112 107 103 151 24 53 136 21 225 127 249 233 1 126 2 17 171 139 46 254 208 197 106 63 65 
	Fitness: 44835068

Generacion 13
	Solucion: 62 250 60 32 45 6 26 74 18 49 195 23 192 221 180 132 89 98 229 199 66 64 121 174 152 43 150 177 68 172 142 3 206 85 83 125 217 147 57 95 191 214 247 40 110 77 138 117 184 72 169 224 157 145 212 232 115 128 31 108 204 96 135 187 244 155 226 20 159 235 202 13 102 0 165 252 91 209 238 255 35 123 28 54 9 162 87 182 241 104 113 37 118 148 97 183 228 86 12 114 88 163 186 203 222 185 133 190 15 242 218 29 27 41 67 176 181 243 170 193 129 198 70 239 237 111 164 52 178 10 109 240 76 84 56 220 194 179 71 205 234 219 137 201 134 143 101 59 167 39 144 14 213 124 122 61 92 211 30 188 130 156 196 227 58 80 200 75 120 82 245 79 149 131 7 161 146 34 189 215 25 48 230 16 78 90 55 154 33 141 173 253 44 51 69 22 94 251 166 236 116 36 47 73 175 210 19 140 248 99 8 207 168 5 4 153 100 158 42 246 119 160 105 93 11 38 223 216 231 81 50 112 107 103 151 24 53 136 21 225 127 249 233 1 126 2 17 171 139 46 254 208 197 106 63 65 
	Fitness: 44835068

Generacion 14
	Solucion: 60 74 140 23 249 64 34 62 26 47 195 6 192 221 180 132 28 98 229 199 66 11 121 174 152 43 150 177 68 172 142 3 206 85 83 125 217 147 57 95 191 214 247 40 110 77 138 117 184 72 169 224 49 145 212 232 115 128 30 108 204 96 135 187 244 155 226 20 159 235 202 13 102 0 165 252 91 209 238 255 51 17 106 54 8 162 87 182 241 104 113 37 198 12 97 33 228 86 183 114 88 27 7 163 237 215 133 190 176 103 186 208 185 52 233 153 39 82 160 131 168 46 56 10 99 5 219 200 220 73 65 1 166 164 112 84 92 243 194 126 223 178 250 69 173 179 207 141 38 205 22 78 109 149 242 251 230 25 139 44 93 79 211 234 175 129 227 188 120 254 29 101 41 9 50 216 48 151 16 118 248 90 81 70 127 136 2 143 130 21 15 80 134 76 197 161 63 45 18 32 181 167 67 201 218 94 36 24 253 210 19 170 71 111 193 203 156 123 42 137 89 154 157 122 222 171 61 240 245 119 239 100 59 158 105 146 213 55 236 196 116 246 231 225 35 75 58 148 14 189 31 53 4 124 107 144 
	Fitness: 44826940

Generacion 15
	Solucion: 60 74 140 23 249 64 34 62 26 47 195 6 192 221 180 132 28 98 229 199 66 11 121 174 152 43 150 177 68 172 142 3 206 85 83 125 217 147 57 95 191 214 247 40 110 77 138 117 184 72 169 224 49 145 212 232 115 128 30 108 204 96 135 187 244 155 226 20 159 235 202 13 102 0 165 252 91 209 238 255 51 17 106 54 8 162 87 182 241 104 113 37 198 12 97 33 228 86 183 114 88 27 7 163 237 215 133 190 176 103 186 208 185 52 233 153 39 82 160 131 168 46 56 10 99 5 219 200 220 73 65 1 166 164 112 84 92 243 194 126 223 178 250 69 173 179 207 141 38 205 22 78 109 149 242 251 230 25 139 44 93 79 211 234 175 129 227 188 120 254 29 101 41 9 50 216 48 151 16 118 248 90 81 70 127 136 2 143 130 21 15 80 134 76 197 161 63 45 18 32 181 167 67 201 218 94 36 24 253 210 19 170 71 111 193 203 156 123 42 137 89 154 157 122 222 171 61 240 245 119 239 100 59 158 105 146 213 55 236 196 116 246 231 225 35 75 58 148 14 189 31 53 4 124 107 144 
	Fitness: 44826940

Generacion 16
	Solucion: 212 74 60 23 250 64 140 34 26 62 195 6 192 221 180 132 157 98 229 199 49 11 121 174 152 43 150 177 68 172 127 3 206 85 83 125 217 147 57 95 191 214 247 40 110 77 123 117 184 72 169 224 47 145 45 232 115 128 30 108 204 81 135 187 244 209 227 20 159 235 202 13 102 0 165 252 91 154 238 255 51 17 106 54 9 162 87 182 242 104 113 37 198 12 251 33 228 86 183 114 88 27 7 163 237 215 133 236 176 103 186 208 185 52 233 153 39 213 63 131 168 245 56 10 99 119 219 240 220 73 65 225 138 164 112 122 100 243 160 89 116 178 249 69 173 158 207 141 171 205 231 78 109 149 241 222 230 25 139 44 93 79 155 234 175 129 226 188 42 254 29 137 41 8 50 216 48 55 16 118 248 90 96 70 58 200 2 143 239 21 15 80 134 76 194 161 32 46 35 211 181 28 67 201 218 59 36 24 253 210 19 170 71 179 193 203 156 167 120 101 166 18 75 246 97 144 111 136 66 38 196 92 94 105 61 107 82 151 190 84 223 130 197 1 126 22 142 148 14 189 31 53 4 124 146 5 
	Fitness: 44823042

Generacion 17
	Solucion: 212 74 60 23 250 64 140 34 26 62 195 6 192 221 180 132 157 98 229 199 49 11 121 174 152 43 150 177 68 172 127 3 206 85 83 125 217 147 57 95 191 214 247 40 110 77 123 117 184 72 169 224 47 145 45 232 115 128 30 108 204 81 135 187 244 209 227 20 159 235 202 13 102 0 165 252 91 154 238 255 51 17 106 54 9 162 87 182 242 104 113 37 198 12 251 33 228 86 183 114 88 27 7 163 237 215 133 236 176 103 186 208 185 52 233 153 39 213 63 131 168 245 56 10 99 119 219 240 220 73 65 225 138 164 112 122 100 243 160 89 116 178 249 69 173 158 207 141 171 205 231 78 109 149 241 222 230 25 139 44 93 79 155 234 175 129 226 188 42 254 29 137 41 8 50 216 48 55 16 118 248 90 96 70 58 200 2 143 239 21 15 80 134 76 194 161 32 46 35 211 181 28 67 201 218 59 36 24 253 210 19 170 71 179 193 203 156 167 120 101 166 18 75 246 97 144 111 136 66 38 196 92 94 105 61 107 82 151 190 84 223 130 197 1 126 22 142 148 14 189 31 53 4 124 146 5 
	Fitness: 44823042

Generacion 18
	Solucion: 138 23 74 60 250 64 155 34 26 212 195 6 62 221 180 132 140 98 229 199 49 11 121 192 152 43 150 191 68 172 96 3 206 85 83 125 217 147 57 95 177 214 247 40 110 77 174 117 184 72 169 224 47 145 45 232 115 142 30 108 204 66 135 187 244 209 227 20 128 235 202 13 102 0 165 252 91 159 238 255 51 17 106 54 9 162 87 182 242 104 113 37 4 12 251 33 228 86 183 114 198 27 7 88 237 18 133 236 176 103 186 208 185 52 163 153 233 215 63 131 168 245 56 10 99 119 164 14 178 213 109 240 149 84 139 220 158 179 129 205 97 219 246 73 234 157 79 44 35 181 144 207 243 124 122 222 166 211 31 82 239 116 196 226 58 25 200 188 120 254 29 101 41 32 50 216 48 151 16 118 248 90 127 70 160 136 2 143 130 21 15 80 134 76 194 161 61 46 189 75 100 69 67 201 218 59 36 24 253 210 19 170 71 111 193 203 156 123 42 137 89 154 105 93 197 38 223 22 231 230 241 148 107 173 81 39 53 146 171 225 78 249 5 1 126 55 112 141 175 92 167 190 8 28 94 65 
	Fitness: 44817448

Generacion 19
	Solucion: 138 23 74 60 250 64 155 34 26 212 195 6 62 221 180 132 140 98 229 199 49 11 121 192 152 43 150 191 68 172 96 3 206 85 83 125 217 147 57 95 177 214 247 40 110 77 174 117 184 72 169 224 47 145 45 232 115 142 30 108 204 66 135 187 244 209 227 20 128 235 202 13 102 0 165 252 91 159 238 255 51 17 106 54 9 162 87 182 242 104 113 37 4 12 251 33 228 86 183 114 198 27 7 88 237 18 133 236 176 103 186 208 185 52 163 153 233 215 63 131 168 245 56 10 99 119 164 14 178 213 109 240 149 84 139 220 158 179 129 205 97 219 246 73 234 157 79 44 35 181 144 207 243 124 122 222 166 211 31 82 239 116 196 226 58 25 200 188 120 254 29 101 41 32 50 216 48 151 16 118 248 90 127 70 160 136 2 143 130 21 15 80 134 76 194 161 61 46 189 75 100 69 67 201 218 59 36 24 253 210 19 170 71 111 193 203 156 123 42 137 89 154 105 93 197 38 223 22 231 230 241 148 107 173 81 39 53 146 171 225 78 249 5 1 126 55 112 141 175 92 167 190 8 28 94 65 
	Fitness: 44817448

Generacion 20
	Solucion: 34 157 23 227 250 47 60 62 26 74 195 6 192 221 180 132 64 28 229 199 98 66 121 174 152 43 150 177 68 172 142 3 206 85 83 125 217 147 57 95 191 214 247 40 110 77 138 117 184 72 169 224 49 145 212 232 115 128 30 123 204 96 135 187 244 155 108 20 159 235 202 13 102 0 165 252 91 209 238 255 51 17 89 54 9 162 87 182 242 104 113 37 4 12 251 33 228 86 183 114 198 27 7 88 237 18 133 236 176 103 186 208 185 52 163 153 233 215 63 131 168 245 56 10 99 119 164 14 178 213 109 240 149 84 139 220 158 179 129 205 97 92 246 73 234 219 79 44 35 181 144 207 243 124 122 222 166 211 31 82 239 116 196 226 58 25 200 188 120 254 29 101 41 32 50 216 48 151 16 118 248 90 127 70 160 136 2 143 130 21 15 80 134 76 194 161 61 46 140 75 100 69 67 201 218 59 36 24 253 210 19 170 71 111 193 203 156 189 42 137 106 154 105 93 197 38 223 22 231 230 241 148 107 173 81 39 53 249 8 94 126 1 55 11 225 112 171 141 78 146 167 190 65 45 5 175 
	Fitness: 44817232

Generacion 21
	Solucion: 217 23 74 60 250 64 155 34 26 68 195 6 172 221 180 132 162 191 229 62 47 11 121 174 152 43 150 77 45 145 142 3 189 85 83 125 98 147 57 95 192 214 247 40 110 184 138 117 177 72 169 225 49 223 212 232 115 128 30 108 204 96 135 187 244 210 199 20 66 235 202 13 102 0 165 252 91 159 238 255 51 17 106 54 9 140 87 182 242 104 113 37 4 12 251 79 228 120 183 114 198 27 7 88 237 18 133 236 176 103 186 208 185 52 163 153 233 215 63 131 168 245 56 10 99 254 164 14 178 213 124 240 149 84 139 207 158 243 129 205 97 239 246 166 234 224 33 170 119 196 144 220 179 109 19 209 73 219 181 21 55 197 32 146 29 188 5 201 86 35 227 154 41 31 50 216 48 151 16 118 248 90 127 70 160 136 2 143 130 82 15 80 134 76 194 161 61 46 157 75 100 69 67 25 218 59 36 24 253 222 122 44 71 111 193 203 156 123 42 137 89 101 105 93 116 38 58 22 231 230 206 148 107 173 81 39 53 226 171 241 78 249 200 1 126 211 112 141 175 92 28 190 8 167 94 65 
	Fitness: 44801076

Generacion 22
	Solucion: 217 23 74 60 250 64 155 34 26 68 195 6 172 221 180 132 162 191 229 62 47 11 121 174 152 43 150 77 45 145 142 3 189 85 83 125 98 147 57 95 192 214 247 40 110 184 138 117 177 72 169 225 49 223 212 232 115 128 30 108 204 96 135 187 244 210 199 20 66 235 202 13 102 0 165 252 91 159 238 255 51 17 106 54 9 140 87 182 242 104 113 37 4 12 251 79 228 120 183 114 198 27 7 88 237 18 133 236 176 103 186 208 185 52 163 153 233 215 63 131 168 245 56 10 99 254 164 14 178 213 124 240 149 84 139 207 158 243 129 205 97 239 246 166 234 224 33 170 119 196 144 220 179 109 19 209 73 219 181 21 55 197 32 146 29 188 5 201 86 35 227 154 41 31 50 216 48 151 16 118 248 90 127 70 160 136 2 143 130 82 15 80 134 76 194 161 61 46 157 75 100 69 67 25 218 59 36 24 253 222 122 44 71 111 193 203 156 123 42 137 89 101 105 93 116 38 58 22 231 230 206 148 107 173 81 39 53 226 171 241 78 249 200 1 126 211 112 141 175 92 28 190 8 167 94 65 
	Fitness: 44801076

Generacion 23
	Solucion: 217 23 74 60 250 64 155 34 26 68 195 6 172 221 180 132 162 191 229 62 47 11 121 174 152 43 150 77 45 145 142 3 189 85 83 125 98 147 57 95 192 214 247 40 110 184 138 117 177 72 169 225 49 223 212 232 115 128 30 108 204 96 135 187 244 210 199 20 66 235 202 13 102 0 165 252 91 159 238 255 51 17 106 54 9 140 87 182 242 104 113 37 4 12 251 79 228 120 183 114 198 27 7 88 237 18 133 236 176 103 186 208 185 52 163 153 233 215 63 131 168 245 56 10 99 254 164 14 178 213 124 240 149 84 139 207 158 243 129 205 97 239 246 166 234 224 33 170 119 196 144 220 179 109 19 209 73 219 181 21 55 197 32 146 29 188 5 201 86 35 227 154 41 31 50 216 48 151 16 118 248 90 127 70 160 136 2 143 130 82 15 80 134 76 194 161 61 46 157 75 100 69 67 25 218 59 36 24 253 222 122 44 71 111 193 203 156 123 42 137 89 101 105 93 116 38 58 22 231 230 206 148 107 173 81 39 53 226 171 241 78 249 200 1 126 211 112 141 175 92 28 190 8 167 94 65 
	Fitness: 44801076

Generacion 24
	Solucion: 217 23 74 60 250 64 155 34 26 68 195 6 172 221 180 132 162 191 229 62 47 11 121 174 152 43 150 77 45 145 142 3 189 85 83 125 98 147 57 95 192 214 247 40 110 184 138 117 177 72 169 225 49 223 212 232 115 128 30 108 204 96 135 187 244 210 199 20 66 235 202 13 102 0 165 252 91 159 238 255 51 17 106 54 9 140 87 182 242 104 113 37 4 12 251 79 228 120 183 114 198 27 7 88 237 18 133 236 176 103 186 208 185 52 163 153 233 215 63 131 168 245 56 10 99 254 164 14 178 213 124 240 149 84 139 207 158 243 129 205 97 239 246 166 234 224 33 170 119 196 144 220 179 109 19 209 73 219 181 21 55 197 32 146 29 188 5 201 86 35 227 154 41 31 50 216 48 151 16 118 248 90 127 70 160 136 2 143 130 82 15 80 134 76 194 161 61 46 157 75 100 69 67 25 218 59 36 24 253 222 122 44 71 111 193 203 156 123 42 137 89 101 105 93 116 38 58 22 231 230 206 148 107 173 81 39 53 226 171 241 78 249 200 1 126 211 112 141 175 92 28 190 8 167 94 65 
	Fitness: 44801076

Generacion 25
	Solucion: 217 23 74 60 250 64 155 34 26 68 195 6 172 221 180 132 162 191 229 62 47 11 121 174 152 43 150 77 45 145 142 3 189 85 83 125 98 147 57 95 192 214 247 40 110 184 138 117 177 72 169 225 49 223 212 232 115 128 30 108 204 96 135 187 244 210 199 20 66 235 202 13 102 0 165 252 91 159 238 255 51 17 106 54 9 140 87 182 242 104 113 37 4 12 251 79 228 120 183 114 198 27 7 88 237 18 133 236 176 103 186 208 185 52 163 153 233 215 63 131 168 245 56 10 99 254 164 14 178 213 124 240 149 84 139 207 158 243 129 205 97 239 246 166 234 224 33 170 119 196 144 220 179 109 19 209 73 219 181 21 55 197 32 146 29 188 5 201 86 35 227 154 41 31 50 216 48 151 16 118 248 90 127 70 160 136 2 143 130 82 15 80 134 76 194 161 61 46 157 75 100 69 67 25 218 59 36 24 253 222 122 44 71 111 193 203 156 123 42 137 89 101 105 93 116 38 58 22 231 230 206 148 107 173 81 39 53 226 171 241 78 249 200 1 126 211 112 141 175 92 28 190 8 167 94 65 
	Fitness: 44801076

Generacion 26
	Solucion: 217 23 74 60 250 64 155 34 26 68 195 6 172 221 180 132 162 191 229 62 47 11 121 174 152 43 150 77 45 145 142 3 189 85 83 125 98 147 57 95 192 214 247 40 110 184 138 117 177 72 169 225 49 223 212 232 115 128 30 108 204 96 135 187 244 210 199 20 66 235 202 13 102 0 165 252 91 159 238 255 51 17 106 54 9 140 87 182 242 104 113 37 4 12 251 79 228 120 183 114 198 27 7 88 237 18 133 236 176 103 186 208 185 52 163 153 233 215 63 131 168 245 56 10 99 254 164 14 178 213 124 240 149 84 139 207 158 243 129 205 97 239 246 166 234 224 33 170 119 196 144 220 179 109 19 209 73 219 181 21 55 197 32 146 29 188 5 201 86 35 227 154 41 31 50 216 48 151 16 118 248 90 127 70 160 136 2 143 130 82 15 80 134 76 194 161 61 46 157 75 100 69 67 25 218 59 36 24 253 222 122 44 71 111 193 203 156 123 42 137 89 101 105 93 116 38 58 22 231 230 206 148 107 173 81 39 53 226 171 241 78 249 200 1 126 211 112 141 175 92 28 190 8 167 94 65 
	Fitness: 44801076

Generacion 27
	Solucion: 217 23 74 60 250 64 155 34 26 68 195 6 172 221 180 132 162 191 229 62 47 11 121 174 152 43 150 77 45 145 142 3 189 85 83 125 98 147 57 95 192 214 247 40 110 184 138 117 177 72 169 225 49 223 212 232 115 128 30 108 204 96 135 187 244 210 199 20 66 235 202 13 102 0 165 252 91 159 238 255 51 17 106 54 9 140 87 182 242 104 113 37 4 12 251 79 228 120 183 114 198 27 7 88 237 18 133 236 176 103 186 208 185 52 163 153 233 215 63 131 168 245 56 10 99 254 164 14 178 213 124 240 149 84 139 207 158 243 129 205 97 239 246 166 234 224 33 170 119 196 144 220 179 109 19 209 73 219 181 21 55 197 32 146 29 188 5 201 86 35 227 154 41 31 50 216 48 151 16 118 248 90 127 70 160 136 2 143 130 82 15 80 134 76 194 161 61 46 157 75 100 69 67 25 218 59 36 24 253 222 122 44 71 111 193 203 156 123 42 137 89 101 105 93 116 38 58 22 231 230 206 148 107 173 81 39 53 226 171 241 78 249 200 1 126 211 112 141 175 92 28 190 8 167 94 65 
	Fitness: 44801076

Generacion 28
	Solucion: 248 6 23 13 231 9 30 85 26 60 64 117 229 221 180 132 47 191 155 34 162 11 121 174 152 43 150 45 189 172 142 3 98 145 83 62 233 147 74 95 125 214 195 40 110 184 138 192 177 72 169 225 49 223 212 68 115 128 77 108 204 96 135 186 244 210 199 20 66 235 201 159 57 0 165 252 91 102 238 255 51 17 106 54 218 140 87 182 242 104 113 37 4 12 251 33 228 112 183 114 198 103 226 88 7 18 120 236 176 86 202 116 185 122 163 153 211 215 217 131 168 53 187 10 99 133 164 245 178 213 124 240 149 84 139 207 158 243 129 39 97 239 254 166 234 56 79 58 208 196 144 220 179 71 92 38 119 219 181 21 75 93 32 237 35 188 246 29 65 216 55 44 24 31 50 94 48 151 14 118 247 90 73 70 197 136 2 143 160 82 15 80 134 76 194 161 61 46 127 157 100 69 126 25 8 253 36 41 59 222 52 170 109 111 193 203 156 123 42 137 89 154 105 63 101 209 227 22 250 230 241 148 107 173 81 205 232 146 171 130 78 249 5 1 167 224 67 141 175 206 19 190 16 27 28 200 
	Fitness: 44794250

Generacion 29
	Solucion: 248 6 23 13 231 9 30 85 26 60 64 117 229 221 180 132 47 191 155 34 162 11 121 174 152 43 150 45 189 172 142 3 98 145 83 62 233 147 74 95 125 214 195 40 110 184 138 192 177 72 169 225 49 223 212 68 115 128 77 108 204 96 135 186 244 210 199 20 66 235 201 159 57 0 165 252 91 102 238 255 51 17 106 54 218 140 87 182 242 104 113 37 4 12 251 33 228 112 183 114 198 103 226 88 7 18 120 236 176 86 202 116 185 122 163 153 211 215 217 131 168 53 187 10 99 133 164 245 178 213 124 240 149 84 139 207 158 243 129 39 97 239 254 166 234 56 79 58 208 196 144 220 179 71 92 38 119 219 181 21 75 93 32 237 35 188 246 29 65 216 55 44 24 31 50 94 48 151 14 118 247 90 73 70 197 136 2 143 160 82 15 80 134 76 194 161 61 46 127 157 100 69 126 25 8 253 36 41 59 222 52 170 109 111 193 203 156 123 42 137 89 154 105 63 101 209 227 22 250 230 241 148 107 173 81 205 232 146 171 130 78 249 5 1 167 224 67 141 175 206 19 190 16 27 28 200 
	Fitness: 44794250

Generacion 30
	Solucion: 248 6 23 13 231 9 30 85 26 60 64 117 229 221 180 132 47 191 155 34 162 11 121 174 152 43 150 45 189 172 142 3 98 145 83 62 233 147 74 95 125 214 195 40 110 184 138 192 177 72 169 225 49 223 212 68 115 128 77 108 204 96 135 186 244 210 199 20 66 235 201 159 57 0 165 252 91 102 238 255 51 17 106 54 218 140 87 182 242 104 113 37 4 12 251 33 228 112 183 114 198 103 226 88 7 18 120 236 176 86 202 116 185 122 163 153 211 215 217 131 168 53 187 10 99 133 164 245 178 213 124 240 149 84 139 207 158 243 129 39 97 239 254 166 234 56 79 58 208 196 144 220 179 71 92 38 119 219 181 21 75 93 32 237 35 188 246 29 65 216 55 44 24 31 50 94 48 151 14 118 247 90 73 70 197 136 2 143 160 82 15 80 134 76 194 161 61 46 127 157 100 69 126 25 8 253 36 41 59 222 52 170 109 111 193 203 156 123 42 137 89 154 105 63 101 209 227 22 250 230 241 148 107 173 81 205 232 146 171 130 78 249 5 1 167 224 67 141 175 206 19 190 16 27 28 200 
	Fitness: 44794250

Generacion 31
	Solucion: 248 6 23 13 231 9 30 85 26 60 64 117 229 221 180 132 47 191 155 34 162 11 121 174 152 43 150 45 189 172 142 3 98 145 83 62 233 147 74 95 125 214 195 40 110 184 138 192 177 72 169 225 49 223 212 68 115 128 77 108 204 96 135 186 244 210 199 20 66 235 201 159 57 0 165 252 91 102 238 255 51 17 106 54 218 140 87 182 242 104 113 37 4 12 251 33 228 112 183 114 198 103 226 88 7 18 120 236 176 86 202 116 185 122 163 153 211 215 217 131 168 53 187 10 99 133 164 245 178 213 124 240 149 84 139 207 158 243 129 39 97 239 254 166 234 56 79 58 208 196 144 220 179 71 92 38 119 219 181 21 75 93 32 237 35 188 246 29 65 216 55 44 24 31 50 94 48 151 14 118 247 90 73 70 197 136 2 143 160 82 15 80 134 76 194 161 61 46 127 157 100 69 126 25 8 253 36 41 59 222 52 170 109 111 193 203 156 123 42 137 89 154 105 63 101 209 227 22 250 230 241 148 107 173 81 205 232 146 171 130 78 249 5 1 167 224 67 141 175 206 19 190 16 27 28 200 
	Fitness: 44794250

Generacion 32
	Solucion: 248 6 23 13 231 9 30 85 26 60 64 117 229 221 180 132 47 191 155 34 162 11 121 174 152 43 150 45 189 172 142 3 98 145 83 62 233 147 74 95 125 214 195 40 110 184 138 192 177 72 169 225 49 223 212 68 115 128 77 108 204 96 135 186 244 210 199 20 66 235 201 159 57 0 165 252 91 102 238 255 51 17 106 54 218 140 87 182 242 104 113 37 4 12 251 33 228 112 183 114 198 103 226 88 7 18 120 236 176 86 202 116 185 122 163 153 211 215 217 131 168 53 187 10 99 133 164 245 178 213 124 240 149 84 139 207 158 243 129 39 97 239 254 166 234 56 79 58 208 196 144 220 179 71 92 38 119 219 181 21 75 93 32 237 35 188 246 29 65 216 55 44 24 31 50 94 48 151 14 118 247 90 73 70 197 136 2 143 160 82 15 80 134 76 194 161 61 46 127 157 100 69 126 25 8 253 36 41 59 222 52 170 109 111 193 203 156 123 42 137 89 154 105 63 101 209 227 22 250 230 241 148 107 173 81 205 232 146 171 130 78 249 5 1 167 224 67 141 175 206 19 190 16 27 28 200 
	Fitness: 44794250

Generacion 33
	Solucion: 248 6 23 13 231 9 30 85 26 60 64 117 229 221 180 132 47 191 155 34 162 11 121 174 152 43 150 45 189 172 142 3 98 145 83 62 233 147 74 95 125 214 195 40 110 184 138 192 177 72 169 225 49 223 212 68 115 128 77 108 204 96 135 186 244 210 199 20 66 235 201 159 57 0 165 252 91 102 238 255 51 17 106 54 218 140 87 182 242 104 113 37 4 12 251 33 228 112 183 114 198 103 226 88 7 18 120 236 176 86 202 116 185 122 163 153 211 215 217 131 168 53 187 10 99 133 164 245 178 213 124 240 149 84 139 207 158 243 129 39 97 239 254 166 234 56 79 58 208 196 144 220 179 71 92 38 119 219 181 21 75 93 32 237 35 188 246 29 65 216 55 44 24 31 50 94 48 151 14 118 247 90 73 70 197 136 2 143 160 82 15 80 134 76 194 161 61 46 127 157 100 69 126 25 8 253 36 41 59 222 52 170 109 111 193 203 156 123 42 137 89 154 105 63 101 209 227 22 250 230 241 148 107 173 81 205 232 146 171 130 78 249 5 1 167 224 67 141 175 206 19 190 16 27 28 200 
	Fitness: 44794250

Generacion 34
	Solucion: 248 6 23 13 231 9 30 85 26 60 64 117 229 221 180 132 47 191 155 34 162 11 121 174 152 43 150 45 189 172 142 3 98 145 83 62 233 147 74 95 125 214 195 40 110 184 138 192 177 72 169 225 49 223 212 68 115 128 77 108 204 96 135 186 244 210 199 20 66 235 201 159 57 0 165 252 91 102 238 255 51 17 106 54 218 140 87 182 242 104 113 37 4 12 251 33 228 112 183 114 198 103 226 88 7 18 120 236 176 86 202 116 185 122 163 153 211 215 217 131 168 53 187 10 99 133 164 245 178 213 124 240 149 84 139 207 158 243 129 39 97 239 254 166 234 56 79 58 208 196 144 220 179 71 92 38 119 219 181 21 75 93 32 237 35 188 246 29 65 216 55 44 24 31 50 94 48 151 14 118 247 90 73 70 197 136 2 143 160 82 15 80 134 76 194 161 61 46 127 157 100 69 126 25 8 253 36 41 59 222 52 170 109 111 193 203 156 123 42 137 89 154 105 63 101 209 227 22 250 230 241 148 107 173 81 205 232 146 171 130 78 249 5 1 167 224 67 141 175 206 19 190 16 27 28 200 
	Fitness: 44794250

Generacion 35
	Solucion: 248 6 23 13 231 9 30 85 26 60 64 117 229 221 180 132 47 191 155 34 162 11 121 174 152 43 150 45 189 172 142 3 98 145 83 62 233 147 74 95 125 214 195 40 110 184 138 192 177 72 169 225 49 223 212 68 115 128 77 108 204 96 135 186 244 210 199 20 66 235 201 159 57 0 165 252 91 102 238 255 51 17 106 54 218 140 87 182 242 104 113 37 4 12 251 33 228 112 183 114 198 103 226 88 7 18 120 236 176 86 202 116 185 122 163 153 211 215 217 131 168 53 187 10 99 133 164 245 178 213 124 240 149 84 139 207 158 243 129 39 97 239 254 166 234 56 79 58 208 196 144 220 179 71 92 38 119 219 181 21 75 93 32 237 35 188 246 29 65 216 55 44 24 31 50 94 48 151 14 118 247 90 73 70 197 136 2 143 160 82 15 80 134 76 194 161 61 46 127 157 100 69 126 25 8 253 36 41 59 222 52 170 109 111 193 203 156 123 42 137 89 154 105 63 101 209 227 22 250 230 241 148 107 173 81 205 232 146 171 130 78 249 5 1 167 224 67 141 175 206 19 190 16 27 28 200 
	Fitness: 44794250

Generacion 36
	Solucion: 248 6 23 13 231 9 30 85 26 60 64 117 229 221 180 132 47 191 155 34 162 11 121 174 152 43 150 45 189 172 142 3 98 145 83 62 233 147 74 95 125 214 195 40 110 184 138 192 177 72 169 225 49 223 212 68 115 128 77 108 204 96 135 186 244 210 199 20 66 235 201 159 57 0 165 252 91 102 238 255 51 17 106 54 218 140 87 182 242 104 113 37 4 12 251 33 228 112 183 114 198 103 226 88 7 18 120 236 176 86 202 116 185 122 163 153 211 215 217 131 168 53 187 10 99 133 164 245 178 213 124 240 149 84 139 207 158 243 129 39 97 239 254 166 234 56 79 58 208 196 144 220 179 71 92 38 119 219 181 21 75 93 32 237 35 188 246 29 65 216 55 44 24 31 50 94 48 151 14 118 247 90 73 70 197 136 2 143 160 82 15 80 134 76 194 161 61 46 127 157 100 69 126 25 8 253 36 41 59 222 52 170 109 111 193 203 156 123 42 137 89 154 105 63 101 209 227 22 250 230 241 148 107 173 81 205 232 146 171 130 78 249 5 1 167 224 67 141 175 206 19 190 16 27 28 200 
	Fitness: 44794250

Generacion 37
	Solucion: 248 6 23 13 231 9 30 85 26 60 64 117 229 221 180 132 47 191 155 34 162 11 121 174 152 43 150 45 189 172 142 3 98 145 83 62 233 147 74 95 125 214 195 40 110 184 138 192 177 72 169 225 49 223 212 68 115 128 77 108 204 96 135 186 244 210 199 20 66 235 201 159 57 0 165 252 91 102 238 255 51 17 106 54 218 140 87 182 242 104 113 37 4 12 251 33 228 112 183 114 198 103 226 88 7 18 120 236 176 86 202 116 185 122 163 153 211 215 217 131 168 53 187 10 99 133 164 245 178 213 124 240 149 84 139 207 158 243 129 39 97 239 254 166 234 56 79 58 208 196 144 220 179 71 92 38 119 219 181 21 75 93 32 237 35 188 246 29 65 216 55 44 24 31 50 94 48 151 14 118 247 90 73 70 197 136 2 143 160 82 15 80 134 76 194 161 61 46 127 157 100 69 126 25 8 253 36 41 59 222 52 170 109 111 193 203 156 123 42 137 89 154 105 63 101 209 227 22 250 230 241 148 107 173 81 205 232 146 171 130 78 249 5 1 167 224 67 141 175 206 19 190 16 27 28 200 
	Fitness: 44794250

Generacion 38
	Solucion: 248 6 23 13 231 9 30 85 26 60 64 117 229 221 180 132 47 191 155 34 162 11 121 174 152 43 150 45 189 172 142 3 98 145 83 62 233 147 74 95 125 214 195 40 110 184 138 192 177 72 169 225 49 223 212 68 115 128 77 108 204 96 135 186 244 210 199 20 66 235 201 159 57 0 165 252 91 102 238 255 51 17 106 54 218 140 87 182 242 104 113 37 4 12 251 33 228 112 183 114 198 103 226 88 7 18 120 236 176 86 202 116 185 122 163 153 211 215 217 131 168 53 187 10 99 133 164 245 178 213 124 240 149 84 139 207 158 243 129 39 97 239 254 166 234 56 79 58 208 196 144 220 179 71 92 38 119 219 181 21 75 93 32 237 35 188 246 29 65 216 55 44 24 31 50 94 48 151 14 118 247 90 73 70 197 136 2 143 160 82 15 80 134 76 194 161 61 46 127 157 100 69 126 25 8 253 36 41 59 222 52 170 109 111 193 203 156 123 42 137 89 154 105 63 101 209 227 22 250 230 241 148 107 173 81 205 232 146 171 130 78 249 5 1 167 224 67 141 175 206 19 190 16 27 28 200 
	Fitness: 44794250

Generacion 39
	Solucion: 248 6 23 13 231 9 30 85 26 60 64 117 229 221 180 132 47 191 155 34 162 11 121 174 152 43 150 45 189 172 142 3 98 145 83 62 233 147 74 95 125 214 195 40 110 184 138 192 177 72 169 225 49 223 212 68 115 128 77 108 204 96 135 186 244 210 199 20 66 235 201 159 57 0 165 252 91 102 238 255 51 17 106 54 218 140 87 182 242 104 113 37 4 12 251 33 228 112 183 114 198 103 226 88 7 18 120 236 176 86 202 116 185 122 163 153 211 215 217 131 168 53 187 10 99 133 164 245 178 213 124 240 149 84 139 207 158 243 129 39 97 239 254 166 234 56 79 58 208 196 144 220 179 71 92 38 119 219 181 21 75 93 32 237 35 188 246 29 65 216 55 44 24 31 50 94 48 151 14 118 247 90 73 70 197 136 2 143 160 82 15 80 134 76 194 161 61 46 127 157 100 69 126 25 8 253 36 41 59 222 52 170 109 111 193 203 156 123 42 137 89 154 105 63 101 209 227 22 250 230 241 148 107 173 81 205 232 146 171 130 78 249 5 1 167 224 67 141 175 206 19 190 16 27 28 200 
	Fitness: 44794250

Generacion 40
	Solucion: 248 6 23 13 231 9 30 85 26 60 64 117 229 221 180 132 47 191 155 34 162 11 121 174 152 43 150 45 189 172 142 3 98 145 83 62 233 147 74 95 125 214 195 40 110 184 138 192 177 72 169 225 49 223 212 68 115 128 77 108 204 96 135 186 244 210 199 20 66 235 201 159 57 0 165 252 91 102 238 255 51 17 106 54 218 140 87 182 242 104 113 37 4 12 251 33 228 112 183 114 198 103 226 88 7 18 120 236 176 86 202 116 185 122 163 153 211 215 217 131 168 53 187 10 99 133 164 245 178 213 124 240 149 84 139 207 158 243 129 39 97 239 254 166 234 56 79 58 208 196 144 220 179 71 92 38 119 219 181 21 75 93 32 237 35 188 246 29 65 216 55 44 24 31 50 94 48 151 14 118 247 90 73 70 197 136 2 143 160 82 15 80 134 76 194 161 61 46 127 157 100 69 126 25 8 253 36 41 59 222 52 170 109 111 193 203 156 123 42 137 89 154 105 63 101 209 227 22 250 230 241 148 107 173 81 205 232 146 171 130 78 249 5 1 167 224 67 141 175 206 19 190 16 27 28 200 
	Fitness: 44794250

Generacion 41
	Solucion: 248 6 23 13 231 9 30 85 26 60 64 117 229 221 180 132 47 191 155 34 162 11 121 174 152 43 150 45 189 172 142 3 98 145 83 62 233 147 74 95 125 214 195 40 110 184 138 192 177 72 169 225 49 223 212 68 115 128 77 108 204 96 135 186 244 210 199 20 66 235 201 159 57 0 165 252 91 102 238 255 51 17 106 54 218 140 87 182 242 104 113 37 4 12 251 33 228 112 183 114 198 103 226 88 7 18 120 236 176 86 202 116 185 122 163 153 211 215 217 131 168 53 187 10 99 133 164 245 178 213 124 240 149 84 139 207 158 243 129 39 97 239 254 166 234 56 79 58 208 196 144 220 179 71 92 38 119 219 181 21 75 93 32 237 35 188 246 29 65 216 55 44 24 31 50 94 48 151 14 118 247 90 73 70 197 136 2 143 160 82 15 80 134 76 194 161 61 46 127 157 100 69 126 25 8 253 36 41 59 222 52 170 109 111 193 203 156 123 42 137 89 154 105 63 101 209 227 22 250 230 241 148 107 173 81 205 232 146 171 130 78 249 5 1 167 224 67 141 175 206 19 190 16 27 28 200 
	Fitness: 44794250

Generacion 42
	Solucion: 248 6 23 13 231 9 30 85 26 60 64 117 229 221 180 132 47 191 155 34 162 11 121 174 152 43 150 45 189 172 142 3 98 145 83 62 233 147 74 95 125 214 195 40 110 184 138 192 177 72 169 225 49 223 212 68 115 128 77 108 204 96 135 186 244 210 199 20 66 235 201 159 57 0 165 252 91 102 238 255 51 17 106 54 218 140 87 182 242 104 113 37 4 12 251 33 228 112 183 114 198 103 226 88 7 18 120 236 176 86 202 116 185 122 163 153 211 215 217 131 168 53 187 10 99 133 164 245 178 213 124 240 149 84 139 207 158 243 129 39 97 239 254 166 234 56 79 58 208 196 144 220 179 71 92 38 119 219 181 21 75 93 32 237 35 188 246 29 65 216 55 44 24 31 50 94 48 151 14 118 247 90 73 70 197 136 2 143 160 82 15 80 134 76 194 161 61 46 127 157 100 69 126 25 8 253 36 41 59 222 52 170 109 111 193 203 156 123 42 137 89 154 105 63 101 209 227 22 250 230 241 148 107 173 81 205 232 146 171 130 78 249 5 1 167 224 67 141 175 206 19 190 16 27 28 200 
	Fitness: 44794250

Generacion 43
	Solucion: 248 6 23 13 231 9 30 85 26 60 64 117 229 221 180 132 47 191 155 34 162 11 121 174 152 43 150 45 189 172 142 3 98 145 83 62 233 147 74 95 125 214 195 40 110 184 138 192 177 72 169 225 49 223 212 68 115 128 77 108 204 96 135 186 244 210 199 20 66 235 201 159 57 0 165 252 91 102 238 255 51 17 106 54 218 140 87 182 242 104 113 37 4 12 251 33 228 112 183 114 198 103 226 88 7 18 120 236 176 86 202 116 185 122 163 153 211 215 217 131 168 53 187 10 99 133 164 245 178 213 124 240 149 84 139 207 158 243 129 39 97 239 254 166 234 56 79 58 208 196 144 220 179 71 92 38 119 219 181 21 75 93 32 237 35 188 246 29 65 216 55 44 24 31 50 94 48 151 14 118 247 90 73 70 197 136 2 143 160 82 15 80 134 76 194 161 61 46 127 157 100 69 126 25 8 253 36 41 59 222 52 170 109 111 193 203 156 123 42 137 89 154 105 63 101 209 227 22 250 230 241 148 107 173 81 205 232 146 171 130 78 249 5 1 167 224 67 141 175 206 19 190 16 27 28 200 
	Fitness: 44794250

Generacion 44
	Solucion: 248 6 23 13 231 9 30 85 26 60 64 117 229 221 180 132 47 191 155 34 162 11 121 174 152 43 150 45 189 172 142 3 98 145 83 62 233 147 74 95 125 214 195 40 110 184 138 192 177 72 169 225 49 223 212 68 115 128 77 108 204 96 135 186 244 210 199 20 66 235 201 159 57 0 165 252 91 102 238 255 51 17 106 54 218 140 87 182 242 104 113 37 4 12 251 33 228 112 183 114 198 103 226 88 7 18 120 236 176 86 202 116 185 122 163 153 211 215 217 131 168 53 187 10 99 133 164 245 178 213 124 240 149 84 139 207 158 243 129 39 97 239 254 166 234 56 79 58 208 196 144 220 179 71 92 38 119 219 181 21 75 93 32 237 35 188 246 29 65 216 55 44 24 31 50 94 48 151 14 118 247 90 73 70 197 136 2 143 160 82 15 80 134 76 194 161 61 46 127 157 100 69 126 25 8 253 36 41 59 222 52 170 109 111 193 203 156 123 42 137 89 154 105 63 101 209 227 22 250 230 241 148 107 173 81 205 232 146 171 130 78 249 5 1 167 224 67 141 175 206 19 190 16 27 28 200 
	Fitness: 44794250

Generacion 45
	Solucion: 248 6 23 13 231 9 30 85 26 60 64 117 229 221 180 132 47 191 155 34 162 11 121 174 152 43 150 45 189 172 142 3 98 145 83 62 233 147 74 95 125 214 195 40 110 184 138 192 177 72 169 225 49 223 212 68 115 128 77 108 204 96 135 186 244 210 199 20 66 235 201 159 57 0 165 252 91 102 238 255 51 17 106 54 218 140 87 182 242 104 113 37 4 12 251 33 228 112 183 114 198 103 226 88 7 18 120 236 176 86 202 116 185 122 163 153 211 215 217 131 168 53 187 10 99 133 164 245 178 213 124 240 149 84 139 207 158 243 129 39 97 239 254 166 234 56 79 58 208 196 144 220 179 71 92 38 119 219 181 21 75 93 32 237 35 188 246 29 65 216 55 44 24 31 50 94 48 151 14 118 247 90 73 70 197 136 2 143 160 82 15 80 134 76 194 161 61 46 127 157 100 69 126 25 8 253 36 41 59 222 52 170 109 111 193 203 156 123 42 137 89 154 105 63 101 209 227 22 250 230 241 148 107 173 81 205 232 146 171 130 78 249 5 1 167 224 67 141 175 206 19 190 16 27 28 200 
	Fitness: 44794250

Generacion 46
	Solucion: 248 6 23 13 231 9 30 85 26 60 64 117 229 221 180 132 47 191 155 34 162 11 121 174 152 43 150 45 189 172 142 3 98 145 83 62 233 147 74 95 125 214 195 40 110 184 138 192 177 72 169 225 49 223 212 68 115 128 77 108 204 96 135 186 244 210 199 20 66 235 201 159 57 0 165 252 91 102 238 255 51 17 106 54 218 140 87 182 242 104 113 37 4 12 251 33 228 112 183 114 198 103 226 88 7 18 120 236 176 86 202 116 185 122 163 153 211 215 217 131 168 53 187 10 99 133 164 245 178 213 124 240 149 84 139 207 158 243 129 39 97 239 254 166 234 56 79 58 208 196 144 220 179 71 92 38 119 219 181 21 75 93 32 237 35 188 246 29 65 216 55 44 24 31 50 94 48 151 14 118 247 90 73 70 197 136 2 143 160 82 15 80 134 76 194 161 61 46 127 157 100 69 126 25 8 253 36 41 59 222 52 170 109 111 193 203 156 123 42 137 89 154 105 63 101 209 227 22 250 230 241 148 107 173 81 205 232 146 171 130 78 249 5 1 167 224 67 141 175 206 19 190 16 27 28 200 
	Fitness: 44794250

Generacion 47
	Solucion: 248 6 23 13 231 9 30 85 26 60 64 117 229 221 180 132 47 191 155 34 162 11 121 174 152 43 150 45 189 172 142 3 98 145 83 62 233 147 74 95 125 214 195 40 110 184 138 192 177 72 169 225 49 223 212 68 115 128 77 108 204 96 135 186 244 210 199 20 66 235 201 159 57 0 165 252 91 102 238 255 51 17 106 54 218 140 87 182 242 104 113 37 4 12 251 33 228 112 183 114 198 103 226 88 7 18 120 236 176 86 202 116 185 122 163 153 211 215 217 131 168 53 187 10 99 133 164 245 178 213 124 240 149 84 139 207 158 243 129 39 97 239 254 166 234 56 79 58 208 196 144 220 179 71 92 38 119 219 181 21 75 93 32 237 35 188 246 29 65 216 55 44 24 31 50 94 48 151 14 118 247 90 73 70 197 136 2 143 160 82 15 80 134 76 194 161 61 46 127 157 100 69 126 25 8 253 36 41 59 222 52 170 109 111 193 203 156 123 42 137 89 154 105 63 101 209 227 22 250 230 241 148 107 173 81 205 232 146 171 130 78 249 5 1 167 224 67 141 175 206 19 190 16 27 28 200 
	Fitness: 44794250

Generacion 48
	Solucion: 248 6 23 13 231 9 30 85 26 60 64 117 229 221 180 132 47 191 155 34 162 11 121 174 152 43 150 45 189 172 142 3 98 145 83 62 233 147 74 95 125 214 195 40 110 184 138 192 177 72 169 225 49 223 212 68 115 128 77 108 204 96 135 186 244 210 199 20 66 235 201 159 57 0 165 252 91 102 238 255 51 17 106 54 218 140 87 182 242 104 113 37 4 12 251 33 228 112 183 114 198 103 226 88 7 18 120 236 176 86 202 116 185 122 163 153 211 215 217 131 168 53 187 10 99 133 164 245 178 213 124 240 149 84 139 207 158 243 129 39 97 239 254 166 234 56 79 58 208 196 144 220 179 71 92 38 119 219 181 21 75 93 32 237 35 188 246 29 65 216 55 44 24 31 50 94 48 151 14 118 247 90 73 70 197 136 2 143 160 82 15 80 134 76 194 161 61 46 127 157 100 69 126 25 8 253 36 41 59 222 52 170 109 111 193 203 156 123 42 137 89 154 105 63 101 209 227 22 250 230 241 148 107 173 81 205 232 146 171 130 78 249 5 1 167 224 67 141 175 206 19 190 16 27 28 200 
	Fitness: 44794250

Generacion 49
	Solucion: 248 6 23 13 231 9 30 85 26 60 64 117 229 221 180 132 47 191 155 34 162 11 121 174 152 43 150 45 189 172 142 3 98 145 83 62 233 147 74 95 125 214 195 40 110 184 138 192 177 72 169 225 49 223 212 68 115 128 77 108 204 96 135 186 244 210 199 20 66 235 201 159 57 0 165 252 91 102 238 255 51 17 106 54 218 140 87 182 242 104 113 37 4 12 251 33 228 112 183 114 198 103 226 88 7 18 120 236 176 86 202 116 185 122 163 153 211 215 217 131 168 53 187 10 99 133 164 245 178 213 124 240 149 84 139 207 158 243 129 39 97 239 254 166 234 56 79 58 208 196 144 220 179 71 92 38 119 219 181 21 75 93 32 237 35 188 246 29 65 216 55 44 24 31 50 94 48 151 14 118 247 90 73 70 197 136 2 143 160 82 15 80 134 76 194 161 61 46 127 157 100 69 126 25 8 253 36 41 59 222 52 170 109 111 193 203 156 123 42 137 89 154 105 63 101 209 227 22 250 230 241 148 107 173 81 205 232 146 171 130 78 249 5 1 167 224 67 141 175 206 19 190 16 27 28 200 
	Fitness: 44794250

Generacion 50
	Solucion: 248 6 23 13 231 9 30 85 26 60 64 117 229 221 180 132 47 191 155 34 162 11 121 174 152 43 150 45 189 172 142 3 98 145 83 62 233 147 74 95 125 214 195 40 110 184 138 192 177 72 169 225 49 223 212 68 115 128 77 108 204 96 135 186 244 210 199 20 66 235 201 159 57 0 165 252 91 102 238 255 51 17 106 54 218 140 87 182 242 104 113 37 4 12 251 33 228 112 183 114 198 103 226 88 7 18 120 236 176 86 202 116 185 122 163 153 211 215 217 131 168 53 187 10 99 133 164 245 178 213 124 240 149 84 139 207 158 243 129 39 97 239 254 166 234 56 79 58 208 196 144 220 179 71 92 38 119 219 181 21 75 93 32 237 35 188 246 29 65 216 55 44 24 31 50 94 48 151 14 118 247 90 73 70 197 136 2 143 160 82 15 80 134 76 194 161 61 46 127 157 100 69 126 25 8 253 36 41 59 222 52 170 109 111 193 203 156 123 42 137 89 154 105 63 101 209 227 22 250 230 241 148 107 173 81 205 232 146 171 130 78 249 5 1 167 224 67 141 175 206 19 190 16 27 28 200 
	Fitness: 44794250

Generacion 51
	Solucion: 248 6 23 13 231 9 30 85 26 60 64 117 229 221 180 132 47 191 155 34 162 11 121 174 152 43 150 45 189 172 142 3 98 145 83 62 233 147 74 95 125 214 195 40 110 184 138 192 177 72 169 225 49 223 212 68 115 128 77 108 204 96 135 186 244 210 199 20 66 235 201 159 57 0 165 252 91 102 238 255 51 17 106 54 218 140 87 182 242 104 113 37 4 12 251 33 228 112 183 114 198 103 226 88 7 18 120 236 176 86 202 116 185 122 163 153 211 215 217 131 168 53 187 10 99 133 164 245 178 213 124 240 149 84 139 207 158 243 129 39 97 239 254 166 234 56 79 58 208 196 144 220 179 71 92 38 119 219 181 21 75 93 32 237 35 188 246 29 65 216 55 44 24 31 50 94 48 151 14 118 247 90 73 70 197 136 2 143 160 82 15 80 134 76 194 161 61 46 127 157 100 69 126 25 8 253 36 41 59 222 52 170 109 111 193 203 156 123 42 137 89 154 105 63 101 209 227 22 250 230 241 148 107 173 81 205 232 146 171 130 78 249 5 1 167 224 67 141 175 206 19 190 16 27 28 200 
	Fitness: 44794250

Generacion 52
	Solucion: 248 6 23 13 231 9 30 85 26 60 64 117 229 221 180 132 47 191 155 34 162 11 121 174 152 43 150 45 189 172 142 3 98 145 83 62 233 147 74 95 125 214 195 40 110 184 138 192 177 72 169 225 49 223 212 68 115 128 77 108 204 96 135 186 244 210 199 20 66 235 201 159 57 0 165 252 91 102 238 255 51 17 106 54 218 140 87 182 242 104 113 37 4 12 251 33 228 112 183 114 198 103 226 88 7 18 120 236 176 86 202 116 185 122 163 153 211 215 217 131 168 53 187 10 99 133 164 245 178 213 124 240 149 84 139 207 158 243 129 39 97 239 254 166 234 56 79 58 208 196 144 220 179 71 92 38 119 219 181 21 75 93 32 237 35 188 246 29 65 216 55 44 24 31 50 94 48 151 14 118 247 90 73 70 197 136 2 143 160 82 15 80 134 76 194 161 61 46 127 157 100 69 126 25 8 253 36 41 59 222 52 170 109 111 193 203 156 123 42 137 89 154 105 63 101 209 227 22 250 230 241 148 107 173 81 205 232 146 171 130 78 249 5 1 167 224 67 141 175 206 19 190 16 27 28 200 
	Fitness: 44794250

Generacion 53
	Solucion: 248 6 23 13 231 9 30 85 26 60 64 117 229 221 180 132 47 191 155 34 162 11 121 174 152 43 150 45 189 172 142 3 98 145 83 62 233 147 74 95 125 214 195 40 110 184 138 192 177 72 169 225 49 223 212 68 115 128 77 108 204 96 135 186 244 210 199 20 66 235 201 159 57 0 165 252 91 102 238 255 51 17 106 54 218 140 87 182 242 104 113 37 4 12 251 33 228 112 183 114 198 103 226 88 7 18 120 236 176 86 202 116 185 122 163 153 211 215 217 131 168 53 187 10 99 133 164 245 178 213 124 240 149 84 139 207 158 243 129 39 97 239 254 166 234 56 79 58 208 196 144 220 179 71 92 38 119 219 181 21 75 93 32 237 35 188 246 29 65 216 55 44 24 31 50 94 48 151 14 118 247 90 73 70 197 136 2 143 160 82 15 80 134 76 194 161 61 46 127 157 100 69 126 25 8 253 36 41 59 222 52 170 109 111 193 203 156 123 42 137 89 154 105 63 101 209 227 22 250 230 241 148 107 173 81 205 232 146 171 130 78 249 5 1 167 224 67 141 175 206 19 190 16 27 28 200 
	Fitness: 44794250

Generacion 54
	Solucion: 248 6 23 13 231 9 30 85 26 60 64 117 229 221 180 132 47 191 155 34 162 11 121 174 152 43 150 45 189 172 142 3 98 145 83 62 233 147 74 95 125 214 195 40 110 184 138 192 177 72 169 225 49 223 212 68 115 128 77 108 204 96 135 186 244 210 199 20 66 235 201 159 57 0 165 252 91 102 238 255 51 17 106 54 218 140 87 182 242 104 113 37 4 12 251 33 228 112 183 114 198 103 226 88 7 18 120 236 176 86 202 116 185 122 163 153 211 215 217 131 168 53 187 10 99 133 164 245 178 213 124 240 149 84 139 207 158 243 129 39 97 239 254 166 234 56 79 58 208 196 144 220 179 71 92 38 119 219 181 21 75 93 32 237 35 188 246 29 65 216 55 44 24 31 50 94 48 151 14 118 247 90 73 70 197 136 2 143 160 82 15 80 134 76 194 161 61 46 127 157 100 69 126 25 8 253 36 41 59 222 52 170 109 111 193 203 156 123 42 137 89 154 105 63 101 209 227 22 250 230 241 148 107 173 81 205 232 146 171 130 78 249 5 1 167 224 67 141 175 206 19 190 16 27 28 200 
	Fitness: 44794250

Generacion 55
	Solucion: 248 6 23 13 231 9 30 85 26 60 64 117 229 221 180 132 47 191 155 34 162 11 121 174 152 43 150 45 189 172 142 3 98 145 83 62 233 147 74 95 125 214 195 40 110 184 138 192 177 72 169 225 49 223 212 68 115 128 77 108 204 96 135 186 244 210 199 20 66 235 201 159 57 0 165 252 91 102 238 255 51 17 106 54 218 140 87 182 242 104 113 37 4 12 251 33 228 112 183 114 198 103 226 88 7 18 120 236 176 86 202 116 185 122 163 153 211 215 217 131 168 53 187 10 99 133 164 245 178 213 124 240 149 84 139 207 158 243 129 39 97 239 254 166 234 56 79 58 208 196 144 220 179 71 92 38 119 219 181 21 75 93 32 237 35 188 246 29 65 216 55 44 24 31 50 94 48 151 14 118 247 90 73 70 197 136 2 143 160 82 15 80 134 76 194 161 61 46 127 157 100 69 126 25 8 253 36 41 59 222 52 170 109 111 193 203 156 123 42 137 89 154 105 63 101 209 227 22 250 230 241 148 107 173 81 205 232 146 171 130 78 249 5 1 167 224 67 141 175 206 19 190 16 27 28 200 
	Fitness: 44794250

Generacion 56
	Solucion: 248 6 23 13 231 9 30 85 26 60 64 117 229 221 180 132 47 191 155 34 162 11 121 174 152 43 150 45 189 172 142 3 98 145 83 62 233 147 74 95 125 214 195 40 110 184 138 192 177 72 169 225 49 223 212 68 115 128 77 108 204 96 135 186 244 210 199 20 66 235 201 159 57 0 165 252 91 102 238 255 51 17 106 54 218 140 87 182 242 104 113 37 4 12 251 33 228 112 183 114 198 103 226 88 7 18 120 236 176 86 202 116 185 122 163 153 211 215 217 131 168 53 187 10 99 133 164 245 178 213 124 240 149 84 139 207 158 243 129 39 97 239 254 166 234 56 79 58 208 196 144 220 179 71 92 38 119 219 181 21 75 93 32 237 35 188 246 29 65 216 55 44 24 31 50 94 48 151 14 118 247 90 73 70 197 136 2 143 160 82 15 80 134 76 194 161 61 46 127 157 100 69 126 25 8 253 36 41 59 222 52 170 109 111 193 203 156 123 42 137 89 154 105 63 101 209 227 22 250 230 241 148 107 173 81 205 232 146 171 130 78 249 5 1 167 224 67 141 175 206 19 190 16 27 28 200 
	Fitness: 44794250

Generacion 57
	Solucion: 248 6 23 13 231 9 30 85 26 60 64 117 229 221 180 132 47 191 155 34 162 11 121 174 152 43 150 45 189 172 142 3 98 145 83 62 233 147 74 95 125 214 195 40 110 184 138 192 177 72 169 225 49 223 212 68 115 128 77 108 204 96 135 186 244 210 199 20 66 235 201 159 57 0 165 252 91 102 238 255 51 17 106 54 218 140 87 182 242 104 113 37 4 12 251 33 228 112 183 114 198 103 226 88 7 18 120 236 176 86 202 116 185 122 163 153 211 215 217 131 168 53 187 10 99 133 164 245 178 213 124 240 149 84 139 207 158 243 129 39 97 239 254 166 234 56 79 58 208 196 144 220 179 71 92 38 119 219 181 21 75 93 32 237 35 188 246 29 65 216 55 44 24 31 50 94 48 151 14 118 247 90 73 70 197 136 2 143 160 82 15 80 134 76 194 161 61 46 127 157 100 69 126 25 8 253 36 41 59 222 52 170 109 111 193 203 156 123 42 137 89 154 105 63 101 209 227 22 250 230 241 148 107 173 81 205 232 146 171 130 78 249 5 1 167 224 67 141 175 206 19 190 16 27 28 200 
	Fitness: 44794250

Generacion 58
	Solucion: 248 6 23 13 231 9 30 85 26 60 64 117 229 221 180 132 47 191 155 34 162 11 121 174 152 43 150 45 189 172 142 3 98 145 83 62 233 147 74 95 125 214 195 40 110 184 138 192 177 72 169 225 49 223 212 68 115 128 77 108 204 96 135 186 244 210 199 20 66 235 201 159 57 0 165 252 91 102 238 255 51 17 106 54 218 140 87 182 242 104 113 37 4 12 251 33 228 112 183 114 198 103 226 88 7 18 120 236 176 86 202 116 185 122 163 153 211 215 217 131 168 53 187 10 99 133 164 245 178 213 124 240 149 84 139 207 158 243 129 39 97 239 254 166 234 56 79 58 208 196 144 220 179 71 92 38 119 219 181 21 75 93 32 237 35 188 246 29 65 216 55 44 24 31 50 94 48 151 14 118 247 90 73 70 197 136 2 143 160 82 15 80 134 76 194 161 61 46 127 157 100 69 126 25 8 253 36 41 59 222 52 170 109 111 193 203 156 123 42 137 89 154 105 63 101 209 227 22 250 230 241 148 107 173 81 205 232 146 171 130 78 249 5 1 167 224 67 141 175 206 19 190 16 27 28 200 
	Fitness: 44794250

Generacion 59
	Solucion: 248 6 23 13 231 9 30 85 26 60 64 117 229 221 180 132 47 191 155 34 162 11 121 174 152 43 150 45 189 172 142 3 98 145 83 62 233 147 74 95 125 214 195 40 110 184 138 192 177 72 169 225 49 223 212 68 115 128 77 108 204 96 135 186 244 210 199 20 66 235 201 159 57 0 165 252 91 102 238 255 51 17 106 54 218 140 87 182 242 104 113 37 4 12 251 33 228 112 183 114 198 103 226 88 7 18 120 236 176 86 202 116 185 122 163 153 211 215 217 131 168 53 187 10 99 133 164 245 178 213 124 240 149 84 139 207 158 243 129 39 97 239 254 166 234 56 79 58 208 196 144 220 179 71 92 38 119 219 181 21 75 93 32 237 35 188 246 29 65 216 55 44 24 31 50 94 48 151 14 118 247 90 73 70 197 136 2 143 160 82 15 80 134 76 194 161 61 46 127 157 100 69 126 25 8 253 36 41 59 222 52 170 109 111 193 203 156 123 42 137 89 154 105 63 101 209 227 22 250 230 241 148 107 173 81 205 232 146 171 130 78 249 5 1 167 224 67 141 175 206 19 190 16 27 28 200 
	Fitness: 44794250

Generacion 60
	Solucion: 248 6 23 13 231 9 30 85 26 60 64 117 229 221 180 132 47 191 155 34 162 11 121 174 152 43 150 45 189 172 142 3 98 145 83 62 233 147 74 95 125 214 195 40 110 184 138 192 177 72 169 225 49 223 212 68 115 128 77 108 204 96 135 186 244 210 199 20 66 235 201 159 57 0 165 252 91 102 238 255 51 17 106 54 218 140 87 182 242 104 113 37 4 12 251 33 228 112 183 114 198 103 226 88 7 18 120 236 176 86 202 116 185 122 163 153 211 215 217 131 168 53 187 10 99 133 164 245 178 213 124 240 149 84 139 207 158 243 129 39 97 239 254 166 234 56 79 58 208 196 144 220 179 71 92 38 119 219 181 21 75 93 32 237 35 188 246 29 65 216 55 44 24 31 50 94 48 151 14 118 247 90 73 70 197 136 2 143 160 82 15 80 134 76 194 161 61 46 127 157 100 69 126 25 8 253 36 41 59 222 52 170 109 111 193 203 156 123 42 137 89 154 105 63 101 209 227 22 250 230 241 148 107 173 81 205 232 146 171 130 78 249 5 1 167 224 67 141 175 206 19 190 16 27 28 200 
	Fitness: 44794250

Generacion 61
	Solucion: 248 6 23 13 231 9 30 85 26 60 64 117 229 221 180 132 47 191 155 34 162 11 121 174 152 43 150 45 189 172 142 3 98 145 83 62 233 147 74 95 125 214 195 40 110 184 138 192 177 72 169 225 49 223 212 68 115 128 77 108 204 96 135 186 244 210 199 20 66 235 201 159 57 0 165 252 91 102 238 255 51 17 106 54 218 140 87 182 242 104 113 37 4 12 251 33 228 112 183 114 198 103 226 88 7 18 120 236 176 86 202 116 185 122 163 153 211 215 217 131 168 53 187 10 99 133 164 245 178 213 124 240 149 84 139 207 158 243 129 39 97 239 254 166 234 56 79 58 208 196 144 220 179 71 92 38 119 219 181 21 75 93 32 237 35 188 246 29 65 216 55 44 24 31 50 94 48 151 14 118 247 90 73 70 197 136 2 143 160 82 15 80 134 76 194 161 61 46 127 157 100 69 126 25 8 253 36 41 59 222 52 170 109 111 193 203 156 123 42 137 89 154 105 63 101 209 227 22 250 230 241 148 107 173 81 205 232 146 171 130 78 249 5 1 167 224 67 141 175 206 19 190 16 27 28 200 
	Fitness: 44794250

Generacion 62
	Solucion: 248 6 23 13 231 9 30 85 26 60 64 117 229 221 180 132 47 191 155 34 162 11 121 174 152 43 150 45 189 172 142 3 98 145 83 62 233 147 74 95 125 214 195 40 110 184 138 192 177 72 169 225 49 223 212 68 115 128 77 108 204 96 135 186 244 210 199 20 66 235 201 159 57 0 165 252 91 102 238 255 51 17 106 54 218 140 87 182 242 104 113 37 4 12 251 33 228 112 183 114 198 103 226 88 7 18 120 236 176 86 202 116 185 122 163 153 211 215 217 131 168 53 187 10 99 133 164 245 178 213 124 240 149 84 139 207 158 243 129 39 97 239 254 166 234 56 79 58 208 196 144 220 179 71 92 38 119 219 181 21 75 93 32 237 35 188 246 29 65 216 55 44 24 31 50 94 48 151 14 118 247 90 73 70 197 136 2 143 160 82 15 80 134 76 194 161 61 46 127 157 100 69 126 25 8 253 36 41 59 222 52 170 109 111 193 203 156 123 42 137 89 154 105 63 101 209 227 22 250 230 241 148 107 173 81 205 232 146 171 130 78 249 5 1 167 224 67 141 175 206 19 190 16 27 28 200 
	Fitness: 44794250

Generacion 63
	Solucion: 248 6 23 13 231 9 30 85 26 60 64 117 229 221 180 132 47 191 155 34 162 11 121 174 152 43 150 45 189 172 142 3 98 145 83 62 233 147 74 95 125 214 195 40 110 184 138 192 177 72 169 225 49 223 212 68 115 128 77 108 204 96 135 186 244 210 199 20 66 235 201 159 57 0 165 252 91 102 238 255 51 17 106 54 218 140 87 182 242 104 113 37 4 12 251 33 228 112 183 114 198 103 226 88 7 18 120 236 176 86 202 116 185 122 163 153 211 215 217 131 168 53 187 10 99 133 164 245 178 213 124 240 149 84 139 207 158 243 129 39 97 239 254 166 234 56 79 58 208 196 144 220 179 71 92 38 119 219 181 21 75 93 32 237 35 188 246 29 65 216 55 44 24 31 50 94 48 151 14 118 247 90 73 70 197 136 2 143 160 82 15 80 134 76 194 161 61 46 127 157 100 69 126 25 8 253 36 41 59 222 52 170 109 111 193 203 156 123 42 137 89 154 105 63 101 209 227 22 250 230 241 148 107 173 81 205 232 146 171 130 78 249 5 1 167 224 67 141 175 206 19 190 16 27 28 200 
	Fitness: 44794250

Generacion 64
	Solucion: 248 6 23 13 231 9 30 85 26 60 64 117 229 221 180 132 47 191 155 34 162 11 121 174 152 43 150 45 189 172 142 3 98 145 83 62 233 147 74 95 125 214 195 40 110 184 138 192 177 72 169 225 49 223 212 68 115 128 77 108 204 96 135 186 244 210 199 20 66 235 201 159 57 0 165 252 91 102 238 255 51 17 106 54 218 140 87 182 242 104 113 37 4 12 251 33 228 112 183 114 198 103 226 88 7 18 120 236 176 86 202 116 185 122 163 153 211 215 217 131 168 53 187 10 99 133 164 245 178 213 124 240 149 84 139 207 158 243 129 39 97 239 254 166 234 56 79 58 208 196 144 220 179 71 92 38 119 219 181 21 75 93 32 237 35 188 246 29 65 216 55 44 24 31 50 94 48 151 14 118 247 90 73 70 197 136 2 143 160 82 15 80 134 76 194 161 61 46 127 157 100 69 126 25 8 253 36 41 59 222 52 170 109 111 193 203 156 123 42 137 89 154 105 63 101 209 227 22 250 230 241 148 107 173 81 205 232 146 171 130 78 249 5 1 167 224 67 141 175 206 19 190 16 27 28 200 
	Fitness: 44794250

Generacion 65
	Solucion: 248 6 23 13 231 9 30 85 26 60 64 117 229 221 180 132 47 191 155 34 162 11 121 174 152 43 150 45 189 172 142 3 98 145 83 62 233 147 74 95 125 214 195 40 110 184 138 192 177 72 169 225 49 223 212 68 115 128 77 108 204 96 135 186 244 210 199 20 66 235 201 159 57 0 165 252 91 102 238 255 51 17 106 54 218 140 87 182 242 104 113 37 4 12 251 33 228 112 183 114 198 103 226 88 7 18 120 236 176 86 202 116 185 122 163 153 211 215 217 131 168 53 187 10 99 133 164 245 178 213 124 240 149 84 139 207 158 243 129 39 97 239 254 166 234 56 79 58 208 196 144 220 179 71 92 38 119 219 181 21 75 93 32 237 35 188 246 29 65 216 55 44 24 31 50 94 48 151 14 118 247 90 73 70 197 136 2 143 160 82 15 80 134 76 194 161 61 46 127 157 100 69 126 25 8 253 36 41 59 222 52 170 109 111 193 203 156 123 42 137 89 154 105 63 101 209 227 22 250 230 241 148 107 173 81 205 232 146 171 130 78 249 5 1 167 224 67 141 175 206 19 190 16 27 28 200 
	Fitness: 44794250

Generacion 66
	Solucion: 248 6 23 13 231 9 30 85 26 60 64 117 229 221 180 132 47 191 155 34 162 11 121 174 152 43 150 45 189 172 142 3 98 145 83 62 233 147 74 95 125 214 195 40 110 184 138 192 177 72 169 225 49 223 212 68 115 128 77 108 204 96 135 186 244 210 199 20 66 235 201 159 57 0 165 252 91 102 238 255 51 17 106 54 218 140 87 182 242 104 113 37 4 12 251 33 228 112 183 114 198 103 226 88 7 18 120 236 176 86 202 116 185 122 163 153 211 215 217 131 168 53 187 10 99 133 164 245 178 213 124 240 149 84 139 207 158 243 129 39 97 239 254 166 234 56 79 58 208 196 144 220 179 71 92 38 119 219 181 21 75 93 32 237 35 188 246 29 65 216 55 44 24 31 50 94 48 151 14 118 247 90 73 70 197 136 2 143 160 82 15 80 134 76 194 161 61 46 127 157 100 69 126 25 8 253 36 41 59 222 52 170 109 111 193 203 156 123 42 137 89 154 105 63 101 209 227 22 250 230 241 148 107 173 81 205 232 146 171 130 78 249 5 1 167 224 67 141 175 206 19 190 16 27 28 200 
	Fitness: 44794250

Generacion 67
	Solucion: 248 6 23 13 231 9 30 85 26 60 64 117 229 221 180 132 47 191 155 34 162 11 121 174 152 43 150 45 189 172 142 3 98 145 83 62 233 147 74 95 125 214 195 40 110 184 138 192 177 72 169 225 49 223 212 68 115 128 77 108 204 96 135 186 244 210 199 20 66 235 201 159 57 0 165 252 91 102 238 255 51 17 106 54 218 140 87 182 242 104 113 37 4 12 251 33 228 112 183 114 198 103 226 88 7 18 120 236 176 86 202 116 185 122 163 153 211 215 217 131 168 53 187 10 99 133 164 245 178 213 124 240 149 84 139 207 158 243 129 39 97 239 254 166 234 56 79 58 208 196 144 220 179 71 92 38 119 219 181 21 75 93 32 237 35 188 246 29 65 216 55 44 24 31 50 94 48 151 14 118 247 90 73 70 197 136 2 143 160 82 15 80 134 76 194 161 61 46 127 157 100 69 126 25 8 253 36 41 59 222 52 170 109 111 193 203 156 123 42 137 89 154 105 63 101 209 227 22 250 230 241 148 107 173 81 205 232 146 171 130 78 249 5 1 167 224 67 141 175 206 19 190 16 27 28 200 
	Fitness: 44794250

Generacion 68
	Solucion: 248 6 23 13 231 9 30 85 26 60 64 117 229 221 180 132 47 191 155 34 162 11 121 174 152 43 150 45 189 172 142 3 98 145 83 62 233 147 74 95 125 214 195 40 110 184 138 192 177 72 169 225 49 223 212 68 115 128 77 108 204 96 135 186 244 210 199 20 66 235 201 159 57 0 165 252 91 102 238 255 51 17 106 54 218 140 87 182 242 104 113 37 4 12 251 33 228 112 183 114 198 103 226 88 7 18 120 236 176 86 202 116 185 122 163 153 211 215 217 131 168 53 187 10 99 133 164 245 178 213 124 240 149 84 139 207 158 243 129 39 97 239 254 166 234 56 79 58 208 196 144 220 179 71 92 38 119 219 181 21 75 93 32 237 35 188 246 29 65 216 55 44 24 31 50 94 48 151 14 118 247 90 73 70 197 136 2 143 160 82 15 80 134 76 194 161 61 46 127 157 100 69 126 25 8 253 36 41 59 222 52 170 109 111 193 203 156 123 42 137 89 154 105 63 101 209 227 22 250 230 241 148 107 173 81 205 232 146 171 130 78 249 5 1 167 224 67 141 175 206 19 190 16 27 28 200 
	Fitness: 44794250

Generacion 69
	Solucion: 248 6 23 13 231 9 30 85 26 60 64 117 229 221 180 132 47 191 155 34 162 11 121 174 152 43 150 45 189 172 142 3 98 145 83 62 233 147 74 95 125 214 195 40 110 184 138 192 177 72 169 225 49 223 212 68 115 128 77 108 204 96 135 186 244 210 199 20 66 235 201 159 57 0 165 252 91 102 238 255 51 17 106 54 218 140 87 182 242 104 113 37 4 12 251 33 228 112 183 114 198 103 226 88 7 18 120 236 176 86 202 116 185 122 163 153 211 215 217 131 168 53 187 10 99 133 164 245 178 213 124 240 149 84 139 207 158 243 129 39 97 239 254 166 234 56 79 58 208 196 144 220 179 71 92 38 119 219 181 21 75 93 32 237 35 188 246 29 65 216 55 44 24 31 50 94 48 151 14 118 247 90 73 70 197 136 2 143 160 82 15 80 134 76 194 161 61 46 127 157 100 69 126 25 8 253 36 41 59 222 52 170 109 111 193 203 156 123 42 137 89 154 105 63 101 209 227 22 250 230 241 148 107 173 81 205 232 146 171 130 78 249 5 1 167 224 67 141 175 206 19 190 16 27 28 200 
	Fitness: 44794250

Generacion 70
	Solucion: 248 6 23 13 231 9 30 85 26 60 64 117 229 221 180 132 47 191 155 34 162 11 121 174 152 43 150 45 189 172 142 3 98 145 83 62 233 147 74 95 125 214 195 40 110 184 138 192 177 72 169 225 49 223 212 68 115 128 77 108 204 96 135 186 244 210 199 20 66 235 201 159 57 0 165 252 91 102 238 255 51 17 106 54 218 140 87 182 242 104 113 37 4 12 251 33 228 112 183 114 198 103 226 88 7 18 120 236 176 86 202 116 185 122 163 153 211 215 217 131 168 53 187 10 99 133 164 245 178 213 124 240 149 84 139 207 158 243 129 39 97 239 254 166 234 56 79 58 208 196 144 220 179 71 92 38 119 219 181 21 75 93 32 237 35 188 246 29 65 216 55 44 24 31 50 94 48 151 14 118 247 90 73 70 197 136 2 143 160 82 15 80 134 76 194 161 61 46 127 157 100 69 126 25 8 253 36 41 59 222 52 170 109 111 193 203 156 123 42 137 89 154 105 63 101 209 227 22 250 230 241 148 107 173 81 205 232 146 171 130 78 249 5 1 167 224 67 141 175 206 19 190 16 27 28 200 
	Fitness: 44794250

Generacion 71
	Solucion: 248 6 23 13 231 9 30 85 26 60 64 117 229 221 180 132 47 191 155 34 162 11 121 174 152 43 150 45 189 172 142 3 98 145 83 62 233 147 74 95 125 214 195 40 110 184 138 192 177 72 169 225 49 223 212 68 115 128 77 108 204 96 135 186 244 210 199 20 66 235 201 159 57 0 165 252 91 102 238 255 51 17 106 54 218 140 87 182 242 104 113 37 4 12 251 33 228 112 183 114 198 103 226 88 7 18 120 236 176 86 202 116 185 122 163 153 211 215 217 131 168 53 187 10 99 133 164 245 178 213 124 240 149 84 139 207 158 243 129 39 97 239 254 166 234 56 79 58 208 196 144 220 179 71 92 38 119 219 181 21 75 93 32 237 35 188 246 29 65 216 55 44 24 31 50 94 48 151 14 118 247 90 73 70 197 136 2 143 160 82 15 80 134 76 194 161 61 46 127 157 100 69 126 25 8 253 36 41 59 222 52 170 109 111 193 203 156 123 42 137 89 154 105 63 101 209 227 22 250 230 241 148 107 173 81 205 232 146 171 130 78 249 5 1 167 224 67 141 175 206 19 190 16 27 28 200 
	Fitness: 44794250

Generacion 72
	Solucion: 248 6 23 13 231 9 30 85 26 60 64 117 229 221 180 132 47 191 155 34 162 11 121 174 152 43 150 45 189 172 142 3 98 145 83 62 233 147 74 95 125 214 195 40 110 184 138 192 177 72 169 225 49 223 212 68 115 128 77 108 204 96 135 186 244 210 199 20 66 235 201 159 57 0 165 252 91 102 238 255 51 17 106 54 218 140 87 182 242 104 113 37 4 12 251 33 228 112 183 114 198 103 226 88 7 18 120 236 176 86 202 116 185 122 163 153 211 215 217 131 168 53 187 10 99 133 164 245 178 213 124 240 149 84 139 207 158 243 129 39 97 239 254 166 234 56 79 58 208 196 144 220 179 71 92 38 119 219 181 21 75 93 32 237 35 188 246 29 65 216 55 44 24 31 50 94 48 151 14 118 247 90 73 70 197 136 2 143 160 82 15 80 134 76 194 161 61 46 127 157 100 69 126 25 8 253 36 41 59 222 52 170 109 111 193 203 156 123 42 137 89 154 105 63 101 209 227 22 250 230 241 148 107 173 81 205 232 146 171 130 78 249 5 1 167 224 67 141 175 206 19 190 16 27 28 200 
	Fitness: 44794250

Generacion 73
	Solucion: 248 6 23 13 231 9 30 85 26 60 64 117 229 221 180 132 47 191 155 34 162 11 121 174 152 43 150 45 189 172 142 3 98 145 83 62 233 147 74 95 125 214 195 40 110 184 138 192 177 72 169 225 49 223 212 68 115 128 77 108 204 96 135 186 244 210 199 20 66 235 201 159 57 0 165 252 91 102 238 255 51 17 106 54 218 140 87 182 242 104 113 37 4 12 251 33 228 112 183 114 198 103 226 88 7 18 120 236 176 86 202 116 185 122 163 153 211 215 217 131 168 53 187 10 99 133 164 245 178 213 124 240 149 84 139 207 158 243 129 39 97 239 254 166 234 56 79 58 208 196 144 220 179 71 92 38 119 219 181 21 75 93 32 237 35 188 246 29 65 216 55 44 24 31 50 94 48 151 14 118 247 90 73 70 197 136 2 143 160 82 15 80 134 76 194 161 61 46 127 157 100 69 126 25 8 253 36 41 59 222 52 170 109 111 193 203 156 123 42 137 89 154 105 63 101 209 227 22 250 230 241 148 107 173 81 205 232 146 171 130 78 249 5 1 167 224 67 141 175 206 19 190 16 27 28 200 
	Fitness: 44794250

Generacion 74
	Solucion: 248 6 23 13 231 9 30 85 26 60 64 117 229 221 180 132 47 191 155 34 162 11 121 174 152 43 150 45 189 172 142 3 98 145 83 62 233 147 74 95 125 214 195 40 110 184 138 192 177 72 169 225 49 223 212 68 115 128 77 108 204 96 135 186 244 210 199 20 66 235 201 159 57 0 165 252 91 102 238 255 51 17 106 54 218 140 87 182 242 104 113 37 4 12 251 33 228 112 183 114 198 103 226 88 7 18 120 236 176 86 202 116 185 122 163 153 211 215 217 131 168 53 187 10 99 133 164 245 178 213 124 240 149 84 139 207 158 243 129 39 97 239 254 166 234 56 79 58 208 196 144 220 179 71 92 38 119 219 181 21 75 93 32 237 35 188 246 29 65 216 55 44 24 31 50 94 48 151 14 118 247 90 73 70 197 136 2 143 160 82 15 80 134 76 194 161 61 46 127 157 100 69 126 25 8 253 36 41 59 222 52 170 109 111 193 203 156 123 42 137 89 154 105 63 101 209 227 22 250 230 241 148 107 173 81 205 232 146 171 130 78 249 5 1 167 224 67 141 175 206 19 190 16 27 28 200 
	Fitness: 44794250

Generacion 75
	Solucion: 248 6 23 13 231 9 30 85 26 60 64 117 229 221 180 132 47 191 155 34 162 11 121 174 152 43 150 45 189 172 142 3 98 145 83 62 233 147 74 95 125 214 195 40 110 184 138 192 177 72 169 225 49 223 212 68 115 128 77 108 204 96 135 186 244 210 199 20 66 235 201 159 57 0 165 252 91 102 238 255 51 17 106 54 218 140 87 182 242 104 113 37 4 12 251 33 228 112 183 114 198 103 226 88 7 18 120 236 176 86 202 116 185 122 163 153 211 215 217 131 168 53 187 10 99 133 164 245 178 213 124 240 149 84 139 207 158 243 129 39 97 239 254 166 234 56 79 58 208 196 144 220 179 71 92 38 119 219 181 21 75 93 32 237 35 188 246 29 65 216 55 44 24 31 50 94 48 151 14 118 247 90 73 70 197 136 2 143 160 82 15 80 134 76 194 161 61 46 127 157 100 69 126 25 8 253 36 41 59 222 52 170 109 111 193 203 156 123 42 137 89 154 105 63 101 209 227 22 250 230 241 148 107 173 81 205 232 146 171 130 78 249 5 1 167 224 67 141 175 206 19 190 16 27 28 200 
	Fitness: 44794250

Generacion 76
	Solucion: 248 6 23 13 231 9 30 85 26 60 64 117 229 221 180 132 47 191 155 34 162 11 121 174 152 43 150 45 189 172 142 3 98 145 83 62 233 147 74 95 125 214 195 40 110 184 138 192 177 72 169 225 49 223 212 68 115 128 77 108 204 96 135 186 244 210 199 20 66 235 201 159 57 0 165 252 91 102 238 255 51 17 106 54 218 140 87 182 242 104 113 37 4 12 251 33 228 112 183 114 198 103 226 88 7 18 120 236 176 86 202 116 185 122 163 153 211 215 217 131 168 53 187 10 99 133 164 245 178 213 124 240 149 84 139 207 158 243 129 39 97 239 254 166 234 56 79 58 208 196 144 220 179 71 92 38 119 219 181 21 75 93 32 237 35 188 246 29 65 216 55 44 24 31 50 94 48 151 14 118 247 90 73 70 197 136 2 143 160 82 15 80 134 76 194 161 61 46 127 157 100 69 126 25 8 253 36 41 59 222 52 170 109 111 193 203 156 123 42 137 89 154 105 63 101 209 227 22 250 230 241 148 107 173 81 205 232 146 171 130 78 249 5 1 167 224 67 141 175 206 19 190 16 27 28 200 
	Fitness: 44794250

Generacion 77
	Solucion: 248 6 23 13 231 9 30 85 26 60 64 117 229 221 180 132 47 191 155 34 162 11 121 174 152 43 150 45 189 172 142 3 98 145 83 62 233 147 74 95 125 214 195 40 110 184 138 192 177 72 169 225 49 223 212 68 115 128 77 108 204 96 135 186 244 210 199 20 66 235 201 159 57 0 165 252 91 102 238 255 51 17 106 54 218 140 87 182 242 104 113 37 4 12 251 33 228 112 183 114 198 103 226 88 7 18 120 236 176 86 202 116 185 122 163 153 211 215 217 131 168 53 187 10 99 133 164 245 178 213 124 240 149 84 139 207 158 243 129 39 97 239 254 166 234 56 79 58 208 196 144 220 179 71 92 38 119 219 181 21 75 93 32 237 35 188 246 29 65 216 55 44 24 31 50 94 48 151 14 118 247 90 73 70 197 136 2 143 160 82 15 80 134 76 194 161 61 46 127 157 100 69 126 25 8 253 36 41 59 222 52 170 109 111 193 203 156 123 42 137 89 154 105 63 101 209 227 22 250 230 241 148 107 173 81 205 232 146 171 130 78 249 5 1 167 224 67 141 175 206 19 190 16 27 28 200 
	Fitness: 44794250

Generacion 78
	Solucion: 248 6 23 13 231 9 30 85 26 60 64 117 229 221 180 132 47 191 155 34 162 11 121 174 152 43 150 45 189 172 142 3 98 145 83 62 233 147 74 95 125 214 195 40 110 184 138 192 177 72 169 225 49 223 212 68 115 128 77 108 204 96 135 186 244 210 199 20 66 235 201 159 57 0 165 252 91 102 238 255 51 17 106 54 218 140 87 182 242 104 113 37 4 12 251 33 228 112 183 114 198 103 226 88 7 18 120 236 176 86 202 116 185 122 163 153 211 215 217 131 168 53 187 10 99 133 164 245 178 213 124 240 149 84 139 207 158 243 129 39 97 239 254 166 234 56 79 58 208 196 144 220 179 71 92 38 119 219 181 21 75 93 32 237 35 188 246 29 65 216 55 44 24 31 50 94 48 151 14 118 247 90 73 70 197 136 2 143 160 82 15 80 134 76 194 161 61 46 127 157 100 69 126 25 8 253 36 41 59 222 52 170 109 111 193 203 156 123 42 137 89 154 105 63 101 209 227 22 250 230 241 148 107 173 81 205 232 146 171 130 78 249 5 1 167 224 67 141 175 206 19 190 16 27 28 200 
	Fitness: 44794250

Generacion 79
	Solucion: 248 6 23 13 231 9 30 85 26 60 64 117 229 221 180 132 47 191 155 34 162 11 121 174 152 43 150 45 189 172 142 3 98 145 83 62 233 147 74 95 125 214 195 40 110 184 138 192 177 72 169 225 49 223 212 68 115 128 77 108 204 96 135 186 244 210 199 20 66 235 201 159 57 0 165 252 91 102 238 255 51 17 106 54 218 140 87 182 242 104 113 37 4 12 251 33 228 112 183 114 198 103 226 88 7 18 120 236 176 86 202 116 185 122 163 153 211 215 217 131 168 53 187 10 99 133 164 245 178 213 124 240 149 84 139 207 158 243 129 39 97 239 254 166 234 56 79 58 208 196 144 220 179 71 92 38 119 219 181 21 75 93 32 237 35 188 246 29 65 216 55 44 24 31 50 94 48 151 14 118 247 90 73 70 197 136 2 143 160 82 15 80 134 76 194 161 61 46 127 157 100 69 126 25 8 253 36 41 59 222 52 170 109 111 193 203 156 123 42 137 89 154 105 63 101 209 227 22 250 230 241 148 107 173 81 205 232 146 171 130 78 249 5 1 167 224 67 141 175 206 19 190 16 27 28 200 
	Fitness: 44794250

Generacion 80
	Solucion: 248 6 23 13 231 9 30 85 26 60 64 117 229 221 180 132 47 191 155 34 162 11 121 174 152 43 150 45 189 172 142 3 98 145 83 62 233 147 74 95 125 214 195 40 110 184 138 192 177 72 169 225 49 223 212 68 115 128 77 108 204 96 135 186 244 210 199 20 66 235 201 159 57 0 165 252 91 102 238 255 51 17 106 54 218 140 87 182 242 104 113 37 4 12 251 33 228 112 183 114 198 103 226 88 7 18 120 236 176 86 202 116 185 122 163 153 211 215 217 131 168 53 187 10 99 133 164 245 178 213 124 240 149 84 139 207 158 243 129 39 97 239 254 166 234 56 79 58 208 196 144 220 179 71 92 38 119 219 181 21 75 93 32 237 35 188 246 29 65 216 55 44 24 31 50 94 48 151 14 118 247 90 73 70 197 136 2 143 160 82 15 80 134 76 194 161 61 46 127 157 100 69 126 25 8 253 36 41 59 222 52 170 109 111 193 203 156 123 42 137 89 154 105 63 101 209 227 22 250 230 241 148 107 173 81 205 232 146 171 130 78 249 5 1 167 224 67 141 175 206 19 190 16 27 28 200 
	Fitness: 44794250

Generacion 81
	Solucion: 9 246 13 195 248 3 7 130 26 100 96 117 132 69 180 30 47 216 206 22 159 11 121 174 152 43 150 45 244 172 142 64 98 60 83 62 233 147 74 95 54 214 155 40 110 221 106 192 177 72 242 225 49 223 212 34 160 128 77 108 203 229 135 186 189 210 184 20 66 235 169 162 57 0 165 252 91 102 255 238 52 17 138 125 199 140 87 182 218 104 113 37 78 122 208 33 6 19 12 114 198 103 111 88 193 116 154 170 176 86 202 215 118 161 131 153 211 196 217 4 139 61 234 10 99 23 164 245 178 213 124 240 149 24 21 194 16 243 1 84 97 236 119 166 59 56 133 58 42 112 144 220 179 53 232 222 163 219 63 168 75 93 32 237 28 39 200 29 65 250 55 44 239 31 50 94 48 151 14 185 247 90 73 70 197 136 2 143 92 82 15 79 134 80 228 27 146 209 127 76 89 85 126 25 254 253 157 41 187 38 51 68 109 188 183 204 156 123 226 137 141 35 105 201 241 191 227 167 158 115 8 148 107 173 81 205 175 230 171 101 231 224 5 129 207 249 46 251 145 71 18 190 181 67 36 120 
	Fitness: 44791020

Generacion 82
	Solucion: 9 246 13 195 248 3 7 130 26 100 96 117 132 69 180 30 47 216 206 22 159 11 121 174 152 43 150 45 244 172 142 64 98 60 83 62 233 147 74 95 54 214 155 40 110 221 106 192 177 72 242 225 49 223 212 34 160 128 77 108 203 229 135 186 189 210 184 20 66 235 169 162 57 0 165 252 91 102 255 238 52 17 138 125 199 140 87 182 218 104 113 37 78 122 208 33 6 19 12 114 198 103 111 88 193 116 154 170 176 86 202 215 118 161 131 153 211 196 217 4 139 61 234 10 99 23 164 245 178 213 124 240 149 24 21 194 16 243 1 84 97 236 119 166 59 56 133 58 42 112 144 220 179 53 232 222 163 219 63 168 75 93 32 237 28 39 200 29 65 250 55 44 239 31 50 94 48 151 14 185 247 90 73 70 197 136 2 143 92 82 15 79 134 80 228 27 146 209 127 76 89 85 126 25 254 253 157 41 187 38 51 68 109 188 183 204 156 123 226 137 141 35 105 201 241 191 227 167 158 115 8 148 107 173 81 205 175 230 171 101 231 224 5 129 207 249 46 251 145 71 18 190 181 67 36 120 
	Fitness: 44791020

Generacion 83
	Solucion: 9 246 13 195 248 3 7 130 26 100 96 117 132 69 180 30 47 216 206 22 159 11 121 174 152 43 150 45 244 172 142 64 98 60 83 62 233 147 74 95 54 214 155 40 110 221 106 192 177 72 242 225 49 223 212 34 160 128 77 108 203 229 135 186 189 210 184 20 66 235 169 162 57 0 165 252 91 102 255 238 52 17 138 125 199 140 87 182 218 104 113 37 78 122 208 33 6 19 12 114 198 103 111 88 193 116 154 170 176 86 202 215 118 161 131 153 211 196 217 4 139 61 234 10 99 23 164 245 178 213 124 240 149 24 21 194 16 243 1 84 97 236 119 166 59 56 133 58 42 112 144 220 179 53 232 222 163 219 63 168 75 93 32 237 28 39 200 29 65 250 55 44 239 31 50 94 48 151 14 185 247 90 73 70 197 136 2 143 92 82 15 79 134 80 228 27 146 209 127 76 89 85 126 25 254 253 157 41 187 38 51 68 109 188 183 204 156 123 226 137 141 35 105 201 241 191 227 167 158 115 8 148 107 173 81 205 175 230 171 101 231 224 5 129 207 249 46 251 145 71 18 190 181 67 36 120 
	Fitness: 44791020

Generacion 84
	Solucion: 9 246 13 195 248 3 7 130 26 100 96 117 132 69 180 30 47 216 206 22 159 11 121 174 152 43 150 45 244 172 142 64 98 60 83 62 233 147 74 95 54 214 155 40 110 221 106 192 177 72 242 225 49 223 212 34 160 128 77 108 203 229 135 186 189 210 184 20 66 235 169 162 57 0 165 252 91 102 255 238 52 17 138 125 199 140 87 182 218 104 113 37 78 122 208 33 6 19 12 114 198 103 111 88 193 116 154 170 176 86 202 215 118 161 131 153 211 196 217 4 139 61 234 10 99 23 164 245 178 213 124 240 149 24 21 194 16 243 1 84 97 236 119 166 59 56 133 58 42 112 144 220 179 53 232 222 163 219 63 168 75 93 32 237 28 39 200 29 65 250 55 44 239 31 50 94 48 151 14 185 247 90 73 70 197 136 2 143 92 82 15 79 134 80 228 27 146 209 127 76 89 85 126 25 254 253 157 41 187 38 51 68 109 188 183 204 156 123 226 137 141 35 105 201 241 191 227 167 158 115 8 148 107 173 81 205 175 230 171 101 231 224 5 129 207 249 46 251 145 71 18 190 181 67 36 120 
	Fitness: 44791020

Generacion 85
	Solucion: 9 246 13 195 248 3 7 130 26 100 96 117 132 69 180 30 47 216 206 22 159 11 121 174 152 43 150 45 244 172 142 64 98 60 83 62 233 147 74 95 54 214 155 40 110 221 106 192 177 72 242 225 49 223 212 34 160 128 77 108 203 229 135 186 189 210 184 20 66 235 169 162 57 0 165 252 91 102 255 238 52 17 138 125 199 140 87 182 218 104 113 37 78 122 208 33 6 19 12 114 198 103 111 88 193 116 154 170 176 86 202 215 118 161 131 153 211 196 217 4 139 61 234 10 99 23 164 245 178 213 124 240 149 24 21 194 16 243 1 84 97 236 119 166 59 56 133 58 42 112 144 220 179 53 232 222 163 219 63 168 75 93 32 237 28 39 200 29 65 250 55 44 239 31 50 94 48 151 14 185 247 90 73 70 197 136 2 143 92 82 15 79 134 80 228 27 146 209 127 76 89 85 126 25 254 253 157 41 187 38 51 68 109 188 183 204 156 123 226 137 141 35 105 201 241 191 227 167 158 115 8 148 107 173 81 205 175 230 171 101 231 224 5 129 207 249 46 251 145 71 18 190 181 67 36 120 
	Fitness: 44791020

Generacion 86
	Solucion: 9 246 13 195 248 3 7 130 26 100 96 117 132 69 180 30 47 216 206 22 159 11 121 174 152 43 150 45 244 172 142 64 98 60 83 62 233 147 74 95 54 214 155 40 110 221 106 192 177 72 242 225 49 223 212 34 160 128 77 108 203 229 135 186 189 210 184 20 66 235 169 162 57 0 165 252 91 102 255 238 52 17 138 125 199 140 87 182 218 104 113 37 78 122 208 33 6 19 12 114 198 103 111 88 193 116 154 170 176 86 202 215 118 161 131 153 211 196 217 4 139 61 234 10 99 23 164 245 178 213 124 240 149 24 21 194 16 243 1 84 97 236 119 166 59 56 133 58 42 112 144 220 179 53 232 222 163 219 63 168 75 93 32 237 28 39 200 29 65 250 55 44 239 31 50 94 48 151 14 185 247 90 73 70 197 136 2 143 92 82 15 79 134 80 228 27 146 209 127 76 89 85 126 25 254 253 157 41 187 38 51 68 109 188 183 204 156 123 226 137 141 35 105 201 241 191 227 167 158 115 8 148 107 173 81 205 175 230 171 101 231 224 5 129 207 249 46 251 145 71 18 190 181 67 36 120 
	Fitness: 44791020

Generacion 87
	Solucion: 9 246 13 195 248 3 7 130 26 100 96 117 132 69 180 30 47 216 206 22 159 11 121 174 152 43 150 45 244 172 142 64 98 60 83 62 233 147 74 95 54 214 155 40 110 221 106 192 177 72 242 225 49 223 212 34 160 128 77 108 203 229 135 186 189 210 184 20 66 235 169 162 57 0 165 252 91 102 255 238 52 17 138 125 199 140 87 182 218 104 113 37 78 122 208 33 6 19 12 114 198 103 111 88 193 116 154 170 176 86 202 215 118 161 131 153 211 196 217 4 139 61 234 10 99 23 164 245 178 213 124 240 149 24 21 194 16 243 1 84 97 236 119 166 59 56 133 58 42 112 144 220 179 53 232 222 163 219 63 168 75 93 32 237 28 39 200 29 65 250 55 44 239 31 50 94 48 151 14 185 247 90 73 70 197 136 2 143 92 82 15 79 134 80 228 27 146 209 127 76 89 85 126 25 254 253 157 41 187 38 51 68 109 188 183 204 156 123 226 137 141 35 105 201 241 191 227 167 158 115 8 148 107 173 81 205 175 230 171 101 231 224 5 129 207 249 46 251 145 71 18 190 181 67 36 120 
	Fitness: 44791020

Generacion 88
	Solucion: 9 246 13 195 248 3 7 130 26 100 96 117 132 69 180 30 47 216 206 22 159 11 121 174 152 43 150 45 244 172 142 64 98 60 83 62 233 147 74 95 54 214 155 40 110 221 106 192 177 72 242 225 49 223 212 34 160 128 77 108 203 229 135 186 189 210 184 20 66 235 169 162 57 0 165 252 91 102 255 238 52 17 138 125 199 140 87 182 218 104 113 37 78 122 208 33 6 19 12 114 198 103 111 88 193 116 154 170 176 86 202 215 118 161 131 153 211 196 217 4 139 61 234 10 99 23 164 245 178 213 124 240 149 24 21 194 16 243 1 84 97 236 119 166 59 56 133 58 42 112 144 220 179 53 232 222 163 219 63 168 75 93 32 237 28 39 200 29 65 250 55 44 239 31 50 94 48 151 14 185 247 90 73 70 197 136 2 143 92 82 15 79 134 80 228 27 146 209 127 76 89 85 126 25 254 253 157 41 187 38 51 68 109 188 183 204 156 123 226 137 141 35 105 201 241 191 227 167 158 115 8 148 107 173 81 205 175 230 171 101 231 224 5 129 207 249 46 251 145 71 18 190 181 67 36 120 
	Fitness: 44791020

Generacion 89
	Solucion: 9 246 13 195 248 3 7 130 26 100 96 117 132 69 180 30 47 216 206 22 159 11 121 174 152 43 150 45 244 172 142 64 98 60 83 62 233 147 74 95 54 214 155 40 110 221 106 192 177 72 242 225 49 223 212 34 160 128 77 108 203 229 135 186 189 210 184 20 66 235 169 162 57 0 165 252 91 102 255 238 52 17 138 125 199 140 87 182 218 104 113 37 78 122 208 33 6 19 12 114 198 103 111 88 193 116 154 170 176 86 202 215 118 161 131 153 211 196 217 4 139 61 234 10 99 23 164 245 178 213 124 240 149 24 21 194 16 243 1 84 97 236 119 166 59 56 133 58 42 112 144 220 179 53 232 222 163 219 63 168 75 93 32 237 28 39 200 29 65 250 55 44 239 31 50 94 48 151 14 185 247 90 73 70 197 136 2 143 92 82 15 79 134 80 228 27 146 209 127 76 89 85 126 25 254 253 157 41 187 38 51 68 109 188 183 204 156 123 226 137 141 35 105 201 241 191 227 167 158 115 8 148 107 173 81 205 175 230 171 101 231 224 5 129 207 249 46 251 145 71 18 190 181 67 36 120 
	Fitness: 44791020

Generacion 90
	Solucion: 9 246 13 195 248 3 7 130 26 100 96 117 132 69 180 30 47 216 206 22 159 11 121 174 152 43 150 45 244 172 142 64 98 60 83 62 233 147 74 95 54 214 155 40 110 221 106 192 177 72 242 225 49 223 212 34 160 128 77 108 203 229 135 186 189 210 184 20 66 235 169 162 57 0 165 252 91 102 255 238 52 17 138 125 199 140 87 182 218 104 113 37 78 122 208 33 6 19 12 114 198 103 111 88 193 116 154 170 176 86 202 215 118 161 131 153 211 196 217 4 139 61 234 10 99 23 164 245 178 213 124 240 149 24 21 194 16 243 1 84 97 236 119 166 59 56 133 58 42 112 144 220 179 53 232 222 163 219 63 168 75 93 32 237 28 39 200 29 65 250 55 44 239 31 50 94 48 151 14 185 247 90 73 70 197 136 2 143 92 82 15 79 134 80 228 27 146 209 127 76 89 85 126 25 254 253 157 41 187 38 51 68 109 188 183 204 156 123 226 137 141 35 105 201 241 191 227 167 158 115 8 148 107 173 81 205 175 230 171 101 231 224 5 129 207 249 46 251 145 71 18 190 181 67 36 120 
	Fitness: 44791020

Generacion 91
	Solucion: 9 246 13 195 248 3 7 130 26 100 96 117 132 69 180 30 47 216 206 22 159 11 121 174 152 43 150 45 244 172 142 64 98 60 83 62 233 147 74 95 54 214 155 40 110 221 106 192 177 72 242 225 49 223 212 34 160 128 77 108 203 229 135 186 189 210 184 20 66 235 169 162 57 0 165 252 91 102 255 238 52 17 138 125 199 140 87 182 218 104 113 37 78 122 208 33 6 19 12 114 198 103 111 88 193 116 154 170 176 86 202 215 118 161 131 153 211 196 217 4 139 61 234 10 99 23 164 245 178 213 124 240 149 24 21 194 16 243 1 84 97 236 119 166 59 56 133 58 42 112 144 220 179 53 232 222 163 219 63 168 75 93 32 237 28 39 200 29 65 250 55 44 239 31 50 94 48 151 14 185 247 90 73 70 197 136 2 143 92 82 15 79 134 80 228 27 146 209 127 76 89 85 126 25 254 253 157 41 187 38 51 68 109 188 183 204 156 123 226 137 141 35 105 201 241 191 227 167 158 115 8 148 107 173 81 205 175 230 171 101 231 224 5 129 207 249 46 251 145 71 18 190 181 67 36 120 
	Fitness: 44791020

Generacion 92
	Solucion: 9 246 13 195 248 3 7 130 26 100 96 117 132 69 180 30 47 216 206 22 159 11 121 174 152 43 150 45 244 172 142 64 98 60 83 62 233 147 74 95 54 214 155 40 110 221 106 192 177 72 242 225 49 223 212 34 160 128 77 108 203 229 135 186 189 210 184 20 66 235 169 162 57 0 165 252 91 102 255 238 52 17 138 125 199 140 87 182 218 104 113 37 78 122 208 33 6 19 12 114 198 103 111 88 193 116 154 170 176 86 202 215 118 161 131 153 211 196 217 4 139 61 234 10 99 23 164 245 178 213 124 240 149 24 21 194 16 243 1 84 97 236 119 166 59 56 133 58 42 112 144 220 179 53 232 222 163 219 63 168 75 93 32 237 28 39 200 29 65 250 55 44 239 31 50 94 48 151 14 185 247 90 73 70 197 136 2 143 92 82 15 79 134 80 228 27 146 209 127 76 89 85 126 25 254 253 157 41 187 38 51 68 109 188 183 204 156 123 226 137 141 35 105 201 241 191 227 167 158 115 8 148 107 173 81 205 175 230 171 101 231 224 5 129 207 249 46 251 145 71 18 190 181 67 36 120 
	Fitness: 44791020

Generacion 93
	Solucion: 9 246 13 195 248 3 7 130 26 100 96 117 132 69 180 30 47 216 206 22 159 11 121 174 152 43 150 45 244 172 142 64 98 60 83 62 233 147 74 95 54 214 155 40 110 221 106 192 177 72 242 225 49 223 212 34 160 128 77 108 203 229 135 186 189 210 184 20 66 235 169 162 57 0 165 252 91 102 255 238 52 17 138 125 199 140 87 182 218 104 113 37 78 122 208 33 6 19 12 114 198 103 111 88 193 116 154 170 176 86 202 215 118 161 131 153 211 196 217 4 139 61 234 10 99 23 164 245 178 213 124 240 149 24 21 194 16 243 1 84 97 236 119 166 59 56 133 58 42 112 144 220 179 53 232 222 163 219 63 168 75 93 32 237 28 39 200 29 65 250 55 44 239 31 50 94 48 151 14 185 247 90 73 70 197 136 2 143 92 82 15 79 134 80 228 27 146 209 127 76 89 85 126 25 254 253 157 41 187 38 51 68 109 188 183 204 156 123 226 137 141 35 105 201 241 191 227 167 158 115 8 148 107 173 81 205 175 230 171 101 231 224 5 129 207 249 46 251 145 71 18 190 181 67 36 120 
	Fitness: 44791020

Generacion 94
	Solucion: 9 246 13 195 248 3 7 130 26 100 96 117 132 69 180 30 47 216 206 22 159 11 121 174 152 43 150 45 244 172 142 64 98 60 83 62 233 147 74 95 54 214 155 40 110 221 106 192 177 72 242 225 49 223 212 34 160 128 77 108 203 229 135 186 189 210 184 20 66 235 169 162 57 0 165 252 91 102 255 238 52 17 138 125 199 140 87 182 218 104 113 37 78 122 208 33 6 19 12 114 198 103 111 88 193 116 154 170 176 86 202 215 118 161 131 153 211 196 217 4 139 61 234 10 99 23 164 245 178 213 124 240 149 24 21 194 16 243 1 84 97 236 119 166 59 56 133 58 42 112 144 220 179 53 232 222 163 219 63 168 75 93 32 237 28 39 200 29 65 250 55 44 239 31 50 94 48 151 14 185 247 90 73 70 197 136 2 143 92 82 15 79 134 80 228 27 146 209 127 76 89 85 126 25 254 253 157 41 187 38 51 68 109 188 183 204 156 123 226 137 141 35 105 201 241 191 227 167 158 115 8 148 107 173 81 205 175 230 171 101 231 224 5 129 207 249 46 251 145 71 18 190 181 67 36 120 
	Fitness: 44791020

Generacion 95
	Solucion: 9 246 13 195 248 3 7 130 26 100 96 117 132 69 180 30 47 216 206 22 159 11 121 174 152 43 150 45 244 172 142 64 98 60 83 62 233 147 74 95 54 214 155 40 110 221 106 192 177 72 242 225 49 223 212 34 160 128 77 108 203 229 135 186 189 210 184 20 66 235 169 162 57 0 165 252 91 102 255 238 52 17 138 125 199 140 87 182 218 104 113 37 78 122 208 33 6 19 12 114 198 103 111 88 193 116 154 170 176 86 202 215 118 161 131 153 211 196 217 4 139 61 234 10 99 23 164 245 178 213 124 240 149 24 21 194 16 243 1 84 97 236 119 166 59 56 133 58 42 112 144 220 179 53 232 222 163 219 63 168 75 93 32 237 28 39 200 29 65 250 55 44 239 31 50 94 48 151 14 185 247 90 73 70 197 136 2 143 92 82 15 79 134 80 228 27 146 209 127 76 89 85 126 25 254 253 157 41 187 38 51 68 109 188 183 204 156 123 226 137 141 35 105 201 241 191 227 167 158 115 8 148 107 173 81 205 175 230 171 101 231 224 5 129 207 249 46 251 145 71 18 190 181 67 36 120 
	Fitness: 44791020

Generacion 96
	Solucion: 9 246 13 195 248 3 7 130 26 100 96 117 132 69 180 30 47 216 206 22 159 11 121 174 152 43 150 45 244 172 142 64 98 60 83 62 233 147 74 95 54 214 155 40 110 221 106 192 177 72 242 225 49 223 212 34 160 128 77 108 203 229 135 186 189 210 184 20 66 235 169 162 57 0 165 252 91 102 255 238 52 17 138 125 199 140 87 182 218 104 113 37 78 122 208 33 6 19 12 114 198 103 111 88 193 116 154 170 176 86 202 215 118 161 131 153 211 196 217 4 139 61 234 10 99 23 164 245 178 213 124 240 149 24 21 194 16 243 1 84 97 236 119 166 59 56 133 58 42 112 144 220 179 53 232 222 163 219 63 168 75 93 32 237 28 39 200 29 65 250 55 44 239 31 50 94 48 151 14 185 247 90 73 70 197 136 2 143 92 82 15 79 134 80 228 27 146 209 127 76 89 85 126 25 254 253 157 41 187 38 51 68 109 188 183 204 156 123 226 137 141 35 105 201 241 191 227 167 158 115 8 148 107 173 81 205 175 230 171 101 231 224 5 129 207 249 46 251 145 71 18 190 181 67 36 120 
	Fitness: 44791020

Generacion 97
	Solucion: 9 246 13 195 248 3 7 130 26 100 96 117 132 69 180 30 47 216 206 22 159 11 121 174 152 43 150 45 244 172 142 64 98 60 83 62 233 147 74 95 54 214 155 40 110 221 106 192 177 72 242 225 49 223 212 34 160 128 77 108 203 229 135 186 189 210 184 20 66 235 169 162 57 0 165 252 91 102 255 238 52 17 138 125 199 140 87 182 218 104 113 37 78 122 208 33 6 19 12 114 198 103 111 88 193 116 154 170 176 86 202 215 118 161 131 153 211 196 217 4 139 61 234 10 99 23 164 245 178 213 124 240 149 24 21 194 16 243 1 84 97 236 119 166 59 56 133 58 42 112 144 220 179 53 232 222 163 219 63 168 75 93 32 237 28 39 200 29 65 250 55 44 239 31 50 94 48 151 14 185 247 90 73 70 197 136 2 143 92 82 15 79 134 80 228 27 146 209 127 76 89 85 126 25 254 253 157 41 187 38 51 68 109 188 183 204 156 123 226 137 141 35 105 201 241 191 227 167 158 115 8 148 107 173 81 205 175 230 171 101 231 224 5 129 207 249 46 251 145 71 18 190 181 67 36 120 
	Fitness: 44791020

Generacion 98
	Solucion: 9 246 13 195 248 3 7 130 26 100 96 117 132 69 180 30 47 216 206 22 159 11 121 174 152 43 150 45 244 172 142 64 98 60 83 62 233 147 74 95 54 214 155 40 110 221 106 192 177 72 242 225 49 223 212 34 160 128 77 108 203 229 135 186 189 210 184 20 66 235 169 162 57 0 165 252 91 102 255 238 52 17 138 125 199 140 87 182 218 104 113 37 78 122 208 33 6 19 12 114 198 103 111 88 193 116 154 170 176 86 202 215 118 161 131 153 211 196 217 4 139 61 234 10 99 23 164 245 178 213 124 240 149 24 21 194 16 243 1 84 97 236 119 166 59 56 133 58 42 112 144 220 179 53 232 222 163 219 63 168 75 93 32 237 28 39 200 29 65 250 55 44 239 31 50 94 48 151 14 185 247 90 73 70 197 136 2 143 92 82 15 79 134 80 228 27 146 209 127 76 89 85 126 25 254 253 157 41 187 38 51 68 109 188 183 204 156 123 226 137 141 35 105 201 241 191 227 167 158 115 8 148 107 173 81 205 175 230 171 101 231 224 5 129 207 249 46 251 145 71 18 190 181 67 36 120 
	Fitness: 44791020

Generacion 99
	Solucion: 9 246 13 195 248 3 7 130 26 100 96 117 132 69 180 30 47 216 206 22 159 11 121 174 152 43 150 45 244 172 142 64 98 60 83 62 233 147 74 95 54 214 155 40 110 221 106 192 177 72 242 225 49 223 212 34 160 128 77 108 203 229 135 186 189 210 184 20 66 235 169 162 57 0 165 252 91 102 255 238 52 17 138 125 199 140 87 182 218 104 113 37 78 122 208 33 6 19 12 114 198 103 111 88 193 116 154 170 176 86 202 215 118 161 131 153 211 196 217 4 139 61 234 10 99 23 164 245 178 213 124 240 149 24 21 194 16 243 1 84 97 236 119 166 59 56 133 58 42 112 144 220 179 53 232 222 163 219 63 168 75 93 32 237 28 39 200 29 65 250 55 44 239 31 50 94 48 151 14 185 247 90 73 70 197 136 2 143 92 82 15 79 134 80 228 27 146 209 127 76 89 85 126 25 254 253 157 41 187 38 51 68 109 188 183 204 156 123 226 137 141 35 105 201 241 191 227 167 158 115 8 148 107 173 81 205 175 230 171 101 231 224 5 129 207 249 46 251 145 71 18 190 181 67 36 120 
	Fitness: 44791020

Generacion 100
	Solucion: 9 246 13 195 248 3 7 130 26 100 96 117 132 69 180 30 47 216 206 22 159 11 121 174 152 43 150 45 244 172 142 64 98 60 83 62 233 147 74 95 54 214 155 40 110 221 106 192 177 72 242 225 49 223 212 34 160 128 77 108 203 229 135 186 189 210 184 20 66 235 169 162 57 0 165 252 91 102 255 238 52 17 138 125 199 140 87 182 218 104 113 37 78 122 208 33 6 19 12 114 198 103 111 88 193 116 154 170 176 86 202 215 118 161 131 153 211 196 217 4 139 61 234 10 99 23 164 245 178 213 124 240 149 24 21 194 16 243 1 84 97 236 119 166 59 56 133 58 42 112 144 220 179 53 232 222 163 219 63 168 75 93 32 237 28 39 200 29 65 250 55 44 239 31 50 94 48 151 14 185 247 90 73 70 197 136 2 143 92 82 15 79 134 80 228 27 146 209 127 76 89 85 126 25 254 253 157 41 187 38 51 68 109 188 183 204 156 123 226 137 141 35 105 201 241 191 227 167 158 115 8 148 107 173 81 205 175 230 171 101 231 224 5 129 207 249 46 251 145 71 18 190 181 67 36 120 
	Fitness: 44791020

  --> Tiempo: 2595.68
